counter_id,date,time,count,workday,weather
9000000619-1,2020-08-25,15.0,243.190801293567,1,good
9000000619-1,2020-08-25,16.0,244.970414201185,1,good
9000000619-1,2020-08-25,17.0,167.08318457693701,1,good
9000000619-1,2020-08-25,18.0,150.68589518114598,1,good
9000000619-1,2020-08-25,19.0,146.650998824912,1,good
9000000619-1,2020-08-26,6.0,101.24481327800801,1,good
9000000619-1,2020-08-26,7.0,84.0,1,good
9000000619-1,2020-08-26,8.0,142.737896494157,1,good
9000000619-1,2020-08-26,9.0,107.911547911548,1,good
9000000619-1,2020-08-26,10.0,138.28022697512,1,good
9000000619-1,2020-08-26,11.0,169.136745607334,1,good
9000000619-1,2020-08-26,12.0,181.927194860814,1,good
9000000619-1,2020-08-26,15.0,261.984069514844,1,good
9000000619-1,2020-08-26,16.0,336.436363636364,1,good
9000000619-1,2020-08-26,17.0,213.42857142857102,1,good
9000000619-1,2020-08-26,18.0,153.846153846154,1,good
9000000619-1,2020-08-26,19.0,95.30315969257047,1,good
9000000619-1,2020-08-27,7.0,75.3568030447193,1,good
9000000619-1,2020-08-27,8.0,93.36658354114701,1,good
9000000619-1,2020-08-27,10.0,129.083665338645,1,good
9000000619-1,2020-08-27,11.0,140.201005025126,1,good
9000000619-1,2020-08-27,12.0,183.25791855203602,1,good
9000000619-1,2020-08-27,15.0,292.45901639344396,1,good
9000000619-1,2020-08-27,16.0,274.564975934838,1,good
9000000619-1,2020-08-27,17.0,184.22174840085304,1,good
9000000619-1,2020-08-27,18.0,155.62700964630199,1,good
9000000619-1,2020-08-27,19.0,131.994762112615,1,good
9000000619-1,2020-08-28,6.0,136.119402985075,1,good
9000000619-1,2020-08-28,7.0,143.115287314781,1,good
9000000619-1,2020-08-28,8.0,128.43101565344,1,good
9000000619-1,2020-08-28,9.0,141.639344262295,1,good
9000000619-1,2020-08-28,10.0,139.71539456662398,1,good
9000000619-1,2020-08-28,11.0,144.852071005917,1,good
9000000619-1,2020-08-28,12.0,205.18999073216,1,good
9000000619-1,2020-08-28,15.0,299.560117302052,1,good
9000000619-1,2020-08-28,16.0,232.343234323432,1,good
9000000619-1,2020-08-28,17.0,158.49873691808,1,good
9000000619-1,2020-08-28,18.0,146.101815592737,1,good
9000000619-1,2020-08-28,19.0,131.663326653306,1,good
9000000619-1,2020-08-29,6.0,41.8372993912562,0,good
9000000619-1,2020-08-29,7.0,73.9900779588945,0,good
9000000619-1,2020-08-29,8.0,98.2532751091704,0,good
9000000619-1,2020-08-29,9.0,101.44417048256399,0,good
9000000619-1,2020-08-29,10.0,156.08036658442,0,good
9000000619-1,2020-08-29,11.0,116.96259916886999,0,good
9000000619-1,2020-08-29,12.0,126.20166245030701,0,good
9000000619-1,2020-08-29,13.0,137.855579868709,0,good
9000000619-1,2020-08-29,15.0,137.530951538733,0,good
9000000619-1,2020-08-29,16.0,123.593864134405,0,good
9000000619-1,2020-08-29,17.0,115.718827269516,0,good
9000000619-1,2020-08-29,18.0,97.502638058389,0,good
9000000619-1,2020-08-30,6.0,29.3957539466522,0,good
9000000619-1,2020-08-30,7.0,29.6296296296296,0,good
9000000619-1,2020-08-30,8.0,50.4025201260063,0,good
9000000619-1,2020-08-30,9.0,56.430352689704286,0,good
9000000619-1,2020-08-30,10.0,56.9169960474309,0,good
9000000619-1,2020-08-30,11.0,83.6909871244634,0,good
9000000619-1,2020-08-30,12.0,74.6724890829694,0,good
9000000619-1,2020-08-30,13.0,91.2308930008044,0,good
9000000619-1,2020-08-30,14.0,80.735294117647,0,good
9000000619-1,2020-08-30,15.0,84.19229103508009,0,good
9000000619-1,2020-08-30,16.0,84.81333816600221,0,good
9000000619-1,2020-08-30,17.0,87.9914984059511,0,good
9000000619-1,2020-08-30,18.0,101.730837160014,0,good
9000000619-1,2020-08-31,7.0,134.5082833979557,1,good
9000000619-1,2020-08-31,8.0,141.93998604326612,1,good
9000000619-1,2020-08-31,9.0,131.78458289334748,1,good
9000000619-1,2020-08-31,10.0,147.6340694006309,1,good
9000000619-1,2020-08-31,11.0,187.6595744680851,1,good
9000000619-1,2020-08-31,12.0,170.1680672268913,1,good
9000000619-1,2020-08-31,13.0,247.0719880641548,1,good
9000000619-1,2020-08-31,14.0,281.2912692589868,1,good
9000000619-1,2020-08-31,18.0,231.1787072243345,1,good
9000000619-1,2020-09-01,7.0,200.5983545250565,1,good
9000000619-1,2020-09-01,8.0,130.56234718826408,1,good
9000000619-1,2020-09-01,9.0,135.5982274741507,1,good
9000000619-1,2020-09-01,10.0,168.6841077704018,1,good
9000000619-1,2020-09-01,11.0,181.58667972575932,1,good
9000000619-1,2020-09-01,12.0,231.08753315649818,1,good
9000000619-1,2020-09-01,13.0,174.19354838709648,1,good
9000000619-1,2020-09-01,14.0,238.13953488372078,1,good
9000000619-1,2020-09-01,17.0,218.5344827586207,1,good
9000000619-1,2020-09-01,18.0,159.5744680851065,1,good
9000000619-1,2020-09-01,19.0,162.69048870204898,1,good
9000000619-1,2020-09-02,7.0,161.8872097309256,1,good
9000000619-1,2020-09-02,8.0,174.00219699743639,1,good
9000000619-1,2020-09-02,9.0,131.7608784058561,1,good
9000000619-1,2020-09-02,10.0,150.75161059413034,1,good
9000000619-1,2020-09-02,11.0,160.59479553903358,1,good
9000000619-1,2020-09-02,12.0,209.6385542168673,1,good
9000000619-1,2020-09-02,16.0,334.57249070632037,1,good
9000000619-1,2020-09-02,17.0,192.902767920511,1,good
9000000619-1,2020-09-02,18.0,170.01788908765673,1,good
9000000619-1,2020-09-02,19.0,162.84329563812588,1,good
9000000619-1,2020-09-03,7.0,150.2698812522489,1,good
9000000619-1,2020-09-03,8.0,169.53642384105967,1,good
9000000619-1,2020-09-03,9.0,138.21542836829,1,good
9000000619-1,2020-09-03,10.0,157.1603427172582,1,good
9000000619-1,2020-09-03,11.0,173.4767025089605,1,good
9000000619-1,2020-09-03,12.0,134.6200241254523,1,good
9000000619-1,2020-09-03,13.0,154.680306905371,1,good
9000000619-1,2020-09-03,17.0,214.38515081206492,1,good
9000000619-1,2020-09-03,18.0,149.56647398843927,1,good
9000000619-1,2020-09-03,19.0,115.2000000000001,1,good
9000000619-1,2020-09-04,7.0,180.58252427184487,1,good
9000000619-1,2020-09-04,8.0,85.7568238213399,1,good
9000000619-1,2020-09-04,9.0,108.7557603686636,1,good
9000000619-1,2020-09-04,10.0,117.3520561685056,1,good
9000000619-1,2020-09-04,11.0,125.49655451965961,1,good
9000000619-1,2020-09-04,12.0,146.1928934010152,1,good
9000000619-1,2020-09-04,16.0,305.1301115241645,1,good
9000000619-1,2020-09-04,17.0,192.3959827833578,1,good
9000000619-1,2020-09-04,18.0,133.6764705882352,1,good
9000000619-1,2020-09-05,7.0,3.2157213041536403,0,good
9000000619-1,2020-09-05,8.0,5.524296675191821,0,good
9000000619-1,2020-09-05,12.0,1.57894736842105,0,good
9000000619-1,2020-09-05,15.0,138.31376734258282,0,good
9000000619-1,2020-09-05,16.0,86.79525222551929,0,good
9000000619-1,2020-09-05,17.0,101.01718695194668,0,good
9000000619-1,2020-09-05,18.0,87.07581227436819,0,good
9000000619-1,2020-09-06,7.0,27.55842062852538,0,good
9000000619-1,2020-09-06,8.0,23.441860465116307,0,good
9000000619-1,2020-09-06,9.0,28.8721804511278,0,good
9000000619-1,2020-09-06,10.0,50.403877221324706,0,good
9000000619-1,2020-09-06,11.0,63.208300079808396,0,good
9000000619-1,2020-09-06,12.0,56.7865003668378,0,good
9000000619-1,2020-09-06,13.0,83.75089477451681,0,good
9000000619-1,2020-09-06,14.0,86.9836321122369,0,good
9000000619-1,2020-09-06,15.0,146.36233951497877,0,good
9000000619-1,2020-09-06,16.0,93.82363441628,0,good
9000000619-1,2020-09-06,17.0,94.0834845735027,0,good
9000000619-1,2020-09-06,18.0,84.3956043956044,0,good
9000000619-1,2020-09-07,7.0,172.75747508305608,1,good
9000000619-1,2020-09-07,8.0,173.6334405144695,1,good
9000000619-1,2020-09-07,9.0,150.2139800285307,1,good
9000000619-1,2020-09-07,10.0,142.8267800212539,1,good
9000000619-1,2020-09-07,11.0,192.2580645161297,1,good
9000000619-1,2020-09-07,12.0,174.7323340471097,1,good
9000000619-1,2020-09-07,13.0,200.5030542579948,1,good
9000000619-1,2020-09-07,14.0,237.70883054892582,1,good
9000000619-1,2020-09-07,16.0,315.4158964879858,1,good
9000000619-1,2020-09-07,17.0,185.0832729905859,1,good
9000000619-1,2020-09-07,18.0,169.258589511754,1,good
9000000619-1,2020-09-08,7.0,178.4796180683075,1,good
9000000619-1,2020-09-08,8.0,152.9967308390847,1,good
9000000619-1,2020-09-08,9.0,148.92086330935248,1,good
9000000619-1,2020-09-08,10.0,162.3121387283238,1,good
9000000619-1,2020-09-08,11.0,121.9354838709678,1,good
9000000619-1,2020-09-08,12.0,134.79175431215822,1,good
9000000619-1,2020-09-08,15.0,300.1111522786219,1,good
9000000619-1,2020-09-08,16.0,246.59390289800473,1,good
9000000619-1,2020-09-08,17.0,173.0272596843613,1,good
9000000619-1,2020-09-08,18.0,135.9735973597357,1,good
9000000619-1,2020-09-09,7.0,187.46948738812011,1,good
9000000619-1,2020-09-09,8.0,99.47594092424961,1,good
9000000619-1,2020-09-09,9.0,118.58823529411758,1,good
9000000619-1,2020-09-09,10.0,139.8373983739836,1,good
9000000619-1,2020-09-09,11.0,134.13461538461547,1,good
9000000619-1,2020-09-09,12.0,180.30560271646823,1,good
9000000619-1,2020-09-09,15.0,287.0159453302959,1,good
9000000619-1,2020-09-09,16.0,243.2989690721642,1,good
9000000619-1,2020-09-09,17.0,158.8431590656289,1,good
9000000619-1,2020-09-09,18.0,159.6125186289123,1,good
9000000619-1,2020-09-10,7.0,185.75581395348888,1,good
9000000619-1,2020-09-10,8.0,155.675675675675,1,good
9000000619-1,2020-09-10,9.0,159.9353796445881,1,good
9000000619-1,2020-09-10,10.0,116.5677280086347,1,good
9000000619-1,2020-09-10,11.0,151.15562403698,1,good
9000000619-1,2020-09-10,12.0,178.42565597667578,1,good
9000000619-1,2020-09-10,15.0,275.77919639504324,1,good
9000000619-1,2020-09-10,16.0,297.30941704035797,1,good
9000000619-1,2020-09-10,17.0,192.08711433756838,1,good
9000000619-1,2020-09-10,18.0,209.19786096256672,1,good
9000000619-1,2020-09-11,7.0,168.8756515264331,1,good
9000000619-1,2020-09-11,8.0,140.3854773644107,1,good
9000000619-1,2020-09-11,9.0,141.21065375302658,1,good
9000000619-1,2020-09-11,10.0,147.0612755314716,1,good
9000000619-1,2020-09-11,11.0,187.1186440677959,1,good
9000000619-1,2020-09-11,12.0,189.30041152263357,1,good
9000000619-1,2020-09-11,16.0,252.3238380809591,1,good
9000000619-1,2020-09-11,17.0,219.7183098591554,1,good
9000000619-1,2020-09-11,18.0,161.2716763005783,1,good
9000000619-1,2020-09-12,7.0,66.5736217725053,0,good
9000000619-1,2020-09-12,8.0,80.0684345594525,0,good
9000000619-1,2020-09-12,9.0,63.06569343065699,0,good
9000000619-1,2020-09-12,10.0,90.1701323251418,0,good
9000000619-1,2020-09-12,11.0,82.20472440944879,0,good
9000000619-1,2020-09-12,12.0,111.4551083591333,0,good
9000000619-1,2020-09-12,15.0,122.90184921763868,0,good
9000000619-1,2020-09-12,16.0,90.22556390977442,0,good
9000000619-1,2020-09-12,17.0,93.23741007194249,0,good
9000000619-1,2020-09-12,18.0,94.60227272727269,0,good
9000000619-1,2020-09-13,7.0,40.0695652173914,0,good
9000000619-1,2020-09-13,8.0,38.4615384615385,0,good
9000000619-1,2020-09-13,9.0,45.135406218656,0,good
9000000619-1,2020-09-13,10.0,51.6252390057362,0,good
9000000619-1,2020-09-13,11.0,74.6887966804979,0,good
9000000619-1,2020-09-13,12.0,57.8423871461361,0,good
9000000619-1,2020-09-13,15.0,77.7895855472901,0,good
9000000619-1,2020-09-13,16.0,74.02597402597411,0,good
9000000619-1,2020-09-13,17.0,60.3638958259008,0,good
9000000619-1,2020-09-13,18.0,68.07272727272729,0,good
9000000619-1,2020-09-14,7.0,195.17266988488677,1,good
9000000619-1,2020-09-14,8.0,156.5825242718446,1,good
9000000619-1,2020-09-14,9.0,138.0097879282219,1,good
9000000619-1,2020-09-14,10.0,110.077519379845,1,good
9000000619-1,2020-09-14,11.0,123.10139165009949,1,good
9000000619-1,2020-09-14,12.0,144.0559440559442,1,good
9000000619-1,2020-09-14,15.0,326.7816954238558,1,good
9000000619-1,2020-09-14,16.0,261.1469806304592,1,good
9000000619-1,2020-09-14,17.0,170.35950110051328,1,good
9000000619-1,2020-09-14,18.0,143.7927311982727,1,good
9000000619-1,2020-09-15,7.0,192.2930179320873,1,good
9000000619-1,2020-09-15,8.0,117.83097215437219,1,good
9000000619-1,2020-09-15,9.0,99.7690531177829,1,good
9000000619-1,2020-09-15,10.0,130.3822937625755,1,good
9000000619-1,2020-09-15,11.0,94.0024479804162,1,good
9000000619-1,2020-09-15,12.0,125.8252427184466,1,good
9000000619-1,2020-09-15,13.0,172.4452554744526,1,good
9000000619-1,2020-09-15,14.0,224.5472837022141,1,good
9000000619-1,2020-09-15,17.0,223.3480176211457,1,good
9000000619-1,2020-09-15,18.0,210.4890148830616,1,good
9000000619-1,2020-09-16,7.0,188.6519696422115,1,good
9000000619-1,2020-09-16,8.0,142.0118343195266,1,good
9000000619-1,2020-09-16,9.0,144.0587995100041,1,good
9000000619-1,2020-09-16,10.0,124.8843663274746,1,good
9000000619-1,2020-09-16,11.0,164.29143314651702,1,good
9000000619-1,2020-09-16,12.0,148.48143982002262,1,good
9000000619-1,2020-09-16,13.0,199.6737357259386,1,good
9000000619-1,2020-09-16,14.0,241.14832535885142,1,good
9000000619-1,2020-09-16,15.0,338.461538461539,1,good
9000000619-1,2020-09-16,17.0,196.52928416485946,1,good
9000000619-1,2020-09-16,18.0,168.6092241687524,1,good
9000000619-1,2020-09-17,7.0,151.1969760604783,1,good
9000000619-1,2020-09-17,8.0,166.8004377964248,1,good
9000000619-1,2020-09-17,9.0,141.287284144427,1,good
9000000619-1,2020-09-17,10.0,144.6124763705105,1,good
9000000619-1,2020-09-17,11.0,163.6363636363634,1,good
9000000619-1,2020-09-17,12.0,168.7500000000002,1,good
9000000619-1,2020-09-17,13.0,244.9905482041581,1,good
9000000619-1,2020-09-17,14.0,241.08352144469623,1,good
9000000619-1,2020-09-17,17.0,209.30232558139528,1,good
9000000619-1,2020-09-17,18.0,153.98230088495592,1,good
9000000619-1,2020-09-18,7.0,204.3282972641897,1,good
9000000619-1,2020-09-18,8.0,169.2910580691127,1,good
9000000619-1,2020-09-18,9.0,189.8089171974521,1,good
9000000619-1,2020-09-18,10.0,176.86009255962978,1,good
9000000619-1,2020-09-18,11.0,194.0665701881334,1,good
9000000619-1,2020-09-18,12.0,206.5189048239899,1,good
9000000619-1,2020-09-18,16.0,339.5229357798157,1,good
9000000619-1,2020-09-18,17.0,169.5183321351542,1,good
9000000619-1,2020-09-18,18.0,175.6097560975605,1,good
9000000619-1,2020-09-19,7.0,48.5294117647059,0,good
9000000619-1,2020-09-19,8.0,61.923377638780295,0,good
9000000619-1,2020-09-19,9.0,84.21052631578941,0,good
9000000619-1,2020-09-19,10.0,86.30793819925408,0,good
9000000619-1,2020-09-19,12.0,143.7945791726106,0,good
9000000619-1,2020-09-19,15.0,119.09385113268598,0,good
9000000619-1,2020-09-19,16.0,91.6030534351144,0,good
9000000619-1,2020-09-19,17.0,91.71974522293,0,good
9000000619-1,2020-09-19,18.0,96.3597430406852,0,good
9000000619-1,2020-09-20,7.0,22.52346193952035,0,good
9000000619-1,2020-09-20,8.0,37.1287128712871,0,good
9000000619-1,2020-09-20,9.0,37.5,0,good
9000000619-1,2020-09-20,10.0,52.31607629427801,0,good
9000000619-1,2020-09-20,11.0,52.15100965759439,0,good
9000000619-1,2020-09-20,12.0,83.6167565325591,0,good
9000000619-1,2020-09-20,13.0,87.732342007435,0,good
9000000619-1,2020-09-20,14.0,56.2909090909091,0,good
9000000619-1,2020-09-20,15.0,116.08695652173913,0,good
9000000619-1,2020-09-20,16.0,96.9827586206897,0,good
9000000619-1,2020-09-20,17.0,65.2916073968706,0,good
9000000619-1,2020-09-20,18.0,96.05122732123789,0,good
9000000619-1,2020-09-21,7.0,182.75475923852161,1,good
9000000619-1,2020-09-21,8.0,169.2079940784608,1,good
9000000619-1,2020-09-21,9.0,151.7386722866177,1,good
9000000619-1,2020-09-21,10.0,148.9761092150172,1,good
9000000619-1,2020-09-21,11.0,160.85106382978728,1,good
9000000619-1,2020-09-21,12.0,166.8004377964247,1,good
9000000619-1,2020-09-21,13.0,204.530744336569,1,good
9000000619-1,2020-09-21,14.0,273.02996670366247,1,good
9000000619-1,2020-09-21,16.0,336.17647058823405,1,good
9000000619-1,2020-09-21,17.0,247.60532949225822,1,good
9000000619-1,2020-09-21,18.0,185.01992031872553,1,good
9000000619-1,2020-09-22,7.0,237.3451327433629,1,good
9000000619-1,2020-09-22,8.0,158.4824624194704,1,good
9000000619-1,2020-09-22,9.0,145.5696202531645,1,good
9000000619-1,2020-09-22,10.0,138.5108656929106,1,good
9000000619-1,2020-09-22,11.0,170.053475935829,1,good
9000000619-1,2020-09-22,12.0,177.5666788454511,1,good
9000000619-1,2020-09-22,13.0,173.6377025036822,1,good
9000000619-1,2020-09-22,14.0,253.14581791265653,1,good
9000000619-1,2020-09-22,17.0,290.7238995998537,1,good
9000000619-1,2020-09-22,18.0,223.18548387096752,1,good
9000000619-1,2020-09-23,8.0,212.76906238599,1,good
9000000619-1,2020-09-23,9.0,176.92027666545312,1,good
9000000619-1,2020-09-23,10.0,186.0939206406984,1,good
9000000619-1,2020-09-23,11.0,128.6692015209125,1,good
9000000619-1,2020-09-23,12.0,198.36187639612757,1,good
9000000619-1,2020-09-23,13.0,183.9698762775687,1,good
9000000619-1,2020-09-23,14.0,302.2574257425736,1,good
9000000619-1,2020-09-23,18.0,206.2412668840247,1,good
9000000619-1,2020-09-24,7.0,152.4890829694325,1,good
9000000619-1,2020-09-24,8.0,168.44396082698591,1,good
9000000619-1,2020-09-24,9.0,121.631067961165,1,good
9000000619-1,2020-09-24,10.0,105.837239028547,1,good
9000000619-1,2020-09-24,11.0,158.43520782396092,1,good
9000000619-1,2020-09-24,12.0,185.279468732706,1,good
9000000619-1,2020-09-24,13.0,183.9098954143199,1,good
9000000619-1,2020-09-24,14.0,263.92961876832777,1,good
9000000619-1,2020-09-24,16.0,332.4925816023739,1,good
9000000619-1,2020-09-24,17.0,198.0669144981419,1,good
9000000619-1,2020-09-24,18.0,165.5172413793102,1,good
9000000619-1,2020-09-25,8.0,241.09136006614278,1,good
9000000619-1,2020-09-25,9.0,185.62288295069607,1,good
9000000619-1,2020-09-25,10.0,178.8819875776395,1,good
9000000619-1,2020-09-25,11.0,184.4452635458896,1,good
9000000619-1,2020-09-25,12.0,219.6107784431138,1,good
9000000619-1,2020-09-25,13.0,298.7380497131921,1,good
9000000619-1,2020-09-25,14.0,322.8260869565207,1,good
9000000619-1,2020-09-25,15.0,319.0056134723349,1,good
9000000619-1,2020-09-25,17.0,199.8499624906231,1,good
9000000619-1,2020-09-26,7.0,57.7797592510031,0,bad
9000000619-1,2020-09-26,8.0,76.5685926976249,0,bad
9000000619-1,2020-09-26,9.0,82.5688073394496,0,bad
9000000619-1,2020-09-26,10.0,101.91082802547777,0,bad
9000000619-1,2020-09-26,11.0,158.4824624194702,0,bad
9000000619-1,2020-09-26,12.0,154.769368562472,0,bad
9000000619-1,2020-09-26,13.0,148.9655172413793,0,bad
9000000619-1,2020-09-26,14.0,144.10480349344977,0,bad
9000000619-1,2020-09-26,15.0,128.9036544850499,0,bad
9000000619-1,2020-09-26,16.0,113.99116347569952,0,bad
9000000619-1,2020-09-26,17.0,107.7605321507761,0,bad
9000000619-1,2020-09-26,18.0,120.057170080991,0,bad
9000000619-1,2020-09-27,7.0,25.3125,0,bad
9000000619-1,2020-09-27,8.0,42.992623814541595,0,bad
9000000619-1,2020-09-27,9.0,60.2930914166085,0,bad
9000000619-1,2020-09-27,10.0,59.41011235955061,0,bad
9000000619-1,2020-09-27,11.0,50.5543237250554,0,bad
9000000619-1,2020-09-27,12.0,75.3852232319241,0,bad
9000000619-1,2020-09-27,13.0,70.28753993610219,0,bad
9000000619-1,2020-09-27,14.0,109.24669760799719,0,bad
9000000619-1,2020-09-27,15.0,75.4335260115607,0,bad
9000000619-1,2020-09-27,16.0,74.1865509761388,0,bad
9000000619-1,2020-09-27,17.0,108.38709677419351,0,bad
9000000619-1,2020-09-28,8.0,205.1813471502595,1,good
9000000619-1,2020-09-28,9.0,181.3409010287336,1,good
9000000619-1,2020-09-28,10.0,232.8876039031446,1,good
9000000619-1,2020-09-28,11.0,166.09300622482561,1,good
9000000619-1,2020-09-28,12.0,210.67353698932646,1,good
9000000619-1,2020-09-28,13.0,173.9825581395349,1,good
9000000619-1,2020-09-28,14.0,277.02702702702766,1,good
9000000619-1,2020-09-28,17.0,289.7464167585458,1,good
9000000619-1,2020-09-29,8.0,173.1778425655975,1,good
9000000619-1,2020-09-29,9.0,146.10181559273758,1,good
9000000619-1,2020-09-29,10.0,6.46784045993532,1,good
9000000619-1,2020-09-30,7.0,186.234817813765,1,good
9000000619-1,2020-09-30,8.0,159.4526467410875,1,good
9000000619-1,2020-09-30,9.0,127.5134168157424,1,good
9000000619-1,2020-09-30,10.0,172.931757529546,1,good
9000000619-1,2020-09-30,11.0,152.7272727272728,1,good
9000000619-1,2020-09-30,12.0,145.10278113663858,1,good
9000000619-1,2020-09-30,13.0,231.04693140794302,1,good
9000000619-1,2020-09-30,16.0,294.5701357466074,1,good
9000000619-1,2020-09-30,17.0,242.9042904290422,1,good
9000000619-1,2020-09-30,18.0,215.8230958230951,1,good
9000000619-1,2020-10-01,7.0,198.12474520994692,1,good
9000000619-1,2020-10-01,8.0,168.188302425107,1,good
9000000619-1,2020-10-01,9.0,153.32856120257702,1,good
9000000619-1,2020-10-01,10.0,151.5198752922837,1,good
9000000619-1,2020-10-01,11.0,164.30976430976432,1,good
9000000619-1,2020-10-01,12.0,145.0061652281135,1,good
9000000619-1,2020-10-01,17.0,223.2558139534882,1,good
9000000619-1,2020-10-01,18.0,229.1986827661907,1,good
9000000619-1,2020-10-02,7.0,223.22097378277152,1,good
9000000619-1,2020-10-02,8.0,172.5111441307572,1,good
9000000619-1,2020-10-02,9.0,171.553292106221,1,good
9000000619-1,2020-10-02,10.0,153.4985422740523,1,good
9000000619-1,2020-10-02,11.0,184.2415316642115,1,good
9000000619-1,2020-10-02,12.0,196.3163596966412,1,good
9000000619-1,2020-10-02,13.0,231.5789473684215,1,good
9000000619-1,2020-10-02,16.0,314.2750093668052,1,good
9000000619-1,2020-10-02,17.0,219.2481203007524,1,good
9000000619-1,2020-10-03,7.0,75.400410677618,0,good
9000000619-1,2020-10-03,8.0,89.77871443624869,0,good
9000000619-1,2020-10-03,9.0,102.5191675794086,0,good
9000000619-1,2020-10-03,10.0,113.29137356534629,0,good
9000000619-1,2020-10-03,11.0,165.7289002557546,0,good
9000000619-1,2020-10-03,12.0,170.5856057219492,0,good
9000000619-1,2020-10-03,13.0,130.3958177744587,0,good
9000000619-1,2020-10-03,14.0,103.33692142088259,0,good
9000000619-1,2020-10-03,15.0,110.2181400688864,0,good
9000000619-1,2020-10-03,16.0,117.35941320293398,0,good
9000000619-1,2020-10-03,17.0,160.30786146234158,0,good
9000000619-1,2020-10-04,7.0,30.26706231454005,0,good
9000000619-1,2020-10-04,8.0,38.09523809523809,0,good
9000000619-1,2020-10-04,9.0,49.0272373540855,0,good
9000000619-1,2020-10-04,10.0,94.73684210526321,0,good
9000000619-1,2020-10-04,11.0,46.2046204620462,0,good
9000000619-1,2020-10-04,12.0,71.1409395973154,0,good
9000000619-1,2020-10-04,13.0,107.9509313948206,0,good
9000000619-1,2020-10-04,14.0,69.13580246913578,0,good
9000000619-1,2020-10-04,15.0,115.3347732181426,0,good
9000000619-1,2020-10-04,16.0,91.4405010438413,0,good
9000000619-1,2020-10-04,17.0,87.77339548225169,0,good
9000000619-1,2020-10-05,8.0,192.51336898395732,1,good
9000000619-1,2020-10-05,9.0,178.6309308221661,1,good
9000000619-1,2020-10-05,10.0,140.0831129580656,1,good
9000000619-1,2020-10-05,11.0,178.96749521988562,1,good
9000000619-1,2020-10-05,12.0,202.684563758389,1,good
9000000619-1,2020-10-05,13.0,185.13459220570496,1,good
9000000619-1,2020-10-05,14.0,237.0931112793338,1,good
9000000619-1,2020-10-05,17.0,208.10014727540528,1,good
9000000619-1,2020-10-06,8.0,177.4555998550197,1,good
9000000619-1,2020-10-06,9.0,153.5483870967742,1,good
9000000619-1,2020-10-06,10.0,136.9565217391305,1,good
9000000619-1,2020-10-06,11.0,147.39454094292822,1,good
9000000619-1,2020-10-06,12.0,152.85714285714312,1,good
9000000619-1,2020-10-06,13.0,193.9290294997857,1,good
9000000619-1,2020-10-06,17.0,226.64714494875528,1,good
9000000619-1,2020-10-07,8.0,192.01790376725071,1,bad
9000000619-1,2020-10-07,9.0,185.9375,1,bad
9000000619-1,2020-10-07,10.0,192.1944035346092,1,bad
9000000619-1,2020-10-07,11.0,163.4024303073622,1,bad
9000000619-1,2020-10-07,12.0,176.3265306122448,1,bad
9000000619-1,2020-10-07,13.0,212.2186495176847,1,bad
9000000619-1,2020-10-07,14.0,255.1597502754318,1,bad
9000000619-1,2020-10-07,15.0,338.15789473684333,1,bad
9000000619-1,2020-10-07,17.0,244.66019417475758,1,bad
9000000619-1,2020-10-08,8.0,172.05882352941137,1,bad
9000000619-1,2020-10-08,9.0,146.4449946940217,1,bad
9000000619-1,2020-10-08,10.0,140.3433476394848,1,bad
9000000619-1,2020-10-08,11.0,168.57041504079422,1,bad
9000000619-1,2020-10-08,12.0,170.3595011005136,1,bad
9000000619-1,2020-10-08,13.0,216.30181648812317,1,bad
9000000619-1,2020-10-08,14.0,191.21131066106227,1,bad
9000000619-1,2020-10-08,15.0,324.0285487708165,1,bad
9000000619-1,2020-10-08,16.0,271.8504672897198,1,bad
9000000619-1,2020-10-08,17.0,227.7272727272732,1,bad
9000000619-1,2020-10-09,8.0,166.45161290322588,1,good
9000000619-1,2020-10-09,9.0,164.3952907599001,1,good
9000000619-1,2020-10-09,10.0,149.0364025695932,1,good
9000000619-1,2020-10-09,11.0,172.3563696919234,1,good
9000000619-1,2020-10-09,12.0,186.4120455380098,1,good
9000000619-1,2020-10-09,15.0,284.77611940298544,1,good
9000000619-1,2020-10-09,16.0,242.1524663677132,1,good
9000000619-1,2020-10-09,17.0,189.47368421052607,1,good
9000000619-1,2020-10-10,8.0,61.527729333798405,0,good
9000000619-1,2020-10-10,9.0,91.3641170250265,0,good
9000000619-1,2020-10-10,10.0,124.7142857142858,0,good
9000000619-1,2020-10-10,11.0,133.5689045936396,0,good
9000000619-1,2020-10-10,12.0,146.1568782026015,0,good
9000000619-1,2020-10-10,14.0,95.65529622980249,0,good
9000000619-1,2020-10-10,15.0,120.70744288872508,0,good
9000000619-1,2020-10-10,16.0,122.3494643516808,0,good
9000000619-1,2020-10-10,17.0,116.6850828729282,0,good
9000000619-1,2020-10-11,9.0,46.61654135338341,0,bad
9000000619-1,2020-10-11,10.0,52.47410817031071,0,bad
9000000619-1,2020-10-11,11.0,73.12234293812001,0,bad
9000000619-1,2020-10-11,12.0,118.7865886109632,0,bad
9000000619-1,2020-10-12,8.0,210.51745898190978,1,good
9000000619-1,2020-10-12,9.0,161.3836921990822,1,good
9000000619-1,2020-10-12,10.0,151.67446885127828,1,good
9000000619-1,2020-10-12,11.0,168.54896354538968,1,good
9000000619-1,2020-10-12,12.0,134.201954397394,1,good
9000000619-1,2020-10-12,13.0,169.8963174830172,1,good
9000000619-1,2020-10-12,14.0,236.19909502262408,1,good
9000000619-1,2020-10-12,15.0,320.09080590238295,1,good
9000000619-1,2020-10-12,16.0,277.6488206664169,1,good
9000000619-1,2020-10-12,17.0,192.3455854490339,1,good
9000000619-1,2020-10-13,8.0,144.15445119771175,1,bad
9000000619-1,2020-10-13,9.0,132.5706113693243,1,bad
9000000619-1,2020-10-13,10.0,142.2924901185771,1,bad
9000000619-1,2020-10-13,11.0,167.92249730893448,1,bad
9000000619-1,2020-10-13,12.0,161.059413027917,1,bad
9000000619-1,2020-10-13,16.0,308.0583269378361,1,bad
9000000619-1,2020-10-13,17.0,211.434511434511,1,bad
9000000619-1,2020-10-14,8.0,168.835098335855,1,good
9000000619-1,2020-10-14,9.0,107.10743801652879,1,good
9000000619-1,2020-10-14,10.0,113.58024691358023,1,good
9000000619-1,2020-10-14,11.0,101.4724442574674,1,good
9000000619-1,2020-10-14,12.0,146.61921708185048,1,good
9000000619-1,2020-10-14,13.0,179.50530035335692,1,good
9000000619-1,2020-10-14,14.0,178.1761496492595,1,good
9000000619-1,2020-10-14,15.0,310.3208349439504,1,good
9000000619-1,2020-10-14,17.0,232.7819548872179,1,good
9000000619-1,2020-10-15,9.0,171.132238547969,1,bad
9000000619-1,2020-10-15,10.0,166.800966962127,1,bad
9000000619-1,2020-10-15,11.0,207.59250360403672,1,bad
9000000619-1,2020-10-15,12.0,190.393013100437,1,bad
9000000619-1,2020-10-15,13.0,184.4940867279899,1,bad
9000000619-1,2020-10-15,14.0,332.9965021375818,1,bad
9000000619-1,2020-10-16,8.0,176.90100430416112,1,bad
9000000619-1,2020-10-16,9.0,173.5094609068191,1,bad
9000000619-1,2020-10-16,10.0,170.6343549536706,1,bad
9000000619-1,2020-10-16,11.0,188.3195987101403,1,bad
9000000619-1,2020-10-16,12.0,181.4908174288796,1,bad
9000000619-1,2020-10-16,13.0,213.7704918032784,1,bad
9000000619-1,2020-10-16,14.0,298.8730277986469,1,bad
9000000619-1,2020-10-16,15.0,302.60457774269906,1,bad
9000000619-1,2020-10-16,16.0,221.6258879242306,1,bad
9000000619-1,2020-10-16,17.0,189.6443043674027,1,bad
9000000619-1,2020-10-17,8.0,86.16684266103489,0,bad
9000000619-1,2020-10-17,9.0,73.9638682252922,0,bad
9000000619-1,2020-10-17,10.0,112.30060262318312,0,bad
9000000619-1,2020-10-17,11.0,126.43253234750449,0,bad
9000000619-1,2020-10-17,12.0,123.04147465437799,0,bad
9000000619-1,2020-10-17,14.0,108.5910652920962,0,bad
9000000619-1,2020-10-17,15.0,80.89887640449452,0,bad
9000000619-1,2020-10-17,16.0,87.51381215469601,0,bad
9000000619-1,2020-10-17,17.0,78.0790085205267,0,bad
9000000619-1,2020-10-18,8.0,29.134412385643895,0,good
9000000619-1,2020-10-18,9.0,41.235682054842,0,good
9000000619-1,2020-10-18,10.0,49.8756660746003,0,good
9000000619-1,2020-10-18,11.0,62.2702702702702,0,good
9000000619-1,2020-10-18,12.0,66.03081438004409,0,good
9000000619-1,2020-10-18,14.0,63.629222309504996,0,good
9000000619-1,2020-10-18,15.0,65.69343065693431,0,good
9000000619-1,2020-10-18,16.0,81.34008570315541,0,good
9000000619-1,2020-10-18,17.0,69.1004892736168,0,good
9000000619-1,2020-10-19,8.0,149.78662873399722,1,good
9000000619-1,2020-10-19,9.0,161.7262115316588,1,good
9000000619-1,2020-10-19,10.0,118.78172588832491,1,good
9000000619-1,2020-10-19,11.0,143.07004470938898,1,good
9000000619-1,2020-10-19,12.0,118.1851715234231,1,good
9000000619-1,2020-10-19,14.0,217.45908028059273,1,good
9000000619-1,2020-10-19,15.0,256.15384615384653,1,good
9000000619-1,2020-10-19,16.0,213.3217993079584,1,good
9000000619-1,2020-10-19,17.0,166.1799340555816,1,good
9000000619-1,2020-10-20,8.0,111.3924050632911,1,good
9000000619-1,2020-10-20,9.0,136.20933521923632,1,good
9000000619-1,2020-10-20,10.0,140.9717186366933,1,good
9000000619-1,2020-10-20,11.0,131.44016227180532,1,good
9000000619-1,2020-10-20,12.0,124.3684992570581,1,good
9000000619-1,2020-10-20,13.0,168.460458586804,1,good
9000000619-1,2020-10-20,14.0,213.3333333333331,1,good
9000000619-1,2020-10-21,8.0,139.9928647877275,1,good
9000000619-1,2020-10-21,9.0,124.18162618796208,1,good
9000000619-1,2020-10-21,10.0,153.4127843987001,1,good
9000000619-1,2020-10-21,11.0,170.4845814977974,1,good
9000000619-1,2020-10-21,14.0,183.17380352644813,1,good
9000000619-1,2020-10-21,15.0,222.4797219003473,1,good
9000000619-1,2020-10-21,16.0,238.11659192825067,1,good
9000000619-1,2020-10-21,17.0,160.3751465416178,1,good
9000000619-1,2020-10-22,8.0,127.84090909090921,1,good
9000000619-1,2020-10-22,9.0,148.55923159018138,1,good
9000000619-1,2020-10-22,10.0,143.8371654730496,1,good
9000000619-1,2020-10-22,11.0,107.22795869737891,1,good
9000000619-1,2020-10-22,12.0,129.3897416697867,1,good
9000000619-1,2020-10-22,13.0,154.5911375057104,1,good
9000000619-1,2020-10-22,14.0,158.27123695976138,1,good
9000000619-1,2020-10-22,15.0,219.1187453323381,1,good
9000000619-1,2020-10-22,16.0,208.35569183595288,1,good
9000000619-1,2020-10-22,17.0,164.5283018867929,1,good
9000000619-1,2020-10-23,8.0,143.1818181818183,1,good
9000000619-1,2020-10-23,9.0,139.4048045894587,1,good
9000000619-1,2020-10-23,10.0,157.47579777698118,1,good
9000000619-1,2020-10-23,11.0,145.2449567723343,1,good
9000000619-1,2020-10-23,12.0,167.0170351576655,1,good
9000000619-1,2020-10-23,13.0,201.69553999262797,1,good
9000000619-1,2020-10-23,14.0,218.14175541681982,1,good
9000000619-1,2020-10-23,15.0,273.38345864661653,1,good
9000000619-1,2020-10-23,16.0,193.1034482758622,1,good
9000000619-1,2020-10-23,17.0,169.30022573363388,1,good
9000000619-1,2020-10-24,8.0,88.7543252595156,0,bad
9000000619-1,2020-10-24,9.0,69.5957820738137,0,bad
9000000619-1,2020-10-24,10.0,88.7323943661971,0,bad
9000000619-1,2020-10-24,11.0,107.8844095611845,0,bad
9000000619-1,2020-10-24,12.0,106.71428571428561,0,bad
9000000619-1,2020-10-24,13.0,86.53234358430541,0,bad
9000000619-1,2020-10-24,14.0,72.2026741731176,0,bad
9000000619-1,2020-10-24,15.0,79.3741109530584,0,bad
9000000619-1,2020-10-24,16.0,67.8520625889047,0,bad
9000000619-1,2020-10-25,7.0,34.3099188139781,0,good
9000000619-1,2020-10-25,8.0,43.598615916955,0,good
9000000619-1,2020-10-25,9.0,40.6205923836389,0,good
9000000619-1,2020-10-25,10.0,41.9491525423728,0,good
9000000619-1,2020-10-25,11.0,70.5128205128205,0,good
9000000619-1,2020-10-25,12.0,58.6956521739131,0,good
9000000619-1,2020-10-25,13.0,60.393873085339195,0,good
9000000619-1,2020-10-25,14.0,59.6756756756757,0,good
9000000619-1,2020-10-25,15.0,52.2686025408349,0,good
9000000619-1,2020-10-25,16.0,65.6983240223464,0,good
9000000619-1,2020-10-26,7.0,92.6525529265255,1,good
9000000619-1,2020-10-26,8.0,111.498754004984,1,good
9000000619-1,2020-10-26,9.0,80.32187271397211,1,good
9000000619-1,2020-10-26,10.0,100.3300330033002,1,good
9000000619-1,2020-10-26,11.0,111.3812154696131,1,good
9000000619-1,2020-10-26,12.0,153.5236718467654,1,good
9000000619-1,2020-10-26,13.0,125.93970971343498,1,good
9000000619-1,2020-10-26,14.0,158.34242093784087,1,good
9000000619-1,2020-10-26,15.0,193.6496077698913,1,good
9000000619-1,2020-10-26,16.0,172.2061855670101,1,good
9000000619-1,2020-10-27,8.0,114.3145161290322,1,good
9000000619-1,2020-10-27,9.0,115.32226939405629,1,good
9000000619-1,2020-10-27,10.0,121.407624633431,1,good
9000000619-1,2020-10-27,11.0,118.7234042553192,1,good
9000000619-1,2020-10-27,12.0,138.8571428571429,1,good
9000000619-1,2020-10-27,13.0,106.879073135409,1,good
9000000619-1,2020-10-27,14.0,123.6842105263159,1,good
9000000619-1,2020-10-27,15.0,189.8383371824476,1,good
9000000619-1,2020-10-27,16.0,141.3193039255362,1,good
9000000619-1,2020-10-28,7.0,92.53521126760559,1,good
9000000619-1,2020-10-28,8.0,90.7992895204263,1,good
9000000619-1,2020-10-28,9.0,121.3483146067417,1,good
9000000619-1,2020-10-28,10.0,100.1112347052281,1,good
9000000619-1,2020-10-28,11.0,93.7212863705972,1,good
9000000619-1,2020-10-28,13.0,100.43763676148801,1,good
9000000619-1,2020-10-28,14.0,127.7754849360298,1,good
9000000619-1,2020-10-28,15.0,196.3381379041686,1,good
9000000619-1,2020-10-28,16.0,158.6924219910846,1,good
9000000619-1,2020-10-29,7.0,76.86832740213521,1,good
9000000619-1,2020-10-29,8.0,100.98360655737702,1,good
9000000619-1,2020-10-29,9.0,117.9704016913318,1,good
9000000619-1,2020-10-29,10.0,115.57825611090851,1,good
9000000619-1,2020-10-29,11.0,117.4825174825176,1,good
9000000619-1,2020-10-29,14.0,116.2770930726731,1,good
9000000619-1,2020-10-29,15.0,149.38317757009338,1,good
9000000619-1,2020-10-29,16.0,154.9323017408125,1,good
9000000619-1,2020-10-30,7.0,72.10300429184551,1,good
9000000619-1,2020-10-30,8.0,118.3098591549297,1,good
9000000619-1,2020-10-30,9.0,107.9341864716636,1,good
9000000619-1,2020-10-30,10.0,119.2604006163329,1,good
9000000619-1,2020-10-30,11.0,105.05836575875489,1,good
9000000619-1,2020-10-30,13.0,117.35537190082651,1,good
9000000619-1,2020-10-30,14.0,165.16329704510088,1,good
9000000619-1,2020-10-30,15.0,129.2387543252595,1,good
9000000619-1,2020-10-30,16.0,141.0058027079305,1,good
9000000619-1,2020-10-31,7.0,33.86759581881529,0,good
9000000619-1,2020-10-31,8.0,38.736549809094,0,good
9000000619-1,2020-10-31,9.0,52.5547445255474,0,good
9000000619-1,2020-10-31,10.0,37.5,0,good
9000000619-1,2020-10-31,11.0,50.4201680672269,0,good
9000000619-1,2020-10-31,13.0,51.5642668676969,0,good
9000000619-1,2020-10-31,14.0,62.4697336561743,0,good
9000000619-1,2020-10-31,15.0,52.2279792746114,0,good
9000000619-1,2020-10-31,16.0,86.5384615384615,0,good
9000000619-1,2020-11-01,7.0,13.8509968520462,0,good
9000000619-1,2020-11-01,8.0,27.49045470322801,0,good
9000000619-1,2020-11-01,9.0,33.09759547383311,0,good
9000000619-1,2020-11-01,10.0,43.41965235899261,0,good
9000000619-1,2020-11-01,11.0,47.6343223736969,0,good
9000000619-1,2020-11-01,12.0,39.049586776859506,0,good
9000000619-1,2020-11-01,13.0,40.729927007299295,0,good
9000000619-1,2020-11-01,14.0,59.0394377196408,0,good
9000000619-1,2020-11-01,15.0,51.428571428571495,0,good
9000000619-1,2020-11-01,16.0,51.9920318725099,0,good
9000000619-1,2020-11-02,7.0,85.71428571428574,1,good
9000000619-1,2020-11-02,8.0,93.85714285714292,1,good
9000000619-1,2020-11-02,9.0,98.31117499101696,1,good
9000000619-1,2020-11-02,10.0,69.85962014863752,1,good
9000000619-1,2020-11-02,13.0,102.5835866261392,1,good
9000000619-1,2020-11-02,14.0,118.97184822521402,1,good
9000000619-1,2020-11-02,15.0,184.4919786096257,1,good
9000000619-1,2020-11-02,16.0,127.41935483870989,1,good
9000000619-1,2020-11-03,7.0,103.1847133757961,1,good
9000000619-1,2020-11-03,8.0,82.92295472597294,1,good
9000000619-1,2020-11-03,9.0,77.02182284980739,1,good
9000000619-1,2020-11-03,10.0,85.39156626506026,1,good
9000000619-1,2020-11-03,11.0,103.54609929078,1,good
9000000619-1,2020-11-03,13.0,137.47016706443924,1,good
9000000619-1,2020-11-03,14.0,109.65137614678898,1,good
9000000619-1,2020-11-03,15.0,174.12667946257287,1,good
9000000619-1,2020-11-04,7.0,86.37770897832826,1,good
9000000619-1,2020-11-04,8.0,119.10352187833537,1,good
9000000619-1,2020-11-04,9.0,106.57039711191301,1,good
9000000619-1,2020-11-04,10.0,118.45493562231766,1,good
9000000619-1,2020-11-04,11.0,110.82802547770693,1,good
9000000619-1,2020-11-04,12.0,110.93176815847401,1,good
9000000619-1,2020-11-04,13.0,126.38731596828946,1,good
9000000619-1,2020-11-04,14.0,155.98159509202458,1,good
9000000619-1,2020-11-04,15.0,210.9995985547965,1,good
9000000619-1,2020-11-05,7.0,116.8247628557164,1,bad
9000000619-1,2020-11-05,8.0,104.31095406360416,1,bad
9000000619-1,2020-11-05,9.0,108.43373493975909,1,bad
9000000619-1,2020-11-05,10.0,133.4283677833208,1,bad
9000000619-1,2020-11-05,11.0,141.17647058823496,1,bad
9000000619-1,2020-11-05,12.0,125.20616708497668,1,bad
9000000619-1,2020-11-05,13.0,151.57894736842078,1,bad
9000000619-1,2020-11-05,14.0,161.17431192660516,1,bad
9000000619-1,2020-11-05,15.0,208.99854862118963,1,bad
9000000619-1,2020-11-05,16.0,157.56422454804928,1,bad
9000000619-1,2020-11-06,7.0,98.19341126461204,1,good
9000000619-1,2020-11-06,8.0,76.66666666666663,1,good
9000000619-1,2020-11-06,9.0,84.51467268623026,1,good
9000000619-1,2020-11-06,10.0,91.40625,1,good
9000000619-1,2020-11-06,11.0,122.35294117647038,1,good
9000000619-1,2020-11-06,13.0,105.55555555555546,1,good
9000000619-1,2020-11-06,14.0,159.6419853539465,1,good
9000000619-1,2020-11-06,15.0,155.8268590455047,1,good
9000000619-1,2020-11-06,16.0,165.6,1,good
9000000619-1,2020-11-07,7.0,57.2908956328646,0,bad
9000000619-1,2020-11-07,8.0,62.98972993533664,0,bad
9000000619-1,2020-11-07,9.0,72.5581395348837,0,bad
9000000619-1,2020-11-07,10.0,81.5911193339501,0,bad
9000000619-1,2020-11-08,7.0,20.031796502384697,0,bad
9000000619-1,2020-11-08,8.0,26.132042862080894,0,bad
9000000619-1,2020-11-08,9.0,34.09330059628203,0,bad
9000000619-1,2020-11-08,10.0,44.554455445544576,0,bad
9000000619-1,2020-11-08,11.0,47.204010798303116,0,bad
9000000619-1,2020-11-08,12.0,65.90724165988615,0,bad
9000000619-1,2020-11-08,13.0,64.97636441770526,0,bad
9000000619-1,2020-11-08,14.0,79.20377160817179,0,bad
9000000619-1,2020-11-09,7.0,111.4210985178728,1,bad
9000000619-1,2020-11-09,8.0,114.73087818696906,1,bad
9000000619-1,2020-11-09,9.0,107.10301227222025,1,bad
9000000619-1,2020-11-09,10.0,96.68034315553896,1,bad
9000000619-1,2020-11-09,11.0,107.66355140186947,1,bad
9000000619-1,2020-11-09,12.0,98.38187702265355,1,bad
9000000619-1,2020-11-09,13.0,120.44609665427568,1,bad
9000000619-1,2020-11-09,14.0,138.56402664692808,1,bad
9000000619-1,2020-11-09,15.0,199.3437243642332,1,bad
9000000619-1,2020-11-10,8.0,145.4935622317597,1,bad
9000000619-1,2020-11-10,9.0,124.4117647058821,1,bad
9000000619-1,2020-11-10,10.0,98.81305637982189,1,bad
9000000619-1,2020-11-10,11.0,100.73637702503682,1,bad
9000000619-1,2020-11-10,12.0,152.72727272727317,1,bad
9000000619-1,2020-11-10,13.0,105.33066132264544,1,bad
9000000619-1,2020-11-10,14.0,131.3243457573348,1,bad
9000000619-1,2020-11-10,15.0,201.7052375152253,1,bad
9000000619-1,2020-11-11,7.0,111.34020618556657,1,bad
9000000619-1,2020-11-11,8.0,100.32154340836007,1,bad
9000000619-1,2020-11-11,9.0,95.54140127388526,1,bad
9000000619-1,2020-11-11,10.0,105.88235294117612,1,bad
9000000619-1,2020-11-11,11.0,117.66434080058795,1,bad
9000000619-1,2020-11-11,12.0,121.37828825490963,1,bad
9000000619-1,2020-11-11,13.0,143.5215946843854,1,bad
9000000619-1,2020-11-11,14.0,184.17266187050325,1,bad
9000000619-1,2020-11-11,15.0,182.3920265780734,1,bad
9000000619-1,2020-11-12,7.0,112.9234629861982,1,bad
9000000619-1,2020-11-12,8.0,102.25563909774401,1,bad
9000000619-1,2020-11-12,9.0,85.67719601903943,1,bad
9000000619-1,2020-11-12,10.0,147.66355140186903,1,bad
9000000619-1,2020-11-12,11.0,105.38489338633897,1,bad
9000000619-1,2020-11-12,12.0,121.14118507681061,1,bad
9000000619-1,2020-11-12,13.0,126.31578947368395,1,bad
9000000619-1,2020-11-12,14.0,146.6192170818509,1,bad
9000000619-1,2020-11-12,15.0,192.90566037735815,1,bad
9000000619-1,2020-11-13,7.0,125.07795100222758,1,bad
9000000619-1,2020-11-13,8.0,98.13486370157825,1,bad
9000000619-1,2020-11-13,9.0,88.12095032397406,1,bad
9000000619-1,2020-11-13,10.0,126.9978401727864,1,bad
9000000619-1,2020-11-13,11.0,140.1746724890828,1,bad
9000000619-1,2020-11-13,13.0,135.875486381323,1,bad
9000000619-1,2020-11-13,14.0,164.4529750479848,1,bad
9000000619-1,2020-11-13,15.0,187.38170347003128,1,bad
9000000619-1,2020-11-14,7.0,62.97750803284545,0,good
9000000619-1,2020-11-14,8.0,66.50088809946716,0,good
9000000619-1,2020-11-14,9.0,76.0975609756098,0,good
9000000619-1,2020-11-15,8.0,27.376425855513304,0,bad
9000000619-1,2020-11-15,9.0,24.5547555892383,0,bad
9000000619-1,2020-11-15,10.0,49.95523724261412,0,bad
9000000619-1,2020-11-15,11.0,50.31559963931463,0,bad
9000000619-1,2020-11-15,13.0,60.18237082066872,0,bad
9000000619-1,2020-11-16,7.0,121.15384615384599,1,bad
9000000619-1,2020-11-16,8.0,96.4153275648948,1,bad
9000000619-1,2020-11-16,9.0,120.68965517241399,1,bad
9000000619-1,2020-11-16,10.0,78.4422809457581,1,bad
9000000619-1,2020-11-16,11.0,109.384615384615,1,bad
9000000619-1,2020-11-16,12.0,138.461538461538,1,bad
9000000619-1,2020-11-16,13.0,102.496714848883,1,bad
9000000619-1,2020-11-16,14.0,151.836734693877,1,bad
9000000619-1,2020-11-17,7.0,100.163666121113,1,good
9000000619-1,2020-11-17,8.0,102.20014194464198,1,good
9000000619-1,2020-11-17,9.0,66.8435013262599,1,good
9000000619-1,2020-11-17,10.0,59.676175790285214,1,good
9000000619-1,2020-11-17,11.0,70.67669172932341,1,good
9000000619-1,2020-11-17,12.0,74.5432399512789,1,good
9000000619-1,2020-11-17,13.0,101.09890109890101,1,good
9000000619-1,2020-11-17,14.0,119.94873985476299,1,good
9000000619-1,2020-11-17,15.0,160.405063291139,1,good
9000000619-1,2020-11-18,7.0,92.0081135902637,1,bad
9000000619-1,2020-11-18,8.0,93.14868804664711,1,bad
9000000619-1,2020-11-18,9.0,82.2931785195935,1,bad
9000000619-1,2020-11-18,10.0,97.5786049873509,1,bad
9000000619-1,2020-11-18,11.0,88.4712685218648,1,bad
9000000619-1,2020-11-18,13.0,76.163610719323,1,bad
9000000619-1,2020-11-18,14.0,119.235668789809,1,bad
9000000619-1,2020-11-18,15.0,186.318631863186,1,bad
9000000619-1,2020-11-19,8.0,76.7317939609236,1,bad
9000000619-1,2020-11-19,9.0,60.063897763578304,1,bad
9000000619-1,2020-11-19,10.0,98.2532751091704,1,bad
9000000619-1,2020-11-19,11.0,69.8246922790003,1,bad
9000000619-1,2020-11-20,8.0,99.03138318481199,1,bad
9000000619-1,2020-11-20,9.0,112.03599550056299,1,bad
9000000619-1,2020-11-20,10.0,123.343373493976,1,bad
9000000619-1,2020-11-20,11.0,90.73045706962841,1,bad
9000000619-1,2020-11-20,12.0,94.0540540540542,1,bad
9000000619-1,2020-11-20,13.0,88.9428918590523,1,bad
9000000619-1,2020-11-20,14.0,145.436408977556,1,bad
9000000619-1,2020-11-21,7.0,17.0347003154574,0,bad
9000000619-1,2020-11-21,8.0,5.286343612334798,0,bad
9000000619-1,2020-11-21,9.0,20.7592503604037,0,bad
9000000619-1,2020-11-21,10.0,39.344262295082004,0,bad
9000000619-1,2020-11-21,13.0,80.83550913838108,0,bad
9000000619-1,2020-11-21,14.0,58.0343213728549,0,bad
9000000619-1,2020-11-22,7.0,13.6363636363636,0,bad
9000000619-1,2020-11-22,9.0,17.5182481751825,0,bad
9000000619-1,2020-11-22,10.0,39.96138996139001,0,bad
9000000619-1,2020-11-23,11.0,96.0674157303371,1,bad
9000000619-1,2020-11-23,13.0,78.5091197462331,1,bad
9000000619-1,2020-11-23,14.0,116.60583941605861,1,bad
9000000619-1,2020-11-23,15.0,166.24203821656099,1,bad
9000000619-1,2020-11-24,8.0,63.088718510405286,1,bad
9000000619-1,2020-11-24,9.0,91.1559633027523,1,bad
9000000619-1,2020-11-24,10.0,105.96026490066228,1,bad
9000000619-1,2020-11-24,11.0,111.40939597315429,1,bad
9000000619-1,2020-11-24,12.0,86.5930599369085,1,bad
9000000619-1,2020-11-24,13.0,96.28286491387121,1,bad
9000000619-1,2020-11-24,14.0,114.96663489037172,1,bad
9000000619-1,2020-11-25,10.0,86.67736757624401,1,bad
9000000619-1,2020-11-26,8.0,77.7737092640059,1,bad
9000000619-1,2020-11-26,9.0,95.5876610698946,1,bad
9000000619-1,2020-11-26,10.0,69.4384912130304,1,bad
9000000619-1,2020-11-26,11.0,78.44036697247711,1,bad
9000000619-1,2020-11-26,12.0,94.40242057488659,1,bad
9000000619-1,2020-11-26,13.0,107.704918032787,1,bad
9000000619-1,2020-11-26,14.0,158.2822085889572,1,bad
9000000619-1,2020-11-27,8.0,88.6898096304592,1,bad
9000000619-1,2020-11-27,9.0,86.5979381443299,1,bad
9000000619-1,2020-11-27,10.0,90.32258064516131,1,bad
9000000619-1,2020-11-27,11.0,111.8117647058823,1,bad
9000000619-1,2020-11-27,12.0,128.6939942802668,1,bad
9000000619-1,2020-11-28,8.0,34.449760765550295,0,bad
9000000619-1,2020-11-28,9.0,34.8214285714286,0,bad
9000000619-1,2020-11-28,10.0,72.20216606498191,0,bad
9000000619-1,2020-11-28,11.0,73.972602739726,0,bad
9000000619-1,2020-11-28,12.0,73.46938775510199,0,bad
9000000619-1,2020-11-28,13.0,88.79356568364611,0,bad
9000000619-1,2020-11-29,8.0,12.474012474012481,0,bad
9000000619-1,2020-11-29,9.0,29.8270893371758,0,bad
9000000619-1,2020-11-29,10.0,26.95035460992904,0,bad
9000000619-1,2020-11-29,11.0,45.658536585365844,0,bad
9000000619-1,2020-11-29,12.0,43.56243949661182,0,bad
9000000619-1,2020-11-30,8.0,50.6203473945409,1,bad
9000000619-1,2020-11-30,9.0,55.1196172248804,1,bad
9000000619-1,2020-11-30,11.0,79.12087912087911,1,bad
9000000619-1,2020-12-01,8.0,91.4608327452365,1,bad
9000000619-1,2020-12-01,9.0,103.93359797906899,1,bad
9000000619-1,2020-12-01,10.0,94.46441409058241,1,bad
9000000619-1,2020-12-01,11.0,99.4617868675995,1,bad
9000000619-1,2020-12-01,12.0,124.04881550610202,1,bad
9000000619-1,2020-12-01,13.0,120.4749910039582,1,bad
9000000619-1,2020-12-01,14.0,129.0889132821071,1,bad
9000000619-1,2020-12-01,15.0,191.9477693144717,1,bad
9000000619-1,2020-12-02,8.0,103.83301707779879,1,bad
9000000619-1,2020-12-02,9.0,111.57819736373341,1,bad
9000000619-1,2020-12-02,10.0,98.63013698630141,1,bad
9000000619-1,2020-12-02,11.0,105.92081365782789,1,bad
9000000619-1,2020-12-02,12.0,105.76713819368874,1,bad
9000000619-1,2020-12-02,13.0,82.84214775938634,1,bad
9000000619-1,2020-12-02,14.0,112.839879154078,1,bad
9000000619-1,2020-12-02,15.0,219.01639344262333,1,bad
9000000619-1,2020-12-03,8.0,108.1803005008348,1,bad
9000000619-1,2020-12-03,9.0,82.5510569688285,1,bad
9000000619-1,2020-12-03,10.0,100.1445086705202,1,bad
9000000619-1,2020-12-03,11.0,114.5750452079566,1,bad
9000000619-1,2020-12-03,12.0,111.2068965517241,1,bad
9000000619-1,2020-12-03,13.0,122.9526257803889,1,bad
9000000619-1,2020-12-03,14.0,151.8151815181515,1,bad
9000000619-1,2020-12-03,15.0,216.8049044356293,1,bad
9000000619-1,2020-12-04,8.0,139.0557939914162,1,bad
9000000619-1,2020-12-04,9.0,115.4441577589384,1,bad
9000000619-1,2020-12-04,10.0,85.22238163558099,1,bad
9000000619-1,2020-12-04,11.0,129.27094668117542,1,bad
9000000619-1,2020-12-04,12.0,173.7752161383279,1,bad
9000000619-1,2020-12-04,13.0,138.5611510791366,1,bad
9000000619-1,2020-12-04,14.0,191.27885672407442,1,bad
9000000619-1,2020-12-04,15.0,189.61424332344237,1,bad
9000000619-1,2020-12-05,8.0,23.0359047280483,0,bad
9000000619-1,2020-12-05,9.0,56.3099893352293,0,bad
9000000619-1,2020-12-05,10.0,100.180701120347,0,bad
9000000619-1,2020-12-05,11.0,101.702281781963,0,bad
9000000619-1,2020-12-05,12.0,110.3896103896105,0,bad
9000000619-1,2020-12-05,13.0,87.83733826247682,0,bad
9000000619-1,2020-12-05,14.0,89.60468521229875,0,bad
9000000619-1,2020-12-05,15.0,90.45996592844986,0,bad
9000000619-1,2020-12-06,8.0,13.7739130434783,0,bad
9000000619-1,2020-12-06,9.0,21.4887640449438,0,bad
9000000619-1,2020-12-06,10.0,34.49254790631658,0,bad
9000000619-1,2020-12-06,11.0,48.96206156048674,0,bad
9000000619-1,2020-12-06,12.0,46.51830581478829,0,bad
9000000619-1,2020-12-06,13.0,36.50851140890976,0,bad
9000000619-1,2020-12-06,14.0,51.636631114380336,0,bad
9000000619-1,2020-12-06,15.0,32.6777609682299,0,bad
9000000619-1,2020-12-07,8.0,100.03608805485389,1,bad
9000000619-1,2020-12-07,9.0,86.42063776424231,1,bad
9000000619-1,2020-12-07,10.0,109.68443960826968,1,bad
9000000619-1,2020-12-07,11.0,107.7144917087239,1,bad
9000000619-1,2020-12-07,12.0,105.8045554739162,1,bad
9000000619-1,2020-12-07,13.0,114.28571428571442,1,bad
9000000619-1,2020-12-07,14.0,142.4697691462071,1,bad
9000000619-1,2020-12-07,15.0,198.8412514484358,1,bad
9000000619-1,2020-12-08,8.0,98.5401459854015,1,bad
9000000619-1,2020-12-08,9.0,94.2675159235669,1,bad
9000000619-1,2020-12-08,10.0,120.29861357980779,1,bad
9000000619-1,2020-12-08,11.0,128.2937365010797,1,bad
9000000619-1,2020-12-08,12.0,154.2671948145479,1,bad
9000000619-1,2020-12-08,13.0,107.98698951933503,1,bad
9000000619-1,2020-12-08,14.0,174.5113369820168,1,bad
9000000619-1,2020-12-09,9.0,105.2854122621564,1,bad
9000000619-1,2020-12-09,10.0,148.3870967741936,1,bad
9000000619-1,2020-12-09,11.0,98.9646554801856,1,bad
9000000619-1,2020-12-09,12.0,109.13027787802238,1,bad
9000000619-1,2020-12-09,13.0,121.4804063860666,1,bad
9000000619-1,2020-12-09,14.0,150.4864864864865,1,bad
9000000619-1,2020-12-10,8.0,101.2459950160199,1,bad
9000000619-1,2020-12-10,9.0,69.8526769673014,1,bad
9000000619-1,2020-12-10,10.0,95.9308606409794,1,bad
9000000619-1,2020-12-10,11.0,114.11721341688161,1,bad
9000000619-1,2020-12-10,12.0,107.26744186046511,1,bad
9000000619-1,2020-12-10,13.0,133.52727272727302,1,bad
9000000619-1,2020-12-10,14.0,152.46440306681282,1,bad
9000000619-1,2020-12-10,15.0,188.6988847583649,1,bad
9000000619-1,2020-12-11,8.0,131.2356101304681,1,bad
9000000619-1,2020-12-11,9.0,135.2415026833635,1,bad
9000000619-1,2020-12-11,10.0,116.45929612513338,1,bad
9000000619-1,2020-12-11,11.0,127.5690999291287,1,bad
9000000619-1,2020-12-11,12.0,107.00636942675159,1,bad
9000000619-1,2020-12-11,13.0,134.73837209302332,1,bad
9000000619-1,2020-12-11,14.0,129.2639138240578,1,bad
9000000619-1,2020-12-11,15.0,229.5430393198726,1,bad
9000000619-1,2020-12-12,8.0,34.0694006309148,0,bad
9000000619-1,2020-12-12,9.0,47.0007057163021,0,bad
9000000619-1,2020-12-12,10.0,78.7857394987646,0,bad
9000000619-1,2020-12-12,11.0,101.1527377521613,0,bad
9000000619-1,2020-12-12,12.0,90.3549659376121,0,bad
9000000619-1,2020-12-12,13.0,91.8702150929639,0,bad
9000000619-1,2020-12-12,14.0,88.21621621621618,0,bad
9000000619-1,2020-12-12,15.0,69.7618086394832,0,bad
9000000619-1,2020-12-13,8.0,20.08928571428567,0,bad
9000000619-1,2020-12-13,9.0,15.20056298381424,0,bad
9000000619-1,2020-12-13,10.0,37.41935483870967,0,bad
9000000619-1,2020-12-13,11.0,50.814332247557104,0,bad
9000000619-1,2020-12-13,12.0,45.935107546481994,0,bad
9000000619-1,2020-12-13,13.0,43.85382059800669,0,bad
9000000619-1,2020-12-13,14.0,43.548387096774206,0,bad
9000000619-1,2020-12-13,15.0,47.07591718125677,0,bad
9000000619-1,2020-12-14,8.0,103.1807060468367,1,bad
9000000619-1,2020-12-14,9.0,88.49305308158179,1,bad
9000000619-1,2020-12-14,10.0,102.60380014074599,1,bad
9000000619-1,2020-12-14,11.0,92.69841269841271,1,bad
9000000619-1,2020-12-14,12.0,124.13793103448279,1,bad
9000000619-1,2020-12-14,13.0,102.5641025641026,1,bad
9000000619-1,2020-12-14,14.0,136.7583212735162,1,bad
9000000619-1,2020-12-14,15.0,166.29375676651009,1,bad
9000000619-1,2020-12-15,8.0,124.91228070175431,1,bad
9000000619-1,2020-12-15,9.0,116.2105263157895,1,bad
9000000619-1,2020-12-15,10.0,127.2857142857143,1,bad
9000000619-1,2020-12-15,11.0,137.32620320855608,1,bad
9000000619-1,2020-12-15,12.0,134.75935828877,1,bad
9000000619-1,2020-12-15,13.0,128.7553648068668,1,bad
9000000619-1,2020-12-15,14.0,151.0307414104883,1,bad
9000000619-1,2020-12-15,15.0,253.5796766743653,1,bad
9000000619-1,2020-12-16,8.0,123.69819341126458,1,bad
9000000619-1,2020-12-16,9.0,117.16738197424881,1,bad
9000000619-1,2020-12-16,10.0,141.22681883024256,1,bad
9000000619-1,2020-12-16,11.0,133.5711737424188,1,bad
9000000619-1,2020-12-16,12.0,136.9565217391302,1,bad
9000000619-1,2020-12-16,13.0,145.7386363636365,1,bad
9000000619-1,2020-12-16,14.0,159.1660675772822,1,bad
9000000619-1,2020-12-16,15.0,210.0108030248469,1,bad
9000000619-1,2020-12-17,8.0,153.7366548042701,1,bad
9000000619-1,2020-12-17,9.0,126.889534883721,1,bad
9000000619-1,2020-12-17,10.0,164.5788336933042,1,bad
9000000619-1,2020-12-17,11.0,138.0645161290322,1,bad
9000000619-1,2020-12-17,12.0,143.3557046979866,1,bad
9000000619-1,2020-12-17,13.0,145.8587307278596,1,bad
9000000619-1,2020-12-17,14.0,156.5780014378142,1,bad
9000000619-1,2020-12-17,15.0,255.93648502345758,1,bad
9000000619-1,2020-12-18,8.0,118.8349514563106,1,bad
9000000619-1,2020-12-18,9.0,121.75151299394801,1,bad
9000000619-1,2020-12-18,10.0,219.85714285714312,1,bad
9000000619-1,2020-12-18,11.0,226.178010471204,1,bad
9000000619-1,2020-12-18,12.0,180.5194805194804,1,bad
9000000619-1,2020-12-18,13.0,184.9802371541506,1,bad
9000000619-1,2020-12-18,14.0,190.42821158690128,1,bad
9000000619-1,2020-12-18,15.0,195.0278293135434,1,bad
9000000619-1,2020-12-19,8.0,82.7732578705341,0,bad
9000000619-1,2020-12-19,9.0,80.56838365896981,0,bad
9000000619-1,2020-12-19,10.0,108.5106382978723,0,bad
9000000619-1,2020-12-19,11.0,133.4292911119106,0,bad
9000000619-1,2020-12-19,12.0,151.6890664729387,0,bad
9000000619-1,2020-12-19,13.0,136.41284734752801,0,bad
9000000619-1,2020-12-19,14.0,115.1689432063263,0,bad
9000000619-1,2020-12-19,15.0,111.070780399274,0,bad
9000000619-1,2020-12-20,8.0,31.791421362489398,0,bad
9000000619-1,2020-12-20,9.0,47.82764811490131,0,bad
9000000619-1,2020-12-20,10.0,54.34938892882821,0,bad
9000000619-1,2020-12-20,11.0,61.1492591254065,0,bad
9000000619-1,2020-12-20,12.0,94.4262295081967,0,bad
9000000619-1,2020-12-20,13.0,66.7151162790697,0,bad
9000000619-1,2020-12-20,14.0,61.751824817518205,0,bad
9000000619-1,2020-12-20,15.0,65.10196229318963,0,bad
9000000619-1,2020-12-21,9.0,155.3299492385782,1,bad
9000000619-1,2020-12-21,10.0,154.0599853694216,1,bad
9000000619-1,2020-12-21,11.0,184.03824935638121,1,bad
9000000619-1,2020-12-21,12.0,207.43982494529538,1,bad
9000000619-1,2020-12-21,13.0,181.2080536912753,1,bad
9000000619-1,2020-12-21,14.0,208.0697928026172,1,bad
9000000619-1,2020-12-21,15.0,303.08300395256947,1,bad
9000000619-1,2020-12-22,8.0,176.8786127167633,1,bad
9000000619-1,2020-12-22,9.0,146.885245901639,1,bad
9000000619-1,2020-12-22,10.0,222.68041237113468,1,bad
9000000619-1,2020-12-22,11.0,213.7415982076184,1,bad
9000000619-1,2020-12-22,12.0,185.8659831563528,1,bad
9000000619-1,2020-12-22,13.0,203.72300819061812,1,bad
9000000619-1,2020-12-22,14.0,257.8947368421056,1,bad
9000000619-1,2020-12-22,15.0,283.7897853441882,1,bad
9000000619-1,2020-12-23,8.0,135.23666416228377,1,good
9000000619-1,2020-12-23,9.0,145.6498388829212,1,good
9000000619-1,2020-12-23,10.0,168.3218557448349,1,good
9000000619-1,2020-12-23,11.0,185.7722078879467,1,good
9000000619-1,2020-12-23,12.0,218.6234817813764,1,good
9000000619-1,2020-12-23,13.0,236.0014487504533,1,good
9000000619-1,2020-12-23,14.0,229.27374301675997,1,good
9000000619-1,2020-12-23,15.0,273.4842951059166,1,good
9000000619-1,2020-12-24,8.0,164.2105263157891,1,bad
9000000619-1,2020-12-24,9.0,154.2483660130715,1,bad
9000000619-1,2020-12-24,10.0,178.75136911281427,1,bad
9000000619-1,2020-12-24,11.0,179.99999999999972,1,bad
9000000619-1,2020-12-24,12.0,236.3297277135396,1,bad
9000000619-1,2020-12-24,13.0,243.2611090708779,1,bad
9000000619-1,2020-12-24,14.0,232.6484871124384,1,bad
9000000619-1,2020-12-24,15.0,195.4070981210861,1,bad
9000000619-1,2020-12-25,9.0,32.142857142857096,1,bad
9000000619-1,2020-12-25,10.0,67.97583081571,1,bad
9000000619-1,2020-12-25,11.0,63.394529786436905,1,bad
9000000619-1,2020-12-25,12.0,67.41573033707871,1,bad
9000000619-1,2020-12-25,13.0,49.72004479283311,1,bad
9000000619-1,2020-12-25,14.0,67.1391271913465,1,bad
9000000619-1,2020-12-25,15.0,73.4416320362674,1,bad
9000000619-1,2020-12-26,8.0,27.7242972660762,0,bad
9000000619-1,2020-12-26,9.0,51.3513513513513,0,bad
9000000619-1,2020-12-26,10.0,54.5661235316407,0,bad
9000000619-1,2020-12-26,11.0,67.25978647686841,0,bad
9000000619-1,2020-12-26,12.0,53.26968973747016,0,bad
9000000619-1,2020-12-26,13.0,72.0554272517321,0,bad
9000000619-1,2020-12-26,14.0,75.0558451228593,0,bad
9000000619-1,2020-12-26,15.0,68.8073394495412,0,bad
9000000619-1,2020-12-27,8.0,21.22328666175382,0,bad
9000000619-1,2020-12-27,9.0,33.015407190021996,0,bad
9000000619-1,2020-12-27,10.0,40.754716981132106,0,bad
9000000619-1,2020-12-27,11.0,60.5381165919283,0,bad
9000000619-1,2020-12-27,12.0,55.5304740406321,0,bad
9000000619-1,2020-12-27,13.0,54.29864253393671,0,bad
9000000619-1,2020-12-27,14.0,63.5851183765501,0,bad
9000000619-1,2020-12-27,15.0,69.8896079177769,0,bad
9000000619-1,2020-12-28,8.0,107.86516853932571,1,bad
9000000619-1,2020-12-28,9.0,110.0377358490566,1,bad
9000000619-1,2020-12-28,10.0,126.83658170914549,1,bad
9000000619-1,2020-12-28,11.0,147.1823204419889,1,bad
9000000619-1,2020-12-28,12.0,157.88329104748078,1,bad
9000000619-1,2020-12-28,13.0,119.71153846153851,1,bad
9000000619-1,2020-12-28,14.0,147.1600688468156,1,bad
9000000619-1,2020-12-28,15.0,197.9381443298969,1,bad
9000000619-1,2020-12-29,8.0,108.59972985141829,1,bad
9000000619-1,2020-12-29,9.0,133.67309792500907,1,bad
9000000619-1,2020-12-29,10.0,145.2449567723343,1,bad
9000000619-1,2020-12-29,11.0,162.8008752735229,1,bad
9000000619-1,2020-12-29,12.0,181.97802197802199,1,bad
9000000619-1,2020-12-29,13.0,148.2195845697328,1,bad
9000000619-1,2020-12-29,14.0,199.47936035700963,1,bad
9000000619-1,2020-12-29,15.0,232.171979243884,1,bad
9000000619-1,2020-12-30,9.0,166.21473067057528,1,bad
9000000619-1,2020-12-30,10.0,142.9602888086643,1,bad
9000000619-1,2020-12-30,11.0,163.1578947368421,1,bad
9000000619-1,2020-12-30,12.0,164.2335766423356,1,bad
9000000619-1,2020-12-30,13.0,196.72862453531602,1,bad
9000000619-1,2020-12-30,14.0,158.2563723679351,1,bad
9000000619-1,2020-12-30,15.0,185.40200074101517,1,bad
9000000619-1,2020-12-31,8.0,118.534253850239,1,bad
9000000619-1,2020-12-31,9.0,95.3993375046007,1,bad
9000000619-1,2020-12-31,10.0,152.49621785173971,1,bad
9000000619-1,2020-12-31,11.0,176.58862876254238,1,bad
9000000619-1,2020-12-31,12.0,184.3093922651932,1,bad
9000000619-1,2020-12-31,13.0,196.3636363636365,1,bad
9000000619-1,2020-12-31,14.0,160.58500914076762,1,bad
9000000619-1,2020-12-31,15.0,166.6421748714175,1,bad
9000000619-1,2021-01-01,8.0,17.26995202791101,1,bad
9000000619-1,2021-01-01,9.0,34.06113537117899,1,bad
9000000619-1,2021-01-01,10.0,41.379310344827594,1,bad
9000000619-1,2021-01-01,11.0,37.4025974025974,1,bad
9000000619-1,2021-01-01,12.0,55.4470323065364,1,bad
9000000619-1,2021-01-01,13.0,46.049661399548604,1,bad
9000000619-1,2021-01-01,14.0,55.8245083207261,1,bad
9000000619-1,2021-01-01,15.0,62.3796688486715,1,bad
9000000619-1,2021-01-02,8.0,21.55688622754491,0,bad
9000000619-1,2021-01-02,9.0,22.9041916167665,0,bad
9000000619-1,2021-01-02,10.0,47.368421052631504,0,bad
9000000619-1,2021-01-02,11.0,53.95279130760591,0,bad
9000000619-1,2021-01-02,12.0,50.762195121951194,0,bad
9000000619-1,2021-01-02,13.0,66.8213457076565,0,bad
9000000619-1,2021-01-02,14.0,62.6797880393642,0,bad
9000000619-1,2021-01-02,15.0,59.16795069337449,0,bad
9000000619-1,2021-01-03,8.0,41.837299391256295,0,bad
9000000619-1,2021-01-03,9.0,33.7204945672537,0,bad
9000000619-1,2021-01-03,10.0,50.397275822928506,0,bad
9000000619-1,2021-01-03,11.0,48.8319517709119,0,bad
9000000619-1,2021-01-03,12.0,75.74598316755932,0,bad
9000000619-1,2021-01-03,13.0,74.25515660809779,0,bad
9000000619-1,2021-01-03,14.0,74.6043707611152,0,bad
9000000619-1,2021-01-03,15.0,59.72222222222219,0,bad
9000000619-1,2021-01-04,9.0,82.2780067440989,1,bad
9000000619-1,2021-01-04,10.0,99.1663646248642,1,bad
9000000619-1,2021-01-04,11.0,120.04349401957231,1,bad
9000000619-1,2021-01-04,12.0,144.2176870748301,1,bad
9000000619-1,2021-01-04,13.0,127.19911667280087,1,bad
9000000619-1,2021-01-04,14.0,162.908011869436,1,bad
9000000619-1,2021-01-04,15.0,253.9478957915824,1,bad
9000000619-1,2021-01-05,8.0,101.4817491868449,1,bad
9000000619-1,2021-01-05,9.0,88.1209503239741,1,bad
9000000619-1,2021-01-05,10.0,106.6088840736729,1,bad
9000000619-1,2021-01-05,11.0,125.96685082872919,1,bad
9000000619-1,2021-01-05,12.0,135.69844789356972,1,bad
9000000619-1,2021-01-05,13.0,117.73255813953492,1,bad
9000000619-1,2021-01-05,14.0,119.7757009345794,1,bad
9000000619-1,2021-01-05,15.0,241.7712177121769,1,bad
9000000619-1,2021-01-06,8.0,106.1052631578947,1,bad
9000000619-1,2021-01-06,9.0,118.20128479657382,1,bad
9000000619-1,2021-01-06,10.0,119.29307805596471,1,bad
9000000619-1,2021-01-06,11.0,122.1818181818181,1,bad
9000000619-1,2021-01-06,12.0,131.12582781456962,1,bad
9000000619-1,2021-01-06,13.0,138.0569758948139,1,bad
9000000619-1,2021-01-06,14.0,186.7669172932333,1,bad
9000000619-1,2021-01-06,15.0,225.86206896551718,1,bad
9000000619-1,2021-01-07,9.0,119.5714285714285,1,bad
9000000619-1,2021-01-07,10.0,102.22861250898652,1,bad
9000000619-1,2021-01-07,11.0,105.2327679538073,1,bad
9000000619-1,2021-01-07,12.0,138.1005586592178,1,bad
9000000619-1,2021-01-07,13.0,164.7321428571429,1,bad
9000000619-1,2021-01-07,14.0,163.5145197319431,1,bad
9000000619-1,2021-01-07,15.0,274.1721854304627,1,bad
9000000619-1,2021-01-08,9.0,119.08396946564889,1,bad
9000000619-1,2021-01-08,10.0,141.6095272464814,1,bad
9000000619-1,2021-01-08,11.0,155.8899082568812,1,bad
9000000619-1,2021-01-08,12.0,174.8225625700409,1,bad
9000000619-1,2021-01-08,13.0,159.18811163465028,1,bad
9000000619-1,2021-01-08,14.0,183.6187639612806,1,bad
9000000619-1,2021-01-08,15.0,225.4119370194074,1,bad
9000000619-1,2021-01-09,8.0,46.82478959449119,0,bad
9000000619-1,2021-01-09,9.0,54.415274463007144,0,bad
9000000619-1,2021-01-09,10.0,62.925482980680776,0,bad
9000000619-1,2021-01-09,11.0,114.35132032147015,0,bad
9000000619-1,2021-01-09,12.0,159.32850057230084,0,bad
9000000619-1,2021-01-09,13.0,86.94339622641502,0,bad
9000000619-1,2021-01-09,14.0,103.67563471011744,0,bad
9000000619-1,2021-01-09,15.0,87.46625530273813,0,bad
9000000619-1,2021-01-10,8.0,25.36151279199107,0,bad
9000000619-1,2021-01-10,9.0,29.344201556131917,0,bad
9000000619-1,2021-01-10,10.0,44.44444444444445,0,bad
9000000619-1,2021-01-10,11.0,58.108108108108155,0,bad
9000000619-1,2021-01-10,12.0,67.16417910447765,0,bad
9000000619-1,2021-01-10,13.0,54.73204104903083,0,bad
9000000619-1,2021-01-10,14.0,44.67845054531781,0,bad
9000000619-1,2021-01-10,15.0,87.02993092862627,0,bad
9000000619-1,2021-01-11,8.0,122.98551800965396,1,bad
9000000619-1,2021-01-11,9.0,99.58317544524444,1,bad
9000000619-1,2021-01-11,10.0,125.87412587412611,1,bad
9000000619-1,2021-01-11,11.0,105.3723601333827,1,bad
9000000619-1,2021-01-11,12.0,98.18181818181829,1,bad
9000000619-1,2021-01-11,13.0,130.666666666667,1,bad
9000000619-1,2021-01-11,14.0,131.0997815003645,1,bad
9000000619-1,2021-01-11,15.0,262.8318584070791,1,bad
9000000619-1,2021-01-11,16.0,200.390625,1,bad
9000000619-1,2021-01-12,8.0,123.21428571428591,1,bad
9000000619-1,2021-01-12,9.0,103.0837004405287,1,bad
9000000619-1,2021-01-12,10.0,125.76419213973807,1,bad
9000000619-1,2021-01-12,11.0,126.26427406199087,1,bad
9000000619-1,2021-01-12,12.0,142.9602888086641,1,bad
9000000619-1,2021-01-12,13.0,134.4788942846463,1,bad
9000000619-1,2021-01-12,14.0,133.28493647912836,1,bad
9000000619-1,2021-01-12,15.0,231.35215453194655,1,bad
9000000619-1,2021-01-12,16.0,227.34761120263542,1,bad
9000000619-1,2021-01-13,8.0,118.71165644171805,1,bad
9000000619-1,2021-01-13,9.0,90.3032572070386,1,bad
9000000619-1,2021-01-13,13.0,146.00075103267005,1,bad
9000000619-1,2021-01-13,14.0,224.2491657397109,1,bad
9000000619-1,2021-01-13,15.0,194.88320355951,1,bad
9000000619-1,2021-01-13,16.0,214.24390243902445,1,bad
9000000619-1,2021-01-14,8.0,115.6462585034013,1,bad
9000000619-1,2021-01-14,9.0,89.0505638413969,1,bad
9000000619-1,2021-01-14,10.0,109.93377483443768,1,bad
9000000619-1,2021-01-14,11.0,120.98581030619891,1,bad
9000000619-1,2021-01-14,12.0,110.14925373134386,1,bad
9000000619-1,2021-01-14,13.0,150.16465422612487,1,bad
9000000619-1,2021-01-14,14.0,137.1301775147927,1,bad
9000000619-1,2021-01-14,15.0,240.4355716878398,1,bad
9000000619-1,2021-01-14,16.0,221.5384615384612,1,bad
9000000619-1,2021-01-15,8.0,65.53578816714928,1,bad
9000000619-1,2021-01-15,9.0,57.95454545454545,1,bad
9000000619-1,2021-01-15,10.0,125.98091198303261,1,bad
9000000619-1,2021-01-15,11.0,153.897736797989,1,bad
9000000619-1,2021-01-15,13.0,107.488151658768,1,bad
9000000619-1,2021-01-15,14.0,161.9797525309339,1,bad
9000000619-1,2021-01-15,15.0,188.41121495327081,1,bad
9000000619-1,2021-01-15,16.0,178.98832684824916,1,bad
9000000619-1,2021-01-16,8.0,53.254437869822524,0,bad
9000000619-1,2021-01-16,9.0,76.5671641791045,0,bad
9000000619-1,2021-01-16,10.0,100.25993316004447,0,bad
9000000619-1,2021-01-16,11.0,104.61254612546104,0,bad
9000000619-1,2021-01-16,14.0,111.57580283793897,0,bad
9000000619-1,2021-01-16,15.0,99.3484093522422,0,bad
9000000619-1,2021-01-16,16.0,90.56603773584908,0,bad
9000000619-1,2021-01-17,8.0,25.018288222384808,0,bad
9000000619-1,2021-01-17,9.0,41.87617260787988,0,bad
9000000619-1,2021-01-17,10.0,68.97069872276478,0,bad
9000000619-1,2021-01-17,11.0,66.56603773584911,0,bad
9000000619-1,2021-01-17,12.0,54.77367820464056,0,bad
9000000619-1,2021-01-17,14.0,61.085972850678814,0,bad
9000000619-1,2021-01-17,15.0,78.3195798949738,0,bad
9000000619-1,2021-01-17,16.0,80.6624452021433,0,bad
9000000619-1,2021-01-18,8.0,125.17006802721146,1,bad
9000000619-1,2021-01-18,9.0,82.0710973724885,1,bad
9000000619-1,2021-01-18,12.0,119.35483870967772,1,bad
9000000619-1,2021-01-18,13.0,134.14337788578376,1,bad
9000000619-1,2021-01-18,14.0,147.2845763939175,1,bad
9000000619-1,2021-01-18,15.0,220.70484581497783,1,bad
9000000619-1,2021-01-18,16.0,178.64231838030886,1,bad
9000000619-1,2021-01-19,8.0,101.63447251114403,1,bad
9000000619-1,2021-01-19,9.0,95.16008935219661,1,bad
9000000619-1,2021-01-19,10.0,129.77844536237316,1,bad
9000000619-1,2021-01-19,11.0,127.37430167597742,1,bad
9000000619-1,2021-01-19,12.0,145.37559704732953,1,bad
9000000619-1,2021-01-19,13.0,126.6397947966293,1,bad
9000000619-1,2021-01-19,14.0,180.59318930794595,1,bad
9000000619-1,2021-01-19,15.0,218.26150474799115,1,bad
9000000619-1,2021-01-19,16.0,195.9830866807617,1,bad
9000000619-1,2021-01-20,8.0,103.38733431516928,1,bad
9000000619-1,2021-01-20,9.0,127.61194029850732,1,bad
9000000619-1,2021-01-20,10.0,140.68965517241352,1,bad
9000000619-1,2021-01-20,11.0,145.86709886547789,1,bad
9000000619-1,2021-01-20,12.0,177.41559953434202,1,bad
9000000619-1,2021-01-20,13.0,142.71099744245475,1,bad
9000000619-1,2021-01-20,14.0,183.47978910369162,1,bad
9000000619-1,2021-01-20,15.0,238.26086956521632,1,bad
9000000619-1,2021-01-21,8.0,135.24150268336297,1,bad
9000000619-1,2021-01-21,9.0,119.11764705882369,1,bad
9000000619-1,2021-01-21,10.0,105.74712643678168,1,bad
9000000619-1,2021-01-21,11.0,138.2917858602366,1,bad
9000000619-1,2021-01-21,12.0,126.03351955307231,1,bad
9000000619-1,2021-01-21,13.0,114.7826086956517,1,bad
9000000619-1,2021-01-21,14.0,152.55342267294438,1,bad
9000000619-1,2021-01-21,15.0,189.4736842105261,1,bad
9000000619-1,2021-01-22,9.0,104.44362835108336,1,bad
9000000619-1,2021-01-22,10.0,99.19632606199782,1,bad
9000000619-1,2021-01-22,11.0,104.5014724442575,1,bad
9000000619-1,2021-01-22,12.0,114.38385573207397,1,bad
9000000619-1,2021-01-22,13.0,201.8181818181825,1,bad
9000000619-1,2021-01-22,14.0,211.84357541899513,1,bad
9000000619-1,2021-01-22,15.0,187.5963302752287,1,bad
9000000619-1,2021-01-23,8.0,56.65859564164648,0,bad
9000000619-1,2021-01-23,9.0,75.0,0,bad
9000000619-1,2021-01-23,10.0,99.99999999999991,0,bad
9000000619-1,2021-01-23,11.0,124.96307237813839,0,bad
9000000619-1,2021-01-23,12.0,104.4819985304922,0,bad
9000000619-1,2021-01-23,13.0,125.77639751552749,0,bad
9000000619-1,2021-01-23,14.0,117.14808043875661,0,bad
9000000619-1,2021-01-23,15.0,107.22263588979894,0,bad
9000000619-1,2021-01-23,16.0,64.91803278688519,0,bad
9000000619-1,2021-01-24,8.0,22.3520818115413,0,bad
9000000619-1,2021-01-24,9.0,41.99363732767761,0,bad
9000000619-1,2021-01-24,10.0,46.5016146393972,0,bad
9000000619-1,2021-01-24,11.0,65.07592190889362,0,bad
9000000619-1,2021-01-24,12.0,83.53879622915159,0,bad
9000000619-1,2021-01-24,13.0,96.7048710601719,0,bad
9000000619-1,2021-01-24,14.0,53.8882803943045,0,bad
9000000619-1,2021-01-24,15.0,64.09495548961429,0,bad
9000000619-1,2021-01-25,8.0,148.4042553191493,1,bad
9000000619-1,2021-01-25,9.0,112.00585651537308,1,bad
9000000619-1,2021-01-25,10.0,114.80938416422269,1,bad
9000000619-1,2021-01-25,11.0,98.3681214421251,1,bad
9000000619-1,2021-01-25,12.0,113.5605511240029,1,bad
9000000619-1,2021-01-25,13.0,130.95768374164862,1,bad
9000000619-1,2021-01-25,14.0,146.7499081894967,1,bad
9000000619-1,2021-01-25,15.0,208.15418828761963,1,bad
9000000619-1,2021-01-25,16.0,174.85311398354895,1,bad
9000000619-1,2021-01-26,8.0,129.2709466811754,1,bad
9000000619-1,2021-01-26,9.0,104.47868147617383,1,bad
9000000619-1,2021-01-26,10.0,106.81318681318673,1,bad
9000000619-1,2021-01-26,11.0,131.12152902993117,1,bad
9000000619-1,2021-01-26,12.0,123.41356673960581,1,bad
9000000619-1,2021-01-26,13.0,125.22885389966996,1,bad
9000000619-1,2021-01-26,14.0,185.47071905114908,1,bad
9000000619-1,2021-01-26,15.0,238.7550944794368,1,bad
9000000619-1,2021-01-26,16.0,235.6508875739658,1,bad
9000000619-1,2021-01-27,8.0,135.8246496586416,1,bad
9000000619-1,2021-01-27,9.0,102.07197382769911,1,bad
9000000619-1,2021-01-27,10.0,114.43185970040211,1,bad
9000000619-1,2021-01-27,11.0,135.45816733067693,1,bad
9000000619-1,2021-01-27,13.0,159.391771019678,1,bad
9000000619-1,2021-01-27,14.0,176.8976897689763,1,bad
9000000619-1,2021-01-27,15.0,231.6176470588226,1,bad
9000000619-1,2021-01-27,16.0,176.62921348314603,1,bad
9000000619-1,2021-01-28,8.0,133.2375134746677,1,bad
9000000619-1,2021-01-28,9.0,120.04349401957232,1,bad
9000000619-1,2021-01-28,10.0,126.59340659340666,1,bad
9000000619-1,2021-01-28,11.0,115.91413767579547,1,bad
9000000619-1,2021-01-28,12.0,132.0359281437129,1,bad
9000000619-1,2021-01-28,13.0,166.83562635771133,1,bad
9000000619-1,2021-01-28,14.0,164.66248616746572,1,bad
9000000619-1,2021-01-28,15.0,207.87054063994103,1,bad
9000000619-1,2021-01-28,16.0,192.8571428571425,1,bad
9000000619-1,2021-01-29,8.0,120.92600998638224,1,bad
9000000619-1,2021-01-29,9.0,111.4754098360654,1,bad
9000000619-1,2021-01-29,10.0,131.5308732188522,1,bad
9000000619-1,2021-01-29,11.0,167.50369276218586,1,bad
9000000619-1,2021-01-29,12.0,206.3188831741366,1,bad
9000000619-1,2021-01-29,13.0,186.78611422172412,1,bad
9000000619-1,2021-01-29,14.0,281.58682634730627,1,bad
9000000619-1,2021-01-29,15.0,229.2234081707761,1,bad
9000000619-1,2021-01-30,8.0,55.87301587301591,0,bad
9000000619-1,2021-01-30,9.0,77.5583482944345,0,bad
9000000619-1,2021-01-30,10.0,136.62728249194447,0,bad
9000000619-1,2021-01-30,11.0,96.29901062660319,0,bad
9000000619-1,2021-01-30,12.0,137.9005524861876,0,bad
9000000619-1,2021-01-30,13.0,128.1899109792279,0,bad
9000000619-1,2021-01-30,14.0,108.92988929889269,0,bad
9000000619-1,2021-01-30,15.0,115.5361050328228,0,bad
9000000619-1,2021-01-30,16.0,94.42186922792759,0,bad
9000000619-1,2021-01-31,8.0,32.183908045977034,0,bad
9000000619-1,2021-01-31,9.0,33.99927351979657,0,bad
9000000619-1,2021-01-31,10.0,33.32146671413312,0,bad
9000000619-1,2021-01-31,11.0,71.73913043478255,0,bad
9000000619-1,2021-01-31,12.0,73.3624454148471,0,bad
9000000619-1,2021-01-31,13.0,66.66666666666666,0,bad
9000000619-1,2021-01-31,14.0,77.0270270270271,0,bad
9000000619-1,2021-01-31,15.0,75.21994134897356,0,bad
9000000619-1,2021-01-31,16.0,86.15143193409183,0,bad
9000000619-1,2021-02-01,8.0,119.518423932871,1,bad
9000000619-1,2021-02-01,9.0,109.83050847457629,1,bad
9000000619-1,2021-02-01,10.0,108.69761153672778,1,bad
9000000619-1,2021-02-01,11.0,151.1144130757803,1,bad
9000000619-1,2021-02-01,13.0,118.86792452830144,1,bad
9000000619-1,2021-02-01,14.0,204.25531914893628,1,bad
9000000619-1,2021-02-01,15.0,265.3219550038795,1,bad
9000000619-1,2021-02-01,16.0,188.8347695766202,1,bad
9000000619-1,2021-02-02,8.0,123.51029252437745,1,bad
9000000619-1,2021-02-02,9.0,101.02040816326519,1,bad
9000000619-1,2021-02-02,10.0,115.22248243559741,1,bad
9000000619-1,2021-02-02,11.0,137.7551020408165,1,bad
9000000619-1,2021-02-02,12.0,131.5662650602406,1,bad
9000000619-1,2021-02-02,13.0,133.26752221125327,1,bad
9000000619-1,2021-02-02,14.0,213.37386018237038,1,bad
9000000619-1,2021-02-02,15.0,223.5294117647056,1,bad
9000000619-1,2021-02-02,16.0,235.3640416047549,1,bad
9000000619-1,2021-02-03,8.0,165.78947368421026,1,good
9000000619-1,2021-02-03,9.0,110.2702702702701,1,good
9000000619-1,2021-02-03,10.0,153.5236718467651,1,good
9000000619-1,2021-02-03,11.0,129.2781238548923,1,good
9000000619-1,2021-02-03,12.0,162.73428886438833,1,good
9000000619-1,2021-02-03,13.0,139.7290369827899,1,good
9000000619-1,2021-02-03,14.0,198.16513761467806,1,good
9000000619-1,2021-02-03,15.0,244.8529411764695,1,good
9000000619-1,2021-02-03,16.0,209.66542750929327,1,good
9000000619-1,2021-02-04,8.0,148.87218045112832,1,good
9000000619-1,2021-02-04,9.0,104.7653692251728,1,good
9000000619-1,2021-02-04,10.0,136.3437727603785,1,good
9000000619-1,2021-02-04,11.0,144.85049833887032,1,good
9000000619-1,2021-02-04,12.0,168.4210526315791,1,good
9000000619-1,2021-02-04,13.0,186.11521418020678,1,good
9000000619-1,2021-02-04,14.0,192.23300970873788,1,good
9000000619-1,2021-02-04,15.0,195.5357142857139,1,good
9000000619-1,2021-02-04,16.0,179.5379537953796,1,good
9000000619-1,2021-02-05,8.0,99.1394148020654,1,good
9000000619-1,2021-02-05,9.0,136.4431486880461,1,good
9000000619-1,2021-02-05,10.0,141.8060200668899,1,good
9000000619-1,2021-02-05,11.0,157.11060948081328,1,good
9000000619-1,2021-02-05,12.0,158.7842846553002,1,good
9000000619-1,2021-02-05,13.0,190.65010956902853,1,good
9000000619-1,2021-02-05,14.0,209.97798972853946,1,good
9000000619-1,2021-02-05,15.0,282.35294117647,1,good
9000000619-1,2021-02-05,16.0,177.2020725388597,1,good
9000000619-1,2021-02-06,8.0,67.68357573607659,0,good
9000000619-1,2021-02-06,9.0,85.43263964950714,0,good
9000000619-1,2021-02-06,10.0,126.61348803480745,0,good
9000000619-1,2021-02-06,11.0,120.84101807451148,0,good
9000000619-1,2021-02-06,12.0,149.72150018566617,0,good
9000000619-1,2021-02-06,13.0,97.15341959334559,0,good
9000000619-1,2021-02-06,14.0,105.3016453382082,0,good
9000000619-1,2021-02-06,15.0,93.10344827586216,0,good
9000000619-1,2021-02-06,16.0,108.79120879120879,0,good
9000000619-1,2021-02-07,7.0,18.94736842105265,0,bad
9000000619-1,2021-02-07,8.0,27.897146882705172,0,bad
9000000619-1,2021-02-07,9.0,41.69381107491862,0,bad
9000000619-1,2021-02-07,10.0,64.23889293517841,0,bad
9000000619-1,2021-02-07,11.0,70.9230207953302,0,bad
9000000619-1,2021-02-07,12.0,51.59867695700106,0,bad
9000000619-1,2021-02-07,13.0,64.73394495412849,0,bad
9000000619-1,2021-02-07,14.0,72.92817679558014,0,bad
9000000619-1,2021-02-07,15.0,65.38176426982959,0,bad
9000000619-1,2021-02-07,16.0,78.54545454545455,0,bad
9000000619-1,2021-02-08,8.0,36.61460225208862,1,bad
9000000619-1,2021-02-08,9.0,34.235552304316066,1,bad
9000000619-1,2021-02-08,10.0,67.43119266055042,1,bad
9000000619-1,2021-02-08,11.0,96.7448902346706,1,bad
9000000619-1,2021-02-08,12.0,93.91304347826099,1,bad
9000000619-1,2021-02-08,13.0,98.5551330798478,1,bad
9000000619-1,2021-02-08,14.0,133.8842975206605,1,bad
9000000619-1,2021-02-08,15.0,106.38453119299561,1,bad
9000000619-1,2021-02-08,16.0,95.55140186915877,1,bad
9000000619-1,2021-02-09,8.0,142.70755422587865,1,bad
9000000619-1,2021-02-09,9.0,125.37313432835847,1,bad
9000000619-1,2021-02-09,10.0,126.33863965267767,1,bad
9000000619-1,2021-02-09,11.0,156.00440690415024,1,bad
9000000619-1,2021-02-09,12.0,149.72637723458615,1,bad
9000000619-1,2021-02-09,13.0,161.9469026548668,1,bad
9000000619-1,2021-02-09,14.0,217.98165137614617,1,bad
9000000619-1,2021-02-09,15.0,235.0188679245286,1,bad
9000000619-1,2021-02-09,16.0,249.96326230712776,1,bad
9000000619-1,2021-02-10,8.0,141.81423924828306,1,bad
9000000619-1,2021-02-10,9.0,115.57825611090838,1,bad
9000000619-1,2021-02-10,10.0,113.39608979000762,1,bad
9000000619-1,2021-02-10,11.0,125.51928783382749,1,bad
9000000619-1,2021-02-10,12.0,149.2296404988994,1,bad
9000000619-1,2021-02-10,13.0,161.19402985074674,1,bad
9000000619-1,2021-02-10,14.0,181.45695364238438,1,bad
9000000619-1,2021-02-10,15.0,294.64285714285745,1,bad
9000000619-1,2021-02-11,8.0,152.52918287937717,1,bad
9000000619-1,2021-02-11,9.0,104.2345276872964,1,bad
9000000619-1,2021-02-11,10.0,128.10457516339866,1,bad
9000000619-1,2021-02-11,11.0,151.55190866928334,1,bad
9000000619-1,2021-02-11,12.0,129.44983818770217,1,bad
9000000619-1,2021-02-11,13.0,148.74954693729612,1,bad
9000000619-1,2021-02-11,14.0,178.34862385321117,1,bad
9000000619-1,2021-02-11,15.0,268.5777287761863,1,bad
9000000619-1,2021-02-11,16.0,262.0842572062095,1,bad
9000000619-1,2021-02-12,7.0,140.625,1,bad
9000000619-1,2021-02-12,8.0,81.14754098360659,1,bad
9000000619-1,2021-02-12,9.0,106.42491131257397,1,bad
9000000619-1,2021-02-12,10.0,143.62416107382526,1,bad
9000000619-1,2021-02-12,11.0,116.27146361406413,1,bad
9000000619-1,2021-02-12,12.0,146.7032967032963,1,bad
9000000619-1,2021-02-12,14.0,256.56716417910457,1,bad
9000000619-1,2021-02-12,15.0,242.6229508196726,1,bad
9000000619-1,2021-02-12,16.0,227.56339581036426,1,bad
9000000619-1,2021-02-13,7.0,63.1878557874763,0,bad
9000000619-1,2021-02-13,8.0,42.062852538275536,0,bad
9000000619-1,2021-02-13,9.0,50.450450450450404,0,bad
9000000619-1,2021-02-13,11.0,105.07960576194058,0,bad
9000000619-1,2021-02-13,12.0,131.49459560193853,0,bad
9000000619-1,2021-02-13,14.0,124.65186300338763,0,bad
9000000619-1,2021-02-13,15.0,130.83700440528662,0,bad
9000000619-1,2021-02-13,16.0,116.51342405296106,0,bad
9000000619-1,2021-02-14,7.0,19.23551171393345,0,bad
9000000619-1,2021-02-14,8.0,22.42990654205607,0,bad
9000000619-1,2021-02-14,10.0,44.566712517193984,0,bad
9000000619-1,2021-02-14,11.0,78.65082407052505,0,bad
9000000619-1,2021-02-14,12.0,65.64942314849272,0,bad
9000000619-1,2021-02-14,14.0,105.405405405406,0,bad
9000000619-1,2021-02-14,15.0,69.07749077490784,0,bad
9000000619-1,2021-02-14,16.0,79.0781418797263,0,bad
9000000619-1,2021-02-15,7.0,167.7725118483407,1,bad
9000000619-1,2021-02-15,8.0,100.99266292619757,1,bad
9000000619-1,2021-02-15,9.0,62.91643910431461,1,bad
9000000619-1,2021-02-15,11.0,136.4595545134818,1,bad
9000000619-1,2021-02-15,12.0,138.6168224299062,1,bad
9000000619-1,2021-02-15,14.0,225.68389057750738,1,bad
9000000619-1,2021-02-15,15.0,282.6391448580923,1,bad
9000000619-1,2021-02-15,16.0,300.66225165562935,1,bad
9000000619-1,2021-02-16,7.0,149.47613504074528,1,bad
9000000619-1,2021-02-16,8.0,108.70588235294075,1,bad
9000000619-1,2021-02-16,9.0,90.7563025210084,1,bad
9000000619-1,2021-02-16,11.0,131.31908621960184,1,bad
9000000619-1,2021-02-16,12.0,132.69443420567634,1,bad
9000000619-1,2021-02-16,14.0,207.2324723247228,1,bad
9000000619-1,2021-02-16,15.0,315.0166852057844,1,bad
9000000619-1,2021-02-16,16.0,232.2152598599341,1,bad
9000000619-1,2021-02-17,7.0,156.3198624247634,1,bad
9000000619-1,2021-02-17,8.0,138.61242281147807,1,bad
9000000619-1,2021-02-17,9.0,131.29102844638948,1,bad
9000000619-1,2021-02-17,10.0,151.9266055045875,1,bad
9000000619-1,2021-02-17,11.0,174.692049272116,1,bad
9000000619-1,2021-02-17,13.0,201.42095914742393,1,bad
9000000619-1,2021-02-17,14.0,191.10280373831836,1,bad
9000000619-1,2021-02-17,15.0,308.26901874311,1,bad
9000000619-1,2021-02-17,16.0,245.36312849162127,1,bad
9000000619-1,2021-02-18,7.0,160.3960396039606,1,good
9000000619-1,2021-02-18,8.0,116.34723788049574,1,good
9000000619-1,2021-02-18,12.0,282.27712137486617,1,good
9000000619-1,2021-02-18,13.0,189.84651711924485,1,good
9000000619-1,2021-02-18,14.0,265.9167604049499,1,good
9000000619-1,2021-02-18,15.0,276.5179224579376,1,good
9000000619-1,2021-02-18,16.0,231.95876288659795,1,good
9000000619-1,2021-02-19,7.0,174.8031496062988,1,bad
9000000619-1,2021-02-19,8.0,144.8350851757884,1,bad
9000000619-1,2021-02-19,9.0,154.76878612716757,1,bad
9000000619-1,2021-02-19,10.0,172.1115537848608,1,bad
9000000619-1,2021-02-19,11.0,175.545851528384,1,bad
9000000619-1,2021-02-19,13.0,208.1767955801106,1,bad
9000000619-1,2021-02-19,14.0,264.3171806167399,1,bad
9000000619-1,2021-02-19,15.0,276.0000000000007,1,bad
9000000619-1,2021-02-19,16.0,240.5375139977597,1,bad
9000000619-1,2021-02-20,7.0,55.14893617021279,0,good
9000000619-1,2021-02-20,8.0,68.95554752439469,0,good
9000000619-1,2021-02-20,9.0,91.9565217391305,0,good
9000000619-1,2021-02-20,10.0,112.78890600924498,0,good
9000000619-1,2021-02-20,11.0,121.15384615384619,0,good
9000000619-1,2021-02-20,12.0,130.3571428571429,0,good
9000000619-1,2021-02-20,14.0,121.73195876288659,0,good
9000000619-1,2021-02-20,15.0,138.9705882352944,0,good
9000000619-1,2021-02-20,16.0,144.8957189901206,0,good
9000000619-1,2021-02-20,17.0,105.01535312180128,0,good
9000000619-1,2021-02-21,7.0,19.214639725505137,0,good
9000000619-1,2021-02-21,8.0,19.41747572815531,0,good
9000000619-1,2021-02-21,9.0,46.535008976660706,0,good
9000000619-1,2021-02-21,10.0,46.7532467532468,0,good
9000000619-1,2021-02-21,11.0,60.1307189542483,0,good
9000000619-1,2021-02-21,13.0,85.14056224899599,0,good
9000000619-1,2021-02-21,14.0,98.4714400643603,0,good
9000000619-1,2021-02-21,15.0,76.12103536274151,0,good
9000000619-1,2021-02-21,16.0,86.0610518573005,0,good
9000000619-1,2021-02-21,17.0,103.46878097125861,0,good
9000000619-1,2021-02-22,7.0,160.6569082470548,1,good
9000000619-1,2021-02-22,8.0,145.82278481012668,1,good
9000000619-1,2021-02-22,9.0,128.6702536510376,1,good
9000000619-1,2021-02-22,10.0,126.9709543568464,1,good
9000000619-1,2021-02-22,12.0,125.0000000000001,1,good
9000000619-1,2021-02-22,14.0,187.41126360624682,1,good
9000000619-1,2021-02-22,15.0,219.200597683974,1,good
9000000619-1,2021-02-22,16.0,200.14825796886572,1,good
9000000619-1,2021-02-23,7.0,103.404255319149,1,good
9000000619-1,2021-02-23,8.0,71.3303679741205,1,good
9000000619-1,2021-02-23,10.0,82.532751091703,1,good
9000000619-1,2021-02-23,11.0,153.4166054371785,1,good
9000000619-1,2021-02-23,12.0,131.5789473684211,1,good
9000000619-1,2021-02-23,14.0,184.75269616957962,1,good
9000000619-1,2021-02-23,15.0,230.0751879699247,1,good
9000000619-1,2021-02-23,16.0,224.8346803820722,1,good
9000000619-1,2021-02-23,17.0,154.42804428044258,1,good
9000000619-1,2021-02-24,7.0,113.26421165534501,1,good
9000000619-1,2021-02-24,8.0,100.22573363431151,1,good
9000000619-1,2021-02-24,10.0,92.96202531645571,1,good
9000000619-1,2021-02-24,11.0,122.05614290922338,1,good
9000000619-1,2021-02-24,12.0,138.61242281147844,1,good
9000000619-1,2021-02-24,14.0,161.71875,1,good
9000000619-1,2021-02-24,15.0,248.41477060798178,1,good
9000000619-1,2021-02-24,16.0,219.5121951219517,1,good
9000000619-1,2021-02-24,17.0,150.34044484793492,1,good
9000000619-1,2021-02-25,7.0,96.10389610389609,1,good
9000000619-1,2021-02-25,8.0,104.81522956327001,1,good
9000000619-1,2021-02-25,10.0,110.94580233793829,1,good
9000000619-1,2021-02-25,11.0,120.08797653958939,1,good
9000000619-1,2021-02-25,12.0,140.10378057820628,1,good
9000000619-1,2021-02-25,14.0,203.54315868827823,1,good
9000000619-1,2021-02-25,15.0,250.65863756115888,1,good
9000000619-1,2021-02-25,16.0,204.4680045437335,1,good
9000000619-1,2021-02-25,17.0,182.60869565217382,1,good
9000000619-1,2021-02-26,7.0,96.4285714285713,1,good
9000000619-1,2021-02-26,8.0,55.678303137428195,1,good
9000000619-1,2021-02-26,10.0,154.5586107091174,1,good
9000000619-1,2021-02-26,11.0,134.8314606741573,1,good
9000000619-1,2021-02-26,12.0,157.21687638786068,1,good
9000000619-1,2021-02-26,14.0,240.46332046332066,1,good
9000000619-1,2021-02-26,15.0,191.7406406792739,1,good
9000000619-1,2021-02-26,16.0,151.9044062733385,1,good
9000000619-1,2021-02-26,17.0,201.83823529411774,1,good
9000000619-1,2021-02-27,7.0,56.1105207226355,0,good
9000000619-1,2021-02-27,8.0,78.0022034520749,0,good
9000000619-1,2021-02-27,9.0,103.4111310592459,0,good
9000000619-1,2021-02-27,10.0,110.8882521489973,0,good
9000000619-1,2021-02-27,11.0,118.20503465888369,0,good
9000000619-1,2021-02-27,12.0,121.5859030837004,0,good
9000000619-1,2021-02-27,13.0,112.60663507109001,0,good
9000000619-1,2021-02-27,14.0,118.9735614307931,0,good
9000000619-1,2021-02-27,15.0,112.97359357060851,0,good
9000000619-1,2021-02-27,16.0,127.12246431254701,0,good
9000000619-1,2021-02-27,17.0,101.0633772862613,0,good
9000000619-1,2021-02-28,7.0,24.586628324946002,0,bad
9000000619-1,2021-02-28,8.0,23.26332794830367,0,bad
9000000619-1,2021-02-28,10.0,48.45463609172481,0,bad
9000000619-1,2021-02-28,11.0,64.9624060150376,0,bad
9000000619-1,2021-02-28,12.0,77.36198592071139,0,bad
9000000619-1,2021-02-28,13.0,58.123107971745696,0,bad
9000000619-1,2021-02-28,14.0,49.43820224719103,0,bad
9000000619-1,2021-02-28,15.0,90.75630252100841,0,bad
9000000619-1,2021-02-28,16.0,101.2417823228634,0,bad
9000000619-1,2021-02-28,17.0,104.8818897637795,0,bad
9000000619-1,2021-03-01,7.0,122.6666666666667,1,good
9000000619-1,2021-03-01,8.0,59.66850828729281,1,good
9000000619-1,2021-03-01,10.0,107.12008501594039,1,good
9000000619-1,2021-03-01,11.0,148.8619119878604,1,good
9000000619-1,2021-03-01,12.0,122.4489795918368,1,good
9000000619-1,2021-03-01,14.0,271.540953262378,1,good
9000000619-1,2021-03-01,15.0,261.7670054730253,1,good
9000000619-1,2021-03-01,16.0,274.04844290657473,1,good
9000000619-1,2021-03-01,17.0,176.8621236133124,1,good
9000000619-1,2021-03-02,7.0,139.5652173913042,1,good
9000000619-1,2021-03-02,8.0,88.83116883116881,1,good
9000000619-1,2021-03-02,10.0,116.96129956999519,1,good
9000000619-1,2021-03-02,11.0,130.7375514788469,1,good
9000000619-1,2021-03-02,12.0,143.29703342095402,1,good
9000000619-1,2021-03-02,14.0,190.73731011485728,1,good
9000000619-1,2021-03-02,15.0,226.6033254156776,1,good
9000000619-1,2021-03-02,16.0,219.036954087346,1,good
9000000619-1,2021-03-02,17.0,175.8578926120302,1,good
9000000619-1,2021-03-03,7.0,123.6693091732729,1,good
9000000619-1,2021-03-03,10.0,133.8582677165353,1,good
9000000619-1,2021-03-03,11.0,100.5740528128588,1,good
9000000619-1,2021-03-03,12.0,160.20942408376982,1,good
9000000619-1,2021-03-03,14.0,235.14538558786342,1,good
9000000619-1,2021-03-03,15.0,254.4117647058825,1,good
9000000619-1,2021-03-03,16.0,221.53846153846177,1,good
9000000619-1,2021-03-03,17.0,181.2628972348331,1,good
9000000619-1,2021-03-04,7.0,129.5430010795249,1,good
9000000619-1,2021-03-04,8.0,120.86642599277971,1,good
9000000619-1,2021-03-04,9.0,123.54623450905619,1,good
9000000619-1,2021-03-04,10.0,109.5729013254786,1,good
9000000619-1,2021-03-04,12.0,175.7064220183491,1,good
9000000619-1,2021-03-04,13.0,153.1139240506329,1,good
9000000619-1,2021-03-04,14.0,254.65729349736472,1,good
9000000619-1,2021-03-04,15.0,262.21547799696555,1,good
9000000619-1,2021-03-04,16.0,200.2195389681663,1,good
9000000619-1,2021-03-04,17.0,187.34388009991642,1,good
9000000619-1,2021-03-05,7.0,144.3674808603715,1,bad
9000000619-1,2021-03-05,8.0,154.01785714285708,1,bad
9000000619-1,2021-03-05,10.0,142.653606411398,1,bad
9000000619-1,2021-03-05,11.0,144.4279346210995,1,bad
9000000619-1,2021-03-05,12.0,158.6114819759678,1,bad
9000000619-1,2021-03-05,13.0,185.7382550335565,1,bad
9000000619-1,2021-03-05,14.0,289.6551724137932,1,bad
9000000619-1,2021-03-05,15.0,258.12883435582876,1,bad
9000000619-1,2021-03-05,16.0,226.0934579439255,1,bad
9000000619-1,2021-03-06,7.0,48.9795918367347,0,bad
9000000619-1,2021-03-06,9.0,58.7677725118484,0,bad
9000000619-1,2021-03-06,10.0,69.3757855048178,0,bad
9000000619-1,2021-03-06,11.0,117.6653696498054,0,bad
9000000619-1,2021-03-06,12.0,113.78002528445,0,bad
9000000619-1,2021-03-06,14.0,158.8235294117649,0,bad
9000000619-1,2021-03-06,15.0,119.86222732491399,0,bad
9000000619-1,2021-03-06,16.0,126.78905957287361,0,bad
9000000619-1,2021-03-06,17.0,104.7874377633091,0,bad
9000000619-1,2021-03-07,7.0,12.826603325415672,0,bad
9000000619-1,2021-03-07,9.0,24.4786944696283,0,bad
9000000619-1,2021-03-07,10.0,43.0793777423215,0,bad
9000000619-1,2021-03-07,11.0,68.9391037916508,0,bad
9000000619-1,2021-03-07,12.0,71.55963302752289,0,bad
9000000619-1,2021-03-07,13.0,64.28571428571429,0,bad
9000000619-1,2021-03-07,14.0,104.7970479704797,0,bad
9000000619-1,2021-03-07,15.0,108.66873065015488,0,bad
9000000619-1,2021-03-07,16.0,103.38058887677211,0,bad
9000000619-1,2021-03-07,17.0,68.4961580680571,0,bad
9000000619-1,2021-03-08,7.0,130.05160778086528,1,good
9000000619-1,2021-03-08,9.0,116.7747914735866,1,good
9000000619-1,2021-03-08,10.0,148.3763530391341,1,good
9000000619-1,2021-03-08,11.0,135.84905660377353,1,good
9000000619-1,2021-03-08,12.0,147.29729729729752,1,good
9000000619-1,2021-03-08,14.0,246.03773584905724,1,good
9000000619-1,2021-03-08,15.0,239.9999999999994,1,good
9000000619-1,2021-03-08,16.0,226.1922785768357,1,good
9000000619-1,2021-03-08,17.0,181.5905743740795,1,good
9000000619-1,2021-03-09,7.0,105.72687224669599,1,bad
9000000619-1,2021-03-09,8.0,157.1587125416205,1,bad
9000000619-1,2021-03-09,9.0,155.6650246305418,1,bad
9000000619-1,2021-03-09,11.0,121.15384615384622,1,bad
9000000619-1,2021-03-09,12.0,125.36656891495599,1,bad
9000000619-1,2021-03-09,13.0,166.5198237885463,1,bad
9000000619-1,2021-03-09,14.0,274.1042345276874,1,bad
9000000619-1,2021-03-09,15.0,294.3481537302179,1,bad
9000000619-1,2021-03-09,16.0,246.53902798232696,1,bad
9000000619-1,2021-03-09,17.0,172.8432108027005,1,bad
9000000619-1,2021-03-10,7.0,120.5198897203623,1,bad
9000000619-1,2021-03-10,8.0,124.00218698742479,1,bad
9000000619-1,2021-03-10,9.0,109.90099009901,1,bad
9000000619-1,2021-03-10,10.0,141.5807560137456,1,bad
9000000619-1,2021-03-10,11.0,149.38866246758062,1,bad
9000000619-1,2021-03-10,12.0,115.9851301115243,1,bad
9000000619-1,2021-03-10,13.0,153.1598513011154,1,bad
9000000619-1,2021-03-10,14.0,214.9514563106793,1,bad
9000000619-1,2021-03-10,15.0,245.7940399849113,1,bad
9000000619-1,2021-03-10,16.0,227.69461077844312,1,bad
9000000619-1,2021-03-10,17.0,154.78131949592338,1,bad
9000000619-1,2021-03-11,7.0,162.0915032679741,1,bad
9000000619-1,2021-03-11,8.0,183.580470162749,1,bad
9000000619-1,2021-03-11,9.0,133.8551859099805,1,bad
9000000619-1,2021-03-11,13.0,158.9988958410014,1,bad
9000000619-1,2021-03-11,14.0,181.181619256018,1,bad
9000000619-1,2021-03-11,15.0,242.1168687982363,1,bad
9000000619-1,2021-03-11,16.0,183.07301126044297,1,bad
9000000619-1,2021-03-11,17.0,138.72567722243411,1,bad
9000000619-1,2021-03-12,7.0,198.28125,1,bad
9000000619-1,2021-03-12,8.0,170.0369003690035,1,bad
9000000619-1,2021-03-12,9.0,119.51309479896719,1,bad
9000000619-1,2021-03-12,10.0,146.67151691524208,1,bad
9000000619-1,2021-03-12,11.0,223.57753811825958,1,bad
9000000619-1,2021-03-12,12.0,223.8840137352163,1,bad
9000000619-1,2021-03-12,13.0,220.90909090909082,1,bad
9000000619-1,2021-03-12,14.0,276.1868590960872,1,bad
9000000619-1,2021-03-12,16.0,323.8800444279884,1,bad
9000000619-1,2021-03-12,17.0,188.3892068683563,1,bad
9000000619-1,2021-03-13,7.0,43.022847100175696,0,bad
9000000619-1,2021-03-13,8.0,78.5969935576235,0,bad
9000000619-1,2021-03-13,9.0,88.0575539568345,0,bad
9000000619-1,2021-03-13,10.0,116.818361693708,0,bad
9000000619-1,2021-03-13,11.0,149.496644295302,0,bad
9000000619-1,2021-03-13,12.0,124.30939226519331,0,bad
9000000619-1,2021-03-13,13.0,136.74649050371602,0,bad
9000000619-1,2021-03-13,14.0,144.3037974683544,0,bad
9000000619-1,2021-03-13,15.0,132.74336283185858,0,bad
9000000619-1,2021-03-13,16.0,138.5122755588127,0,bad
9000000619-1,2021-03-13,17.0,138.6124228114785,0,bad
9000000619-1,2021-03-14,7.0,25.714285714285708,0,bad
9000000619-1,2021-03-14,8.0,16.93198263386398,0,bad
9000000619-1,2021-03-14,9.0,55.142231947483594,0,bad
9000000619-1,2021-03-14,10.0,63.04023845007451,0,bad
9000000619-1,2021-03-14,11.0,61.1492591254065,0,bad
9000000619-1,2021-03-14,12.0,63.9526276831976,0,bad
9000000619-1,2021-03-14,13.0,93.52360043907791,0,bad
9000000619-1,2021-03-14,14.0,48.6486486486486,0,bad
9000000619-1,2021-03-14,15.0,67.3514306676449,0,bad
9000000619-1,2021-03-14,16.0,72.5540491022352,0,bad
9000000619-1,2021-03-14,17.0,59.3908629441624,0,bad
9000000619-1,2021-03-15,7.0,185.022026431718,1,good
9000000619-1,2021-03-15,8.0,158.3173996175905,1,good
9000000619-1,2021-03-15,9.0,139.02771467514782,1,good
9000000619-1,2021-03-15,10.0,120.53973013493248,1,good
9000000619-1,2021-03-15,11.0,115.0159744408945,1,good
9000000619-1,2021-03-15,12.0,114.0398904966758,1,good
9000000619-1,2021-03-15,13.0,163.06620209059218,1,good
9000000619-1,2021-03-15,14.0,234.25214640759123,1,good
9000000619-1,2021-03-15,15.0,258.1081081081087,1,good
9000000619-1,2021-03-15,16.0,218.84498480243093,1,good
9000000619-1,2021-03-15,17.0,156.63619744058562,1,good
9000000619-1,2021-03-16,7.0,115.10791366906469,1,good
9000000619-1,2021-03-16,8.0,112.1311475409835,1,good
9000000619-1,2021-03-16,9.0,84.0407470288626,1,good
9000000619-1,2021-03-16,10.0,115.2368758002561,1,good
9000000619-1,2021-03-16,11.0,165.0200267022696,1,good
9000000619-1,2021-03-16,12.0,158.4218512898335,1,good
9000000619-1,2021-03-16,13.0,169.2191053828658,1,good
9000000619-1,2021-03-16,14.0,222.35294117647072,1,good
9000000619-1,2021-03-16,15.0,274.3648960739043,1,good
9000000619-1,2021-03-16,16.0,215.6996587030712,1,good
9000000619-1,2021-03-16,17.0,164.9057997783525,1,good
9000000619-1,2021-03-17,6.0,125.30386740331491,1,bad
9000000619-1,2021-03-17,7.0,72.2298221614227,1,bad
9000000619-1,2021-03-17,9.0,86.9183494293239,1,bad
9000000619-1,2021-03-17,10.0,140.3669724770642,1,bad
9000000619-1,2021-03-17,11.0,132.2327692942633,1,bad
9000000619-1,2021-03-17,12.0,155.5840821566112,1,bad
9000000619-1,2021-03-17,13.0,123.9344262295082,1,bad
9000000619-1,2021-03-17,14.0,214.40643863179122,1,bad
9000000619-1,2021-03-17,15.0,250.88047958036688,1,bad
9000000619-1,2021-03-17,16.0,251.25553914327952,1,bad
9000000619-1,2021-03-17,17.0,166.8874172185432,1,bad
9000000619-1,2021-03-18,6.0,114.63954002653679,1,bad
9000000619-1,2021-03-18,7.0,109.5115681233934,1,bad
9000000619-1,2021-03-18,9.0,118.00699300699301,1,bad
9000000619-1,2021-03-18,10.0,108.32646331409728,1,bad
9000000619-1,2021-03-18,11.0,105.1094890510949,1,bad
9000000619-1,2021-03-18,12.0,120.9969788519638,1,bad
9000000619-1,2021-03-18,13.0,186.4344637946835,1,bad
9000000619-1,2021-03-18,14.0,187.09915223000388,1,bad
9000000619-1,2021-03-18,15.0,272.2242714865355,1,bad
9000000619-1,2021-03-18,16.0,251.4115898959887,1,bad
9000000619-1,2021-03-18,17.0,173.15436241610712,1,bad
9000000619-1,2021-03-19,6.0,96.3671128107075,1,bad
9000000619-1,2021-03-19,7.0,83.34817453250218,1,bad
9000000619-1,2021-03-19,9.0,115.24852569502943,1,bad
9000000619-1,2021-03-19,10.0,138.68149324861,1,bad
9000000619-1,2021-03-19,11.0,112.71743332044849,1,bad
9000000619-1,2021-03-19,12.0,174.0388275599538,1,bad
9000000619-1,2021-03-19,13.0,238.08437856328348,1,bad
9000000619-1,2021-03-19,15.0,301.5921152388174,1,bad
9000000619-1,2021-03-19,16.0,237.97282409107612,1,bad
9000000619-1,2021-03-19,17.0,176.2146482958667,1,bad
9000000619-1,2021-03-20,6.0,51.199999999999996,0,bad
9000000619-1,2021-03-20,7.0,64.3316654753395,0,bad
9000000619-1,2021-03-20,9.0,90.0,0,bad
9000000619-1,2021-03-20,10.0,123.8805970149253,0,bad
9000000619-1,2021-03-20,11.0,142.22884830413722,0,bad
9000000619-1,2021-03-20,12.0,154.4378698224848,0,bad
9000000619-1,2021-03-20,13.0,138.3592017738358,0,bad
9000000619-1,2021-03-20,14.0,148.6725663716815,0,bad
9000000619-1,2021-03-20,15.0,123.41356673960631,0,bad
9000000619-1,2021-03-20,16.0,97.4753018660812,0,bad
9000000619-1,2021-03-20,17.0,112.91512915129158,0,bad
9000000619-1,2021-03-21,6.0,19.00452488687787,0,bad
9000000619-1,2021-03-21,7.0,13.102820746132808,0,bad
9000000619-1,2021-03-21,8.0,27.411167512690373,0,bad
9000000619-1,2021-03-21,9.0,35.482546201232,0,bad
9000000619-1,2021-03-21,10.0,46.2279293739968,0,bad
9000000619-1,2021-03-21,11.0,83.5616438356164,0,bad
9000000619-1,2021-03-21,12.0,75.6189047261816,0,bad
9000000619-1,2021-03-21,13.0,64.31123461691149,0,bad
9000000619-1,2021-03-21,15.0,103.1973539140021,0,bad
9000000619-1,2021-03-21,16.0,88.4488448844884,0,bad
9000000619-1,2021-03-21,17.0,76.71028037383181,0,bad
9000000619-1,2021-03-22,6.0,103.6717062634989,1,good
9000000619-1,2021-03-22,7.0,126.61745549283549,1,good
9000000619-1,2021-03-22,9.0,154.71698113207552,1,good
9000000619-1,2021-03-22,10.0,113.089005235602,1,good
9000000619-1,2021-03-22,12.0,131.6586627262653,1,good
9000000619-1,2021-03-22,13.0,200.3028009084025,1,good
9000000619-1,2021-03-22,14.0,242.01680672268898,1,good
9000000619-1,2021-03-22,15.0,326.1834319526637,1,good
9000000619-1,2021-03-22,16.0,251.8409425625922,1,good
9000000619-1,2021-03-22,17.0,157.49999999999997,1,good
9000000619-1,2021-03-23,6.0,84.985835694051,1,good
9000000619-1,2021-03-23,9.0,105.4329371816639,1,good
9000000619-1,2021-03-23,10.0,126.15384615384619,1,good
9000000619-1,2021-03-23,11.0,164.1554321966692,1,good
9000000619-1,2021-03-23,12.0,153.9384846211554,1,good
9000000619-1,2021-03-23,13.0,148.8076311605721,1,good
9000000619-1,2021-03-23,15.0,330.9721175584017,1,good
9000000619-1,2021-03-23,16.0,274.285714285714,1,good
9000000619-1,2021-03-23,17.0,154.03909996311302,1,good
9000000619-1,2021-03-24,6.0,93.11579785117391,1,good
9000000619-1,2021-03-24,9.0,109.6688741721854,1,good
9000000619-1,2021-03-24,10.0,121.3310580204778,1,good
9000000619-1,2021-03-24,11.0,141.6393442622955,1,good
9000000619-1,2021-03-24,12.0,134.84676503972742,1,good
9000000619-1,2021-03-24,13.0,121.1678832116788,1,good
9000000619-1,2021-03-24,14.0,231.97389885807522,1,good
9000000619-1,2021-03-24,15.0,277.7777777777774,1,good
9000000619-1,2021-03-24,16.0,185.8959537572259,1,good
9000000619-1,2021-03-24,17.0,160.9538002980629,1,good
9000000619-1,2021-03-25,6.0,109.274873524452,1,good
9000000619-1,2021-03-25,7.0,62.9164391043145,1,good
9000000619-1,2021-03-25,9.0,115.2860802732707,1,good
9000000619-1,2021-03-25,10.0,131.63265306122435,1,good
9000000619-1,2021-03-25,11.0,106.78585940674522,1,good
9000000619-1,2021-03-25,12.0,164.8750946252839,1,good
9000000619-1,2021-03-25,13.0,136.8821292775665,1,good
9000000619-1,2021-03-25,14.0,243.6606291706384,1,good
9000000619-1,2021-03-25,15.0,306.0896208349298,1,good
9000000619-1,2021-03-25,16.0,240.74217240046372,1,good
9000000619-1,2021-03-25,17.0,185.0968703427713,1,good
9000000619-1,2021-03-26,6.0,94.0743467059257,1,good
9000000619-1,2021-03-26,7.0,94.50656295576081,1,good
9000000619-1,2021-03-26,9.0,87.218045112782,1,good
9000000619-1,2021-03-26,10.0,126.12456747404829,1,good
9000000619-1,2021-03-26,11.0,167.408585055644,1,good
9000000619-1,2021-03-26,12.0,154.998128041932,1,good
9000000619-1,2021-03-26,13.0,170.0300558179481,1,good
9000000619-1,2021-03-26,14.0,295.8477508650511,1,good
9000000619-1,2021-03-26,15.0,318.9695550351282,1,good
9000000619-1,2021-03-26,16.0,232.9913180741903,1,good
9000000619-1,2021-03-26,17.0,184.029850746269,1,good
9000000619-1,2021-03-27,6.0,40.894100403078,0,bad
9000000619-1,2021-03-27,7.0,53.35413416536662,0,bad
9000000619-1,2021-03-27,8.0,69.39759036144568,0,bad
9000000619-1,2021-03-27,9.0,115.2922337870296,0,bad
9000000619-1,2021-03-27,10.0,139.40119760479038,0,bad
9000000619-1,2021-03-27,11.0,167.1663619744061,0,bad
9000000619-1,2021-03-27,12.0,146.606334841629,0,bad
9000000619-1,2021-03-27,13.0,163.5145197319436,0,bad
9000000619-1,2021-03-27,14.0,135.9516616314198,0,bad
9000000619-1,2021-03-27,15.0,122.1689413500553,0,bad
9000000619-1,2021-03-27,16.0,119.91017964071871,0,bad
9000000619-1,2021-03-27,17.0,111.1764705882353,0,bad
9000000619-1,2021-03-28,7.0,22.86995515695069,0,bad
9000000619-1,2021-03-28,8.0,28.654124457308214,0,bad
9000000619-1,2021-03-28,9.0,42.384105960264904,0,bad
9000000619-1,2021-03-28,10.0,62.527716186252704,0,bad
9000000619-1,2021-03-28,11.0,68.8488414858404,0,bad
9000000619-1,2021-03-28,12.0,74.86075009283329,0,bad
9000000619-1,2021-03-28,13.0,90.0326205146793,0,bad
9000000619-1,2021-03-28,14.0,88.3516483516484,0,bad
9000000619-1,2021-03-28,15.0,76.0281585772508,0,bad
9000000619-1,2021-03-28,16.0,97.68555466879481,0,bad
9000000619-1,2021-03-28,17.0,77.0195499815567,0,bad
9000000619-1,2021-03-28,18.0,79.09190772610769,0,bad
9000000619-1,2021-03-29,7.0,151.04895104895138,1,good
9000000619-1,2021-03-29,8.0,169.9459459459456,1,good
9000000619-1,2021-03-29,9.0,143.5215946843854,1,good
9000000619-1,2021-03-29,10.0,120.9160305343512,1,good
9000000619-1,2021-03-29,11.0,170.99545224861092,1,good
9000000619-1,2021-03-29,12.0,122.31660231660231,1,good
9000000619-1,2021-03-29,13.0,161.7824773413894,1,good
9000000619-1,2021-03-29,14.0,164.9141072358145,1,good
9000000619-1,2021-03-29,15.0,294.6332737030409,1,good
9000000619-1,2021-03-29,16.0,275.8513931888543,1,good
9000000619-1,2021-03-29,17.0,192.325056433409,1,good
9000000619-1,2021-03-29,18.0,186.6862817212214,1,good
9000000619-1,2021-03-30,7.0,120.5324727712788,1,good
9000000619-1,2021-03-30,9.0,99.3865030674846,1,good
9000000619-1,2021-03-30,10.0,110.5473965287049,1,good
9000000619-1,2021-03-30,11.0,121.930567315834,1,good
9000000619-1,2021-03-30,12.0,151.65354330708712,1,good
9000000619-1,2021-03-30,13.0,147.3843821076573,1,good
9000000619-1,2021-03-30,14.0,167.6428228516564,1,good
9000000619-1,2021-03-30,15.0,279.1907514450875,1,good
9000000619-1,2021-03-30,16.0,214.8409893992936,1,good
9000000619-1,2021-03-30,17.0,191.69184290030222,1,good
9000000619-1,2021-03-30,18.0,156.2238294632657,1,good
9000000619-1,2021-03-31,7.0,104.52094566569892,1,good
9000000619-1,2021-03-31,9.0,82.2761194029851,1,good
9000000619-1,2021-03-31,10.0,138.18181818181807,1,good
9000000619-1,2021-03-31,11.0,120.80536912751671,1,good
9000000619-1,2021-03-31,12.0,137.42621015348277,1,good
9000000619-1,2021-03-31,13.0,192.8328932478313,1,good
9000000619-1,2021-03-31,14.0,184.9198868991516,1,good
9000000619-1,2021-03-31,15.0,293.8775510204074,1,good
9000000619-1,2021-03-31,17.0,199.33110367892976,1,good
9000000619-1,2021-03-31,18.0,178.5900783289819,1,good
9000000619-1,2021-04-01,7.0,82.2857142857143,1,good
9000000619-1,2021-04-01,9.0,103.9765592298032,1,good
9000000619-1,2021-04-01,10.0,96.5186074429772,1,good
9000000619-1,2021-04-01,11.0,95.47123623011021,1,good
9000000619-1,2021-04-01,12.0,120.41522491349488,1,good
9000000619-1,2021-04-01,13.0,94.84083424807899,1,good
9000000619-1,2021-04-01,14.0,110.2241662110442,1,good
9000000619-1,2021-04-01,15.0,184.9424269264832,1,good
9000000619-1,2021-04-01,16.0,150.2235469448583,1,good
9000000619-1,2021-04-01,17.0,143.8416422287387,1,good
9000000619-1,2021-04-01,18.0,112.70965337308999,1,good
9000000619-1,2021-04-02,7.0,103.006157189424,1,good
9000000619-1,2021-04-02,8.0,116.67880553532399,1,good
9000000619-1,2021-04-02,9.0,123.5995663173111,1,good
9000000619-1,2021-04-02,12.0,191.1654135338347,1,good
9000000619-1,2021-04-02,13.0,149.8007968127491,1,good
9000000619-1,2021-04-02,16.0,138.2608695652172,1,good
9000000619-1,2021-04-02,17.0,148.59287054409,1,good
9000000619-1,2021-04-02,18.0,95.3993375046007,1,good
9000000619-1,2021-04-03,7.0,51.166180758017504,0,bad
9000000619-1,2021-04-03,8.0,60.11650485436889,0,bad
9000000619-1,2021-04-03,9.0,86.64259927797829,0,bad
9000000619-1,2021-04-03,10.0,146.4256368118323,0,bad
9000000619-1,2021-04-03,11.0,130.9417040358744,0,bad
9000000619-1,2021-04-03,13.0,125.170068027211,0,bad
9000000619-1,2021-04-03,14.0,88.00300864986832,0,bad
9000000619-1,2021-04-03,15.0,129.28176795580106,0,bad
9000000619-1,2021-04-03,16.0,100.596125186289,0,bad
9000000619-1,2021-04-03,17.0,96.90796653328471,0,bad
9000000619-1,2021-04-03,18.0,80.58715596330279,0,bad
9000000619-1,2021-04-04,7.0,24.80058013052936,0,good
9000000619-1,2021-04-04,9.0,31.6081330868762,0,good
9000000619-1,2021-04-04,10.0,76.4555108019041,0,good
9000000619-1,2021-04-04,11.0,52.554744525547406,0,good
9000000619-1,2021-04-04,12.0,60.596786534047396,0,good
9000000619-1,2021-04-04,13.0,55.731662366384,0,good
9000000619-1,2021-04-04,14.0,66.9915817456801,0,good
9000000619-1,2021-04-04,15.0,48.9320388349515,0,good
9000000619-1,2021-04-04,16.0,97.5863349424432,0,good
9000000619-1,2021-04-04,17.0,69.9290250280164,0,good
9000000619-1,2021-04-04,18.0,74.2133815551537,0,good
9000000619-1,2021-04-04,19.0,98.63013698630144,0,good
9000000619-1,2021-04-05,7.0,33.3614153327716,1,bad
9000000619-1,2021-04-05,9.0,33.786954481464136,1,bad
9000000619-1,2021-04-05,10.0,51.369070574624004,1,bad
9000000619-1,2021-04-05,11.0,51.0741791649777,1,bad
9000000619-1,2021-04-05,12.0,64.65418418035921,1,bad
9000000619-1,2021-04-05,13.0,76.45788336933039,1,bad
9000000619-1,2021-04-05,14.0,32.7402135231317,1,bad
9000000619-1,2021-04-05,16.0,69.005424954792,1,bad
9000000619-1,2021-04-05,17.0,72.9641693811075,1,bad
9000000619-1,2021-04-05,18.0,70.8661417322834,1,bad
9000000619-1,2021-04-06,8.0,78.4342688330872,1,bad
9000000619-1,2021-04-06,9.0,70.56,1,bad
9000000619-1,2021-04-06,10.0,84.7380410022779,1,bad
9000000619-1,2021-04-06,11.0,80.82443871917559,1,bad
9000000619-1,2021-04-06,12.0,87.8378378378379,1,bad
9000000619-1,2021-04-06,13.0,121.8991534781009,1,bad
9000000619-1,2021-04-06,14.0,120.6117989803349,1,bad
9000000619-1,2021-04-06,15.0,196.6329966329962,1,bad
9000000619-1,2021-04-06,16.0,196.56786271450912,1,bad
9000000619-1,2021-04-06,17.0,100.8591707134853,1,bad
9000000619-1,2021-04-06,18.0,81.25,1,bad
9000000619-1,2021-04-07,7.0,79.0088495575221,1,bad
9000000619-1,2021-04-07,8.0,80.0282286520819,1,bad
9000000619-1,2021-04-07,9.0,108.4044943820224,1,bad
9000000619-1,2021-04-07,10.0,93.939393939394,1,bad
9000000619-1,2021-04-07,11.0,112.5818181818183,1,bad
9000000619-1,2021-04-07,12.0,145.875542691751,1,bad
9000000619-1,2021-04-07,13.0,127.1933306867804,1,bad
9000000619-1,2021-04-07,14.0,173.30024813895758,1,bad
9000000619-1,2021-04-07,15.0,163.3369923161356,1,bad
9000000619-1,2021-04-07,16.0,180.9312638580925,1,bad
9000000619-1,2021-04-07,17.0,105.03282275711172,1,bad
9000000619-1,2021-04-07,18.0,124.0459429418303,1,bad
9000000619-1,2021-04-08,7.0,54.24863959815819,1,bad
9000000619-1,2021-04-08,9.0,69.09090909090901,1,bad
9000000619-1,2021-04-08,10.0,101.10759493670889,1,bad
9000000619-1,2021-04-08,11.0,88.33467417538219,1,bad
9000000619-1,2021-04-08,12.0,118.10449574726601,1,bad
9000000619-1,2021-04-08,13.0,116.5467625899281,1,bad
9000000619-1,2021-04-08,14.0,87.50934928945401,1,bad
9000000619-1,2021-04-08,15.0,229.86807387862808,1,bad
9000000619-1,2021-04-08,16.0,161.72140430351078,1,bad
9000000619-1,2021-04-08,17.0,148.563006632277,1,bad
9000000619-1,2021-04-08,18.0,129.7887836853606,1,bad
9000000619-1,2021-04-08,19.0,115.9024390243903,1,bad
9000000619-1,2021-04-09,6.0,118.0020811654527,1,good
9000000619-1,2021-04-09,7.0,77.02182284980739,1,good
9000000619-1,2021-04-09,9.0,79.58607714016931,1,good
9000000619-1,2021-04-09,10.0,81.8181818181818,1,good
9000000619-1,2021-04-09,11.0,99.9597585513078,1,good
9000000619-1,2021-04-09,12.0,104.06367825722671,1,good
9000000619-1,2021-04-09,13.0,141.09742441209409,1,good
9000000619-1,2021-04-09,14.0,140.5231388329978,1,good
9000000619-1,2021-04-09,15.0,231.2937062937064,1,good
9000000619-1,2021-04-09,16.0,195.85492227979313,1,good
9000000619-1,2021-04-09,17.0,123.16846411305329,1,good
9000000619-1,2021-04-09,18.0,135.57586837294338,1,good
9000000619-1,2021-04-09,19.0,107.9816980172852,1,good
9000000619-1,2021-04-10,7.0,49.872402479037596,0,good
9000000619-1,2021-04-10,8.0,79.7675263349073,0,good
9000000619-1,2021-04-10,9.0,75.7425742574258,0,good
9000000619-1,2021-04-10,10.0,133.26478149100302,0,good
9000000619-1,2021-04-10,11.0,129.5154185022026,0,good
9000000619-1,2021-04-10,12.0,107.64119601328909,0,good
9000000619-1,2021-04-10,13.0,88.0613362541074,0,good
9000000619-1,2021-04-10,14.0,79.0419161676646,0,good
9000000619-1,2021-04-10,16.0,120.4908888062476,0,good
9000000619-1,2021-04-10,17.0,92.3415170392084,0,good
9000000619-1,2021-04-10,18.0,113.90728476821201,0,good
9000000619-1,2021-04-10,19.0,93.0731707317073,0,good
9000000619-1,2021-04-11,7.0,21.818181818181838,0,bad
9000000619-1,2021-04-11,8.0,24.393723252496407,0,bad
9000000619-1,2021-04-11,9.0,33.7297297297298,0,bad
9000000619-1,2021-04-11,10.0,50.961887477313994,0,bad
9000000619-1,2021-04-11,11.0,62.5407166123779,0,bad
9000000619-1,2021-04-11,12.0,79.2207792207792,0,bad
9000000619-1,2021-04-11,13.0,86.2275449101796,0,bad
9000000619-1,2021-04-11,14.0,54.427645788336896,0,bad
9000000619-1,2021-04-11,15.0,64.1025641025641,0,bad
9000000619-1,2021-04-11,16.0,76.92864904020281,0,bad
9000000619-1,2021-04-11,17.0,72.6186029137094,0,bad
9000000619-1,2021-04-11,18.0,71.2348845731037,0,bad
9000000619-1,2021-04-12,7.0,211.95652173913032,1,bad
9000000619-1,2021-04-12,8.0,205.63594821020547,1,bad
9000000619-1,2021-04-12,9.0,138.93771494077123,1,bad
9000000619-1,2021-04-12,10.0,138.86847905951484,1,bad
9000000619-1,2021-04-12,11.0,156.23145400593478,1,bad
9000000619-1,2021-04-12,12.0,165.2855543113102,1,bad
9000000619-1,2021-04-12,13.0,178.85692939857987,1,bad
9000000619-1,2021-04-12,14.0,250.8196721311482,1,bad
9000000619-1,2021-04-12,17.0,211.9205298013239,1,bad
9000000619-1,2021-04-12,18.0,157.62523191094593,1,bad
9000000619-1,2021-04-13,7.0,185.02202643171822,1,bad
9000000619-1,2021-04-13,8.0,160.76134699853577,1,bad
9000000619-1,2021-04-13,9.0,89.9357601713063,1,bad
9000000619-1,2021-04-13,10.0,123.2432432432434,1,bad
9000000619-1,2021-04-13,11.0,130.10480664980108,1,bad
9000000619-1,2021-04-13,12.0,182.29508196721332,1,bad
9000000619-1,2021-04-13,13.0,164.4198895027628,1,bad
9000000619-1,2021-04-13,14.0,244.22788605697104,1,bad
9000000619-1,2021-04-13,15.0,278.70090634441203,1,bad
9000000619-1,2021-04-13,16.0,243.0996309963096,1,bad
9000000619-1,2021-04-13,17.0,172.63940520446113,1,bad
9000000619-1,2021-04-13,18.0,138.0569758948135,1,bad
9000000619-1,2021-04-14,7.0,209.22629858336316,1,good
9000000619-1,2021-04-14,8.0,146.0190285428139,1,good
9000000619-1,2021-04-14,9.0,90.88575096277275,1,good
9000000619-1,2021-04-14,10.0,109.17466410748595,1,good
9000000619-1,2021-04-14,11.0,124.1871530531322,1,good
9000000619-1,2021-04-14,12.0,145.8862054850595,1,good
9000000619-1,2021-04-14,15.0,307.2520966946227,1,good
9000000619-1,2021-04-14,16.0,239.82136211388266,1,good
9000000619-1,2021-04-14,17.0,187.69692423105766,1,good
9000000619-1,2021-04-14,18.0,135.64431047475566,1,good
9000000619-1,2021-04-15,6.0,137.49417792268352,1,good
9000000619-1,2021-04-15,7.0,123.22357019064165,1,good
9000000619-1,2021-04-15,9.0,103.37531486146082,1,good
9000000619-1,2021-04-15,10.0,121.25435540069657,1,good
9000000619-1,2021-04-15,11.0,122.56532066508346,1,good
9000000619-1,2021-04-15,12.0,151.296150824823,1,good
9000000619-1,2021-04-15,14.0,169.79591836734699,1,good
9000000619-1,2021-04-15,15.0,312.82527881040863,1,good
9000000619-1,2021-04-15,16.0,260.5970149253734,1,good
9000000619-1,2021-04-15,17.0,160.5095541401278,1,good
9000000619-1,2021-04-15,18.0,164.30976430976406,1,good
9000000619-1,2021-04-15,19.0,152.93118096856387,1,good
9000000619-1,2021-04-16,6.0,109.090909090909,1,good
9000000619-1,2021-04-16,7.0,123.5864297253639,1,good
9000000619-1,2021-04-16,9.0,110.25522041763351,1,good
9000000619-1,2021-04-16,10.0,110.29065200314201,1,good
9000000619-1,2021-04-16,11.0,114.95553759094565,1,good
9000000619-1,2021-04-16,12.0,133.9534883720928,1,good
9000000619-1,2021-04-16,13.0,210.6791969243921,1,good
9000000619-1,2021-04-16,14.0,217.60840998685998,1,good
9000000619-1,2021-04-16,16.0,219.83663943990712,1,good
9000000619-1,2021-04-16,17.0,186.29932985852489,1,good
9000000619-1,2021-04-16,18.0,170.9726443768996,1,good
9000000619-1,2021-04-16,19.0,158.88843481814422,1,good
9000000619-1,2021-04-17,6.0,66.5402843601896,0,good
9000000619-1,2021-04-17,7.0,50.72208524128211,0,good
9000000619-1,2021-04-17,8.0,88.0851063829787,0,good
9000000619-1,2021-04-17,11.0,147.92678371311092,0,good
9000000619-1,2021-04-17,12.0,133.11175737432504,0,good
9000000619-1,2021-04-17,13.0,162.2624834290765,0,good
9000000619-1,2021-04-17,14.0,79.81900452488689,0,good
9000000619-1,2021-04-17,16.0,167.63049192639917,0,good
9000000619-1,2021-04-17,17.0,95.04950495049493,0,good
9000000619-1,2021-04-17,18.0,121.19866814650356,0,good
9000000619-1,2021-04-17,19.0,112.59509721048185,0,good
9000000619-1,2021-04-18,7.0,29.36170212765955,0,bad
9000000619-1,2021-04-18,8.0,38.406827880512154,0,bad
9000000619-1,2021-04-18,9.0,41.23120973514677,0,bad
9000000619-1,2021-04-18,10.0,42.67241379310342,0,bad
9000000619-1,2021-04-18,11.0,64.04312668463618,0,bad
9000000619-1,2021-04-18,12.0,84.50704225352123,0,bad
9000000619-1,2021-04-18,13.0,58.993902439024374,0,bad
9000000619-1,2021-04-18,14.0,66.35944700460826,0,bad
9000000619-1,2021-04-18,15.0,68.37107377647916,0,bad
9000000619-1,2021-04-18,16.0,83.81229538013818,0,bad
9000000619-1,2021-04-18,17.0,81.69642857142853,0,bad
9000000619-1,2021-04-18,18.0,76.87776141384391,0,bad
9000000619-1,2021-04-18,19.0,79.96768982229405,0,bad
9000000619-1,2021-04-19,6.0,110.37735849056591,1,bad
9000000619-1,2021-04-19,7.0,153.0751708428245,1,bad
9000000619-1,2021-04-19,8.0,169.4760820045553,1,bad
9000000619-1,2021-04-19,11.0,145.60296846011107,1,bad
9000000619-1,2021-04-19,12.0,129.00335946248558,1,bad
9000000619-1,2021-04-19,14.0,204.5766590389014,1,bad
9000000619-1,2021-04-19,15.0,333.9644074214306,1,bad
9000000619-1,2021-04-19,16.0,276.35769701919247,1,bad
9000000619-1,2021-04-19,17.0,192.01790376725052,1,bad
9000000619-1,2021-04-19,18.0,125.1815055406953,1,bad
9000000619-1,2021-04-20,7.0,198.69281045751595,1,bad
9000000619-1,2021-04-20,8.0,172.4392041267497,1,bad
9000000619-1,2021-04-20,9.0,137.6518218623483,1,bad
9000000619-1,2021-04-20,10.0,132.96266878474924,1,bad
9000000619-1,2021-04-20,11.0,107.74142059058252,1,bad
9000000619-1,2021-04-20,12.0,154.85344499429,1,bad
9000000619-1,2021-04-20,13.0,153.19148936170237,1,bad
9000000619-1,2021-04-20,14.0,158.9403973509934,1,bad
9000000619-1,2021-04-20,15.0,283.14606741573084,1,bad
9000000619-1,2021-04-20,16.0,265.4377880184327,1,bad
9000000619-1,2021-04-20,17.0,177.89165446559286,1,bad
9000000619-1,2021-04-20,18.0,126.50467289719589,1,bad
9000000619-1,2021-04-20,19.0,132.83637718971315,1,bad
9000000619-1,2021-04-21,6.0,107.97366495976631,1,bad
9000000619-1,2021-04-21,7.0,177.37961926091847,1,bad
9000000619-1,2021-04-21,9.0,140.25974025974023,1,bad
9000000619-1,2021-04-21,10.0,106.29921259842534,1,bad
9000000619-1,2021-04-21,11.0,124.08817635270518,1,bad
9000000619-1,2021-04-21,12.0,147.35980352026132,1,bad
9000000619-1,2021-04-21,13.0,169.5845697329379,1,bad
9000000619-1,2021-04-21,14.0,132.49070631970284,1,bad
9000000619-1,2021-04-21,16.0,237.49999999999943,1,bad
9000000619-1,2021-04-21,17.0,204.4247787610615,1,bad
9000000619-1,2021-04-21,18.0,176.3919821826283,1,bad
9000000619-1,2021-04-21,19.0,170.72442120985892,1,bad
9000000619-1,2021-04-22,6.0,112.99165673420741,1,good
9000000619-1,2021-04-22,7.0,131.35135135135124,1,good
9000000619-1,2021-04-22,9.0,62.0964175143741,1,good
9000000619-1,2021-04-22,10.0,106.299212598425,1,good
9000000619-1,2021-04-22,11.0,162.56157635468034,1,good
9000000619-1,2021-04-22,12.0,176.47058823529377,1,good
9000000619-1,2021-04-22,13.0,154.43786982248568,1,good
9000000619-1,2021-04-22,14.0,160.4229607250758,1,good
9000000619-1,2021-04-22,16.0,282.01438848920856,1,good
9000000619-1,2021-04-22,17.0,184.2627960275015,1,good
9000000619-1,2021-04-22,18.0,186.73582808447532,1,good
9000000619-1,2021-04-22,19.0,119.9550730063651,1,good
9000000619-1,2021-04-23,6.0,93.78489021213242,1,good
9000000619-1,2021-04-23,7.0,147.88893115252907,1,good
9000000619-1,2021-04-23,8.0,163.90893947806737,1,good
9000000619-1,2021-04-23,9.0,115.27093596059099,1,good
9000000619-1,2021-04-23,10.0,124.38162544169637,1,good
9000000619-1,2021-04-23,11.0,183.00122000813352,1,good
9000000619-1,2021-04-23,12.0,168.0000000000002,1,good
9000000619-1,2021-04-23,13.0,206.1855670103086,1,good
9000000619-1,2021-04-23,14.0,190.67451335445955,1,good
9000000619-1,2021-04-23,16.0,289.1119691119703,1,good
9000000619-1,2021-04-23,17.0,186.73582808447532,1,good
9000000619-1,2021-04-23,18.0,130.16949152542398,1,good
9000000619-1,2021-04-23,19.0,122.12589521296711,1,good
9000000619-1,2021-04-24,6.0,57.79521940777746,0,good
9000000619-1,2021-04-24,7.0,49.76241900647946,0,good
9000000619-1,2021-04-24,9.0,70.28199566160521,0,good
9000000619-1,2021-04-24,10.0,122.24341854254105,0,good
9000000619-1,2021-04-24,11.0,131.4191960623466,0,good
9000000619-1,2021-04-24,12.0,172.3862729449317,0,good
9000000619-1,2021-04-24,13.0,131.4828341855372,0,good
9000000619-1,2021-04-24,14.0,68.44106463878325,0,good
9000000619-1,2021-04-24,15.0,133.470648815654,0,good
9000000619-1,2021-04-24,16.0,148.62385321100882,0,good
9000000619-1,2021-04-24,17.0,114.58179126572948,0,good
9000000619-1,2021-04-24,18.0,122.3237120935327,0,good
9000000619-1,2021-04-24,19.0,160.53511705685634,0,good
9000000619-1,2021-04-25,6.0,18.20151679306606,0,good
9000000619-1,2021-04-25,7.0,23.096663815226695,0,good
9000000619-1,2021-04-25,9.0,33.39222614840988,0,good
9000000619-1,2021-04-25,10.0,70.15666794038978,0,good
9000000619-1,2021-04-25,11.0,73.3308185590343,0,good
9000000619-1,2021-04-25,12.0,61.33333333333337,0,good
9000000619-1,2021-04-25,13.0,83.10736533528765,0,good
9000000619-1,2021-04-25,14.0,55.98553345388785,0,good
9000000619-1,2021-04-25,15.0,95.86956521739134,0,good
9000000619-1,2021-04-25,16.0,95.9099437148217,0,good
9000000619-1,2021-04-25,17.0,84.33382137628115,0,good
9000000619-1,2021-04-25,18.0,112.4586549062844,0,good
9000000619-1,2021-04-25,19.0,113.25842696629209,0,good
9000000619-1,2021-04-26,6.0,76.78958785249449,1,bad
9000000619-1,2021-04-26,7.0,103.4111310592459,1,bad
9000000619-1,2021-04-26,12.0,186.1201676758271,1,bad
9000000619-1,2021-04-26,13.0,194.7065592635219,1,bad
9000000619-1,2021-04-26,14.0,185.01628664495104,1,bad
9000000619-1,2021-04-26,15.0,197.2058823529411,1,bad
9000000619-1,2021-04-26,16.0,196.17083946980802,1,bad
9000000619-1,2021-04-26,17.0,144.5303867403315,1,bad
9000000619-1,2021-04-26,18.0,157.8595317725753,1,bad
9000000619-1,2021-04-26,19.0,102.1375825884182,1,bad
9000000619-1,2021-04-27,7.0,29.25795053003535,1,bad
9000000619-1,2021-04-27,8.0,37.0212765957447,1,bad
9000000619-1,2021-04-27,9.0,51.0359869138495,1,bad
9000000619-1,2021-04-27,10.0,79.3066088840737,1,bad
9000000619-1,2021-04-27,11.0,97.15909090909099,1,bad
9000000619-1,2021-04-27,12.0,96.10389610389609,1,bad
9000000619-1,2021-04-27,13.0,148.4671532846717,1,bad
9000000619-1,2021-04-27,14.0,119.5522388059702,1,bad
9000000619-1,2021-04-27,15.0,125.68908489525901,1,bad
9000000619-1,2021-04-27,16.0,152.5650557620819,1,bad
9000000619-1,2021-04-27,17.0,178.06142800159554,1,bad
9000000619-1,2021-04-27,18.0,155.83796664019,1,bad
9000000619-1,2021-04-27,19.0,128.57142857142838,1,bad
9000000619-1,2021-04-28,6.0,78.099173553719,1,good
9000000619-1,2021-04-28,7.0,121.96861626248219,1,good
9000000619-1,2021-04-28,8.0,110.7296137339055,1,good
9000000619-1,2021-04-28,9.0,107.7533357374684,1,good
9000000619-1,2021-04-28,10.0,152.9967308390847,1,good
9000000619-1,2021-04-28,11.0,165.1493598862021,1,good
9000000619-1,2021-04-28,12.0,157.25631768953102,1,good
9000000619-1,2021-04-28,13.0,166.3000439947212,1,good
9000000619-1,2021-04-28,14.0,180.06620080912128,1,good
9000000619-1,2021-04-28,15.0,213.96731054977727,1,good
9000000619-1,2021-04-28,16.0,208.2313681868736,1,good
9000000619-1,2021-04-28,17.0,199.34426229508227,1,good
9000000619-1,2021-04-28,18.0,133.04061470911068,1,good
9000000619-1,2021-04-28,19.0,109.44466963923801,1,good
9000000619-1,2021-04-29,6.0,87.80487804878041,1,good
9000000619-1,2021-04-29,7.0,129.42039618488621,1,good
9000000619-1,2021-04-29,8.0,136.0,1,good
9000000619-1,2021-04-29,9.0,173.6389684813748,1,good
9000000619-1,2021-04-29,10.0,154.76094817195633,1,good
9000000619-1,2021-04-29,11.0,142.39999999999992,1,good
9000000619-1,2021-04-29,12.0,165.0476622787114,1,good
9000000619-1,2021-04-29,13.0,220.4724409448824,1,good
9000000619-1,2021-04-29,14.0,205.2919708029197,1,good
9000000619-1,2021-04-29,15.0,329.8028604561267,1,good
9000000619-1,2021-04-29,16.0,249.7959183673473,1,good
9000000619-1,2021-04-29,17.0,172.0737674068495,1,good
9000000619-1,2021-04-29,18.0,167.2566371681423,1,good
9000000619-1,2021-04-29,19.0,152.11267605633861,1,good
9000000619-1,2021-04-30,6.0,94.04934687953559,1,bad
9000000619-1,2021-04-30,7.0,115.64455569461819,1,bad
9000000619-1,2021-04-30,9.0,151.8987341772152,1,bad
9000000619-1,2021-04-30,11.0,179.6257796257799,1,bad
9000000619-1,2021-04-30,13.0,169.7416974169738,1,bad
9000000619-1,2021-04-30,16.0,267.1186440677966,1,bad
9000000619-1,2021-04-30,17.0,207.3855243722307,1,bad
9000000619-1,2021-04-30,18.0,125.2405625462621,1,bad
9000000619-1,2021-04-30,19.0,143.4047350620071,1,bad
9000000619-1,2021-05-01,6.0,29.372117772259703,0,good
9000000619-1,2021-05-01,7.0,26.3736263736264,0,good
9000000619-1,2021-05-01,8.0,68.1925808997633,0,good
9000000619-1,2021-05-01,10.0,130.2931596091205,0,good
9000000619-1,2021-05-01,11.0,70.8154506437767,0,good
9000000619-1,2021-05-01,12.0,88.98582333696831,0,good
9000000619-1,2021-05-01,13.0,102.22432560340751,0,good
9000000619-1,2021-05-01,15.0,123.60515021459231,0,good
9000000619-1,2021-05-01,16.0,113.94920868605077,0,good
9000000619-1,2021-05-01,17.0,82.1739130434782,0,good
9000000619-1,2021-05-01,18.0,106.1870503597122,0,good
9000000619-1,2021-05-01,19.0,99.4909090909091,0,good
9000000619-1,2021-05-02,6.0,32.115548003398516,0,bad
9000000619-1,2021-05-02,7.0,31.411229135053127,0,bad
9000000619-1,2021-05-02,8.0,38.0882889456402,0,bad
9000000619-1,2021-05-02,9.0,52.478134110787195,0,bad
9000000619-1,2021-05-02,10.0,58.273381294964096,0,bad
9000000619-1,2021-05-02,11.0,76.6519823788546,0,bad
9000000619-1,2021-05-02,12.0,96.34255129348799,0,bad
9000000619-1,2021-05-02,14.0,61.6891064871481,0,bad
9000000619-1,2021-05-02,15.0,107.8003696857671,0,bad
9000000619-1,2021-05-02,16.0,98.1938813122005,0,bad
9000000619-1,2021-05-02,17.0,100.66225165562919,0,bad
9000000619-1,2021-05-02,18.0,101.8259935553169,0,bad
9000000619-1,2021-05-02,19.0,91.8459229614808,0,bad
9000000619-1,2021-05-03,6.0,134.3410486537553,1,good
9000000619-1,2021-05-03,7.0,160.5011053795136,1,good
9000000619-1,2021-05-03,8.0,196.9465648854966,1,good
9000000619-1,2021-05-03,9.0,163.51351351351377,1,good
9000000619-1,2021-05-03,10.0,141.2810070344318,1,good
9000000619-1,2021-05-03,11.0,153.8230884557727,1,good
9000000619-1,2021-05-03,12.0,190.88872292755838,1,good
9000000619-1,2021-05-03,14.0,207.9800498753122,1,good
9000000619-1,2021-05-03,17.0,268.69662086891867,1,good
9000000619-1,2021-05-03,18.0,182.2450476889218,1,good
9000000619-1,2021-05-03,19.0,122.90748898678409,1,good
9000000619-1,2021-05-04,6.0,108.5173501577287,1,good
9000000619-1,2021-05-04,7.0,156.65271966527172,1,good
9000000619-1,2021-05-04,9.0,126.615969581749,1,good
9000000619-1,2021-05-04,10.0,148.5849056603774,1,good
9000000619-1,2021-05-04,11.0,157.7170418006429,1,good
9000000619-1,2021-05-04,12.0,188.74856486796773,1,good
9000000619-1,2021-05-04,13.0,179.5948987246811,1,good
9000000619-1,2021-05-04,14.0,180.87520259319288,1,good
9000000619-1,2021-05-04,17.0,241.2439837097369,1,good
9000000619-1,2021-05-04,18.0,215.97350018402648,1,good
9000000619-1,2021-05-04,19.0,169.93464052287578,1,good
9000000619-1,2021-05-05,6.0,85.13077749910431,1,bad
9000000619-1,2021-05-05,7.0,132.6741573033707,1,bad
9000000619-1,2021-05-05,10.0,163.7681159420291,1,bad
9000000619-1,2021-05-05,11.0,115.75562700964619,1,bad
9000000619-1,2021-05-05,12.0,176.65782493368678,1,bad
9000000619-1,2021-05-05,13.0,206.3122923588045,1,bad
9000000619-1,2021-05-05,14.0,264.7826086956528,1,bad
9000000619-1,2021-05-05,17.0,301.8431514275397,1,bad
9000000619-1,2021-05-05,18.0,175.8076634109687,1,bad
9000000619-1,2021-05-05,19.0,147.79602420051913,1,bad
9000000619-1,2021-05-06,6.0,94.2222222222222,1,bad
9000000619-1,2021-05-06,7.0,169.0014903129652,1,bad
9000000619-1,2021-05-06,8.0,184.78340007280661,1,bad
9000000619-1,2021-05-06,9.0,169.02033271719,1,bad
9000000619-1,2021-05-06,10.0,135.1624548736462,1,bad
9000000619-1,2021-05-06,11.0,216.55122129055752,1,bad
9000000619-1,2021-05-06,12.0,176.2331838565026,1,bad
9000000619-1,2021-05-06,13.0,207.91863421721774,1,bad
9000000619-1,2021-05-06,14.0,294.2307692307706,1,bad
9000000619-1,2021-05-06,17.0,232.00579290369302,1,bad
9000000619-1,2021-05-06,18.0,194.95060373216262,1,bad
9000000619-1,2021-05-06,19.0,137.1306514773941,1,bad
9000000619-1,2021-05-07,6.0,119.57142857142851,1,bad
9000000619-1,2021-05-07,7.0,162.2093023255815,1,bad
9000000619-1,2021-05-07,8.0,188.3036687250271,1,bad
9000000619-1,2021-05-07,9.0,186.1152141802066,1,bad
9000000619-1,2021-05-07,10.0,197.1334068357219,1,bad
9000000619-1,2021-05-07,11.0,251.9187358916486,1,bad
9000000619-1,2021-05-07,12.0,290.6574394463677,1,bad
9000000619-2,2020-08-25,15.0,130.650377290694,1,good
9000000619-2,2020-08-25,16.0,175.73964497041501,1,good
9000000619-2,2020-08-25,17.0,174.79471617279597,1,good
9000000619-2,2020-08-25,18.0,157.017235314808,1,good
9000000619-2,2020-08-25,19.0,186.13396004700297,1,good
9000000619-2,2020-08-26,6.0,157.676348547718,1,good
9000000619-2,2020-08-26,7.0,138.0,1,good
9000000619-2,2020-08-26,8.0,196.828046744574,1,good
9000000619-2,2020-08-26,9.0,111.449631449631,1,good
9000000619-2,2020-08-26,10.0,119.42383238760401,1,good
9000000619-2,2020-08-26,11.0,147.135217723453,1,good
9000000619-2,2020-08-26,12.0,155.717344753747,1,good
9000000619-2,2020-08-26,15.0,190.29688631426498,1,good
9000000619-2,2020-08-26,16.0,192.43636363636398,1,good
9000000619-2,2020-08-26,17.0,234.0,1,good
9000000619-2,2020-08-26,18.0,173.07692307692295,1,good
9000000619-2,2020-08-26,19.0,66.09735269000849,1,good
9000000619-2,2020-08-27,7.0,78.78211227402471,1,good
9000000619-2,2020-08-27,8.0,73.6159600997505,1,good
9000000619-2,2020-08-27,10.0,122.70916334661301,1,good
9000000619-2,2020-08-27,11.0,153.768844221105,1,good
9000000619-2,2020-08-27,12.0,164.253393665158,1,good
9000000619-2,2020-08-27,15.0,137.704918032787,1,good
9000000619-2,2020-08-27,16.0,227.91558681969602,1,good
9000000619-2,2020-08-27,17.0,189.33901918976602,1,good
9000000619-2,2020-08-27,18.0,192.926045016077,1,good
9000000619-2,2020-08-27,19.0,201.134875600175,1,good
9000000619-2,2020-08-28,6.0,173.731343283582,1,good
9000000619-2,2020-08-28,7.0,245.898084568126,1,good
9000000619-2,2020-08-28,8.0,210.99381143065102,1,good
9000000619-2,2020-08-28,9.0,192.786885245902,1,good
9000000619-2,2020-08-28,10.0,138.163001293661,1,good
9000000619-2,2020-08-28,11.0,156.213017751479,1,good
9000000619-2,2020-08-28,12.0,206.85820203892501,1,good
9000000619-2,2020-08-28,15.0,157.038123167155,1,good
9000000619-2,2020-08-28,16.0,199.339933993399,1,good
9000000619-2,2020-08-28,17.0,196.174666185493,1,good
9000000619-2,2020-08-28,18.0,216.58953364186402,1,good
9000000619-2,2020-08-28,19.0,146.09218436873698,1,good
9000000619-2,2020-08-29,6.0,65.7443276148312,0,good
9000000619-2,2020-08-29,7.0,75.2657689581858,0,good
9000000619-2,2020-08-29,8.0,100.873362445415,0,good
9000000619-2,2020-08-29,9.0,159.774568510038,0,good
9000000619-2,2020-08-29,10.0,162.425096933381,0,good
9000000619-2,2020-08-29,11.0,134.64299206649,0,good
9000000619-2,2020-08-29,12.0,157.42681604626,0,good
9000000619-2,2020-08-29,13.0,120.787746170678,0,good
9000000619-2,2020-08-29,15.0,123.523169437566,0,good
9000000619-2,2020-08-29,16.0,130.168005843682,0,good
9000000619-2,2020-08-29,17.0,123.34864005651698,0,good
9000000619-2,2020-08-29,18.0,158.28350334153998,0,good
9000000619-2,2020-08-30,6.0,35.2749047359826,0,good
9000000619-2,2020-08-30,7.0,32.323232323232304,0,good
9000000619-2,2020-08-30,8.0,61.7430871543577,0,good
9000000619-2,2020-08-30,9.0,97.4706091913073,0,good
9000000619-2,2020-08-30,10.0,64.0316205533597,0,good
9000000619-2,2020-08-30,11.0,101.716738197425,0,good
9000000619-2,2020-08-30,12.0,117.903930131005,0,good
9000000619-2,2020-08-30,13.0,107.16009654062701,0,good
9000000619-2,2020-08-30,14.0,109.852941176471,0,good
9000000619-2,2020-08-30,15.0,126.28843655261998,0,good
9000000619-2,2020-08-30,16.0,114.82421167089501,0,good
9000000619-2,2020-08-30,17.0,121.14771519659901,0,good
9000000619-2,2020-08-30,18.0,146.23807841752,0,good
9000000619-2,2020-08-31,7.0,229.6792386323589,1,good
9000000619-2,2020-08-31,8.0,229.86741102582073,1,good
9000000619-2,2020-08-31,9.0,228.08870116156294,1,good
9000000619-2,2020-08-31,10.0,227.1293375394325,1,good
9000000619-2,2020-08-31,11.0,199.1489361702126,1,good
9000000619-2,2020-08-31,12.0,228.1512605042023,1,good
9000000619-2,2020-08-31,13.0,243.04364043267407,1,good
9000000619-2,2020-08-31,14.0,223.1841526045489,1,good
9000000619-2,2020-08-31,15.0,236.5638766519825,1,good
9000000619-2,2020-08-31,16.0,243.40679865521088,1,good
9000000619-2,2020-08-31,17.0,255.2534900808236,1,good
9000000619-2,2020-08-31,18.0,208.3650190114068,1,good
9000000619-2,2020-09-01,7.0,305.609573672401,1,good
9000000619-2,2020-09-01,8.0,178.97310513447428,1,good
9000000619-2,2020-09-01,9.0,168.83308714918792,1,good
9000000619-2,2020-09-01,10.0,199.60952752830872,1,good
9000000619-2,2020-09-01,11.0,216.8462291870713,1,good
9000000619-2,2020-09-01,12.0,185.2519893899206,1,good
9000000619-2,2020-09-01,13.0,188.709677419355,1,good
9000000619-2,2020-09-01,14.0,210.2325581395354,1,good
9000000619-2,2020-09-01,15.0,180.5872756933124,1,good
9000000619-2,2020-09-01,16.0,213.87504791107722,1,good
9000000619-2,2020-09-01,17.0,178.4482758620688,1,good
9000000619-2,2020-09-01,18.0,165.95744680851112,1,good
9000000619-2,2020-09-01,19.0,151.3399894902784,1,good
9000000619-2,2020-09-02,7.0,303.87025433099916,1,good
9000000619-2,2020-09-02,8.0,272.8670816550723,1,good
9000000619-2,2020-09-02,9.0,174.2171614477432,1,good
9000000619-2,2020-09-02,10.0,188.1173944166071,1,good
9000000619-2,2020-09-02,11.0,172.6394052044613,1,good
9000000619-2,2020-09-02,12.0,211.0843373493981,1,good
9000000619-2,2020-09-02,15.0,181.4848762603117,1,good
9000000619-2,2020-09-02,16.0,223.4944237918225,1,good
9000000619-2,2020-09-02,17.0,163.52022711142692,1,good
9000000619-2,2020-09-02,18.0,157.1377459749557,1,good
9000000619-2,2020-09-02,19.0,158.9660743134088,1,good
9000000619-2,2020-09-03,7.0,334.2209427851749,1,good
9000000619-2,2020-09-03,8.0,312.58278145695397,1,good
9000000619-2,2020-09-03,9.0,197.08496267330293,1,good
9000000619-2,2020-09-03,10.0,185.0673194614441,1,good
9000000619-2,2020-09-03,11.0,136.20071684587822,1,good
9000000619-2,2020-09-03,12.0,176.59831121833489,1,good
9000000619-2,2020-09-03,13.0,152.83887468030701,1,good
9000000619-2,2020-09-03,15.0,162.3449830890643,1,good
9000000619-2,2020-09-03,16.0,256.0553633217995,1,good
9000000619-2,2020-09-03,17.0,210.20881670533657,1,good
9000000619-2,2020-09-03,18.0,176.87861271676292,1,good
9000000619-2,2020-09-03,19.0,115.2000000000001,1,good
9000000619-2,2020-09-04,7.0,270.873786407766,1,good
9000000619-2,2020-09-04,8.0,148.2878411910669,1,good
9000000619-2,2020-09-04,9.0,84.7926267281106,1,good
9000000619-2,2020-09-04,10.0,97.492477432297,1,good
9000000619-2,2020-09-04,11.0,140.08917713822512,1,good
9000000619-2,2020-09-04,12.0,178.1725888324869,1,good
9000000619-2,2020-09-04,15.0,172.1221037146013,1,good
9000000619-2,2020-09-04,16.0,224.8327137546471,1,good
9000000619-2,2020-09-04,17.0,209.1822094691532,1,good
9000000619-2,2020-09-04,18.0,191.9117647058822,1,good
9000000619-2,2020-09-05,9.0,1.81543116490166,0,good
9000000619-2,2020-09-05,12.0,6.31578947368421,0,good
9000000619-2,2020-09-05,15.0,71.718249733191,0,good
9000000619-2,2020-09-05,16.0,110.8308605341246,0,good
9000000619-2,2020-09-05,17.0,121.22062434233608,0,good
9000000619-2,2020-09-05,18.0,153.35740072202162,0,good
9000000619-2,2020-09-06,7.0,29.008863819500398,0,good
9000000619-2,2020-09-06,8.0,40.1860465116279,0,good
9000000619-2,2020-09-06,9.0,28.87218045112785,0,good
9000000619-2,2020-09-06,10.0,34.89499192245559,0,good
9000000619-2,2020-09-06,11.0,77.57382282521942,0,good
9000000619-2,2020-09-06,12.0,81.87820983125451,0,good
9000000619-2,2020-09-06,13.0,104.36649964209009,0,good
9000000619-2,2020-09-06,14.0,88.3865939204988,0,good
9000000619-2,2020-09-06,15.0,78.3166904422254,0,good
9000000619-2,2020-09-06,16.0,111.81720813994991,0,good
9000000619-2,2020-09-06,17.0,117.6043557168783,0,good
9000000619-2,2020-09-06,18.0,108.1318681318681,0,good
9000000619-2,2020-09-07,7.0,280.39867109634577,1,good
9000000619-2,2020-09-07,8.0,289.389067524115,1,good
9000000619-2,2020-09-07,9.0,209.27246790299552,1,good
9000000619-2,2020-09-07,10.0,192.5611052072262,1,good
9000000619-2,2020-09-07,11.0,209.0322580645165,1,good
9000000619-2,2020-09-07,12.0,194.0042826552463,1,good
9000000619-2,2020-09-07,13.0,223.7872799137619,1,good
9000000619-2,2020-09-07,14.0,183.29355608591908,1,good
9000000619-2,2020-09-07,15.0,243.8247011952196,1,good
9000000619-2,2020-09-07,16.0,260.8502772643263,1,good
9000000619-2,2020-09-07,17.0,228.09558291093413,1,good
9000000619-2,2020-09-07,18.0,153.634719710669,1,good
9000000619-2,2020-09-08,7.0,304.076386338597,1,good
9000000619-2,2020-09-08,8.0,282.4555030875407,1,good
9000000619-2,2020-09-08,9.0,202.01438848920878,1,good
9000000619-2,2020-09-08,10.0,162.3121387283241,1,good
9000000619-2,2020-09-08,11.0,166.93548387096791,1,good
9000000619-2,2020-09-08,12.0,152.96592343289882,1,good
9000000619-2,2020-09-08,15.0,177.3990366802523,1,good
9000000619-2,2020-09-08,16.0,252.01354911554378,1,good
9000000619-2,2020-09-08,17.0,200.14347202295613,1,good
9000000619-2,2020-09-08,18.0,196.6996699669964,1,good
9000000619-2,2020-09-09,7.0,237.2660699755894,1,good
9000000619-2,2020-09-09,8.0,231.5388280133394,1,good
9000000619-2,2020-09-09,9.0,120.2823529411765,1,good
9000000619-2,2020-09-09,10.0,125.20325203252,1,good
9000000619-2,2020-09-09,11.0,194.7115384615379,1,good
9000000619-2,2020-09-09,12.0,155.8573853989812,1,good
9000000619-2,2020-09-09,15.0,183.1435079726655,1,good
9000000619-2,2020-09-09,16.0,225.4295532646046,1,good
9000000619-2,2020-09-09,17.0,176.195773081201,1,good
9000000619-2,2020-09-09,18.0,205.2160953800294,1,good
9000000619-2,2020-09-10,7.0,294.3313953488362,1,good
9000000619-2,2020-09-10,8.0,278.9189189189187,1,good
9000000619-2,2020-09-10,9.0,180.2907915993535,1,good
9000000619-2,2020-09-10,10.0,122.3961144090662,1,good
9000000619-2,2020-09-10,11.0,152.5423728813554,1,good
9000000619-2,2020-09-10,12.0,145.4394002498955,1,good
9000000619-2,2020-09-10,15.0,160.8711978971087,1,good
9000000619-2,2020-09-10,16.0,219.28251121076212,1,good
9000000619-2,2020-09-10,17.0,199.92740471869308,1,good
9000000619-2,2020-09-10,18.0,186.09625668449212,1,good
9000000619-2,2020-09-11,7.0,317.647058823529,1,good
9000000619-2,2020-09-11,8.0,200.0896458987003,1,good
9000000619-2,2020-09-11,9.0,155.15738498789278,1,good
9000000619-2,2020-09-11,10.0,154.5644018340981,1,good
9000000619-2,2020-09-11,11.0,153.2203389830511,1,good
9000000619-2,2020-09-11,12.0,172.8395061728395,1,good
9000000619-2,2020-09-11,15.0,201.9316493313519,1,good
9000000619-2,2020-09-11,16.0,215.8920539730131,1,good
9000000619-2,2020-09-11,17.0,228.8190682556876,1,good
9000000619-2,2020-09-11,18.0,228.901734104046,1,good
9000000619-2,2020-09-12,7.0,81.6468946266575,0,good
9000000619-2,2020-09-12,8.0,97.005988023952,0,good
9000000619-2,2020-09-12,9.0,78.8321167883212,0,good
9000000619-2,2020-09-12,10.0,90.1701323251419,0,good
9000000619-2,2020-09-12,11.0,111.96850393700768,0,good
9000000619-2,2020-09-12,12.0,111.45510835913329,0,good
9000000619-2,2020-09-12,15.0,87.0554765291607,0,good
9000000619-2,2020-09-12,16.0,109.5596133190118,0,good
9000000619-2,2020-09-12,17.0,129.4964028776978,0,good
9000000619-2,2020-09-12,18.0,148.2954545454548,0,good
9000000619-2,2020-09-13,7.0,36.3130434782609,0,good
9000000619-2,2020-09-13,8.0,32.30769230769231,0,good
9000000619-2,2020-09-13,9.0,27.08124373119364,0,good
9000000619-2,2020-09-13,10.0,46.46271510516251,0,good
9000000619-2,2020-09-13,11.0,51.6031686156167,0,good
9000000619-2,2020-09-13,12.0,46.82478959449115,0,good
9000000619-2,2020-09-13,15.0,76.51434643995746,0,good
9000000619-2,2020-09-13,16.0,89.6103896103896,0,good
9000000619-2,2020-09-13,17.0,113.02176239743139,0,good
9000000619-2,2020-09-13,18.0,126.9818181818185,0,good
9000000619-2,2020-09-14,7.0,252.65503156331184,1,good
9000000619-2,2020-09-14,8.0,201.3203883495152,1,good
9000000619-2,2020-09-14,9.0,180.587275693312,1,good
9000000619-2,2020-09-14,10.0,83.7209302325581,1,good
9000000619-2,2020-09-14,11.0,128.82703777335988,1,good
9000000619-2,2020-09-14,12.0,148.25174825174838,1,good
9000000619-2,2020-09-14,15.0,218.7546886721684,1,good
9000000619-2,2020-09-14,16.0,207.8237751614127,1,good
9000000619-2,2020-09-14,17.0,215.26045487894328,1,good
9000000619-2,2020-09-14,18.0,152.860741273839,1,good
9000000619-2,2020-09-15,7.0,263.7161388782911,1,good
9000000619-2,2020-09-15,8.0,121.3483146067416,1,good
9000000619-2,2020-09-15,9.0,123.04849884526561,1,good
9000000619-2,2020-09-15,10.0,146.68008048289718,1,good
9000000619-2,2020-09-15,11.0,135.128518971848,1,good
9000000619-2,2020-09-15,12.0,163.5728155339811,1,good
9000000619-2,2020-09-15,13.0,164.2335766423358,1,good
9000000619-2,2020-09-15,14.0,211.87122736418502,1,good
9000000619-2,2020-09-15,15.0,190.666666666667,1,good
9000000619-2,2020-09-15,16.0,277.02702702702777,1,good
9000000619-2,2020-09-15,17.0,220.70484581497809,1,good
9000000619-2,2020-09-15,18.0,195.1807228915659,1,good
9000000619-2,2020-09-16,7.0,257.6075171666068,1,good
9000000619-2,2020-09-16,8.0,302.4852071005925,1,good
9000000619-2,2020-09-16,9.0,145.52878726010582,1,good
9000000619-2,2020-09-16,10.0,128.21461609620718,1,good
9000000619-2,2020-09-16,11.0,203.2025620496389,1,good
9000000619-2,2020-09-16,12.0,193.0258717660298,1,good
9000000619-2,2020-09-16,13.0,174.2251223491027,1,good
9000000619-2,2020-09-16,14.0,195.215311004785,1,good
9000000619-2,2020-09-16,15.0,197.9933110367896,1,good
9000000619-2,2020-09-16,16.0,171.8032786885249,1,good
9000000619-2,2020-09-16,17.0,188.7201735357918,1,good
9000000619-2,2020-09-16,18.0,158.3124776546292,1,good
9000000619-2,2020-09-17,7.0,331.1213775724483,1,good
9000000619-2,2020-09-17,8.0,270.5581904414443,1,good
9000000619-2,2020-09-17,9.0,165.3061224489792,1,good
9000000619-2,2020-09-17,10.0,148.0151228733465,1,good
9000000619-2,2020-09-17,11.0,167.8683385579935,1,good
9000000619-2,2020-09-17,12.0,137.9464285714285,1,good
9000000619-2,2020-09-17,13.0,175.57655954631412,1,good
9000000619-2,2020-09-17,14.0,216.70428893905242,1,good
9000000619-2,2020-09-17,15.0,175.511723111276,1,good
9000000619-2,2020-09-17,16.0,214.1458106637651,1,good
9000000619-2,2020-09-17,17.0,194.91279069767478,1,good
9000000619-2,2020-09-17,18.0,188.49557522123888,1,good
9000000619-2,2020-09-18,7.0,246.9579420171503,1,good
9000000619-2,2020-09-18,8.0,230.85144282151748,1,good
9000000619-2,2020-09-18,9.0,205.09554140127352,1,good
9000000619-2,2020-09-18,10.0,199.9288002847983,1,good
9000000619-2,2020-09-18,11.0,205.7887120115775,1,good
9000000619-2,2020-09-18,12.0,192.4380704041719,1,good
9000000619-2,2020-09-18,15.0,215.51204819277052,1,good
9000000619-2,2020-09-18,16.0,235.15596330275167,1,good
9000000619-2,2020-09-18,17.0,223.86772106398234,1,good
9000000619-2,2020-09-18,18.0,179.6008869179603,1,good
9000000619-2,2020-09-19,7.0,77.9411764705882,0,good
9000000619-2,2020-09-19,8.0,95.6997654417514,0,good
9000000619-2,2020-09-19,9.0,122.10526315789471,0,good
9000000619-2,2020-09-19,10.0,97.81566329248801,0,good
9000000619-2,2020-09-19,12.0,112.981455064194,0,good
9000000619-2,2020-09-19,15.0,107.44336569579279,0,good
9000000619-2,2020-09-19,16.0,85.0599781897492,0,good
9000000619-2,2020-09-19,17.0,124.8407643312101,0,good
9000000619-2,2020-09-19,18.0,101.4989293361885,0,good
9000000619-2,2020-09-20,7.0,45.0469238790406,0,good
9000000619-2,2020-09-20,8.0,43.0693069306931,0,good
9000000619-2,2020-09-20,9.0,51.9230769230769,0,good
9000000619-2,2020-09-20,10.0,57.22070844686641,0,good
9000000619-2,2020-09-20,11.0,94.82001755926242,0,good
9000000619-2,2020-09-20,12.0,111.98672749896306,0,good
9000000619-2,2020-09-20,13.0,105.57620817843869,0,good
9000000619-2,2020-09-20,14.0,107.34545454545459,0,good
9000000619-2,2020-09-20,15.0,83.4782608695651,0,good
9000000619-2,2020-09-20,16.0,126.72413793103422,0,good
9000000619-2,2020-09-20,17.0,108.81934566145091,0,good
9000000619-2,2020-09-20,18.0,148.5592315901819,0,good
9000000619-2,2020-09-21,7.0,337.290033594625,1,good
9000000619-2,2020-09-21,8.0,286.45447816432284,1,good
9000000619-2,2020-09-21,9.0,173.23498419388812,1,good
9000000619-2,2020-09-21,10.0,161.2627986348121,1,good
9000000619-2,2020-09-21,11.0,176.17021276595818,1,good
9000000619-2,2020-09-21,12.0,207.51550529003978,1,good
9000000619-2,2020-09-21,13.0,218.7702265372161,1,good
9000000619-2,2020-09-21,14.0,231.74250832408427,1,good
9000000619-2,2020-09-21,15.0,252.28031145717478,1,good
9000000619-2,2020-09-21,16.0,226.32352941176418,1,good
9000000619-2,2020-09-21,17.0,202.2326251350376,1,good
9000000619-2,2020-09-21,18.0,209.402390438247,1,good
9000000619-2,2020-09-22,7.0,302.654867256637,1,good
9000000619-2,2020-09-22,9.0,218.98734177215152,1,good
9000000619-2,2020-09-22,10.0,201.35375846099032,1,good
9000000619-2,2020-09-22,11.0,184.49197860962602,1,good
9000000619-2,2020-09-22,12.0,184.14322250639378,1,good
9000000619-2,2020-09-22,13.0,234.60972017673072,1,good
9000000619-2,2020-09-22,14.0,175.86972612879413,1,good
9000000619-2,2020-09-22,15.0,224.7430529120669,1,good
9000000619-2,2020-09-22,16.0,163.8225255972691,1,good
9000000619-2,2020-09-22,17.0,237.03164787195362,1,good
9000000619-2,2020-09-22,18.0,157.8629032258064,1,good
9000000619-2,2020-09-23,8.0,340.1678219627857,1,good
9000000619-2,2020-09-23,9.0,183.4728795049141,1,good
9000000619-2,2020-09-23,10.0,187.4044412085911,1,good
9000000619-2,2020-09-23,11.0,162.88973384030402,1,good
9000000619-2,2020-09-23,12.0,222.4869694713325,1,good
9000000619-2,2020-09-23,13.0,271.1135018827331,1,good
9000000619-2,2020-09-23,14.0,235.2475247524747,1,good
9000000619-2,2020-09-23,15.0,250.5544933078389,1,good
9000000619-2,2020-09-23,16.0,186.81818181818198,1,good
9000000619-2,2020-09-23,17.0,217.5750834260287,1,good
9000000619-2,2020-09-23,18.0,194.50395901257588,1,good
9000000619-2,2020-09-24,7.0,262.5327510917037,1,good
9000000619-2,2020-09-24,8.0,306.8552774755165,1,good
9000000619-2,2020-09-24,9.0,202.7184466019424,1,good
9000000619-2,2020-09-24,10.0,161.0566680869193,1,good
9000000619-2,2020-09-24,11.0,167.2371638141812,1,good
9000000619-2,2020-09-24,12.0,207.1942446043166,1,good
9000000619-2,2020-09-24,13.0,196.94288012872002,1,good
9000000619-2,2020-09-24,14.0,158.3577712609966,1,good
9000000619-2,2020-09-24,15.0,262.1965317919073,1,good
9000000619-2,2020-09-24,16.0,244.36201780415473,1,good
9000000619-2,2020-09-24,17.0,173.9776951672862,1,good
9000000619-2,2020-09-24,18.0,216.88466111771731,1,good
9000000619-2,2020-09-25,9.0,269.6273993225443,1,good
9000000619-2,2020-09-25,10.0,207.81877968578704,1,good
9000000619-2,2020-09-25,11.0,222.92664946553663,1,good
9000000619-2,2020-09-25,12.0,216.9161676646715,1,good
9000000619-2,2020-09-25,13.0,258.8145315487566,1,good
9000000619-2,2020-09-25,14.0,238.97515527950281,1,good
9000000619-2,2020-09-25,15.0,228.067361668004,1,good
9000000619-2,2020-09-25,16.0,240.18092725216832,1,good
9000000619-2,2020-09-25,17.0,205.25131282820723,1,good
9000000619-2,2020-09-26,7.0,81.85465893892109,0,bad
9000000619-2,2020-09-26,8.0,103.36760014179362,0,bad
9000000619-2,2020-09-26,9.0,149.8941425546936,0,bad
9000000619-2,2020-09-26,10.0,187.2611464968153,0,bad
9000000619-2,2020-09-26,11.0,190.6943450250537,0,bad
9000000619-2,2020-09-26,12.0,175.7277205553067,0,bad
9000000619-2,2020-09-26,13.0,143.64532019704419,0,bad
9000000619-2,2020-09-26,14.0,133.6244541484716,0,bad
9000000619-2,2020-09-26,15.0,162.1262458471755,0,bad
9000000619-2,2020-09-26,16.0,167.01030927835052,0,bad
9000000619-2,2020-09-26,17.0,115.7427937915742,0,bad
9000000619-2,2020-09-26,18.0,138.92329680800339,0,bad
9000000619-2,2020-09-27,7.0,36.5625,0,bad
9000000619-2,2020-09-27,8.0,42.9926238145416,0,bad
9000000619-2,2020-09-27,9.0,75.3663642707608,0,bad
9000000619-2,2020-09-27,10.0,107.4438202247191,0,bad
9000000619-2,2020-09-27,11.0,118.4035476718404,0,bad
9000000619-2,2020-09-27,12.0,106.6772026866851,0,bad
9000000619-2,2020-09-27,13.0,127.7955271565494,0,bad
9000000619-2,2020-09-27,14.0,124.6697607997144,0,bad
9000000619-2,2020-09-27,15.0,152.16763005780362,0,bad
9000000619-2,2020-09-27,16.0,124.9457700650759,0,bad
9000000619-2,2020-09-27,17.0,130.3225806451619,0,bad
9000000619-2,2020-09-28,8.0,313.1014063656548,1,good
9000000619-2,2020-09-28,9.0,222.20645619013828,1,good
9000000619-2,2020-09-28,10.0,230.2855077701485,1,good
9000000619-2,2020-09-28,11.0,166.0930062248264,1,good
9000000619-2,2020-09-28,12.0,186.8237026131764,1,good
9000000619-2,2020-09-28,13.0,196.2209302325581,1,good
9000000619-2,2020-09-28,14.0,231.0810810810815,1,good
9000000619-2,2020-09-28,15.0,264.41424899008433,1,good
9000000619-2,2020-09-28,16.0,270.5521472392644,1,good
9000000619-2,2020-09-28,17.0,222.2712238147746,1,good
9000000619-2,2020-09-29,8.0,331.92419825072795,1,good
9000000619-2,2020-09-29,9.0,206.3367746529019,1,good
9000000619-2,2020-09-29,10.0,6.46784045993532,1,good
9000000619-2,2020-09-30,7.0,335.22267206477704,1,good
9000000619-2,2020-09-30,8.0,239.82715160244868,1,good
9000000619-2,2020-09-30,9.0,199.64221824686928,1,good
9000000619-2,2020-09-30,10.0,182.5390773922989,1,good
9000000619-2,2020-09-30,11.0,148.6363636363632,1,good
9000000619-2,2020-09-30,12.0,172.6723095526002,1,good
9000000619-2,2020-09-30,13.0,153.0685920577614,1,good
9000000619-2,2020-09-30,15.0,212.0141342756185,1,good
9000000619-2,2020-09-30,16.0,226.6968325791854,1,good
9000000619-2,2020-09-30,17.0,209.9009900990091,1,good
9000000619-2,2020-09-30,18.0,242.358722358722,1,good
9000000619-2,2020-10-01,7.0,322.86995515695,1,good
9000000619-2,2020-10-01,8.0,245.2211126961488,1,good
9000000619-2,2020-10-01,9.0,206.1560486757341,1,good
9000000619-2,2020-10-01,10.0,162.7435697583793,1,good
9000000619-2,2020-10-01,11.0,176.4309764309762,1,good
9000000619-2,2020-10-01,12.0,142.0468557336621,1,good
9000000619-2,2020-10-01,15.0,222.72373540856051,1,good
9000000619-2,2020-10-01,16.0,237.12574850299492,1,good
9000000619-2,2020-10-01,17.0,221.926910299003,1,good
9000000619-2,2020-10-01,18.0,215.36772777167917,1,good
9000000619-2,2020-10-02,7.0,284.64419475655404,1,good
9000000619-2,2020-10-02,8.0,278.1575037147105,1,good
9000000619-2,2020-10-02,9.0,213.45943979628993,1,good
9000000619-2,2020-10-02,10.0,186.2973760932946,1,good
9000000619-2,2020-10-02,11.0,198.8217967599406,1,good
9000000619-2,2020-10-02,12.0,202.81690140845052,1,good
9000000619-2,2020-10-02,13.0,193.4210526315784,1,good
9000000619-2,2020-10-02,14.0,270.7716289945447,1,good
9000000619-2,2020-10-02,15.0,228.8933601609657,1,good
9000000619-2,2020-10-02,16.0,184.7883102285494,1,good
9000000619-2,2020-10-02,17.0,188.1203007518797,1,good
9000000619-2,2020-10-03,7.0,84.27104722792609,0,good
9000000619-2,2020-10-03,8.0,78.3983140147524,0,good
9000000619-2,2020-10-03,9.0,152.4644030668124,0,good
9000000619-2,2020-10-03,10.0,151.9437245464646,0,good
9000000619-2,2020-10-03,11.0,164.41359152356588,0,good
9000000619-2,2020-10-03,12.0,197.943674564149,0,good
9000000619-2,2020-10-03,13.0,139.80582524271858,0,good
9000000619-2,2020-10-03,14.0,112.3789020452097,0,good
9000000619-2,2020-10-03,15.0,122.61768082663629,0,good
9000000619-2,2020-10-03,16.0,127.6283618581904,0,good
9000000619-2,2020-10-03,17.0,124.68389224848819,0,good
9000000619-2,2020-10-04,7.0,39.169139465875304,0,good
9000000619-2,2020-10-04,8.0,46.8864468864468,0,good
9000000619-2,2020-10-04,9.0,67.2373540856031,0,good
9000000619-2,2020-10-04,10.0,113.41734618235749,0,good
9000000619-2,2020-10-04,11.0,55.44554455445541,0,good
9000000619-2,2020-10-04,12.0,88.5906040268456,0,good
9000000619-2,2020-10-04,13.0,80.14538845979108,0,good
9000000619-2,2020-10-04,14.0,110.2880658436213,0,good
9000000619-2,2020-10-04,15.0,130.8855291576673,0,good
9000000619-2,2020-10-04,16.0,112.7348643006262,0,good
9000000619-2,2020-10-04,17.0,123.91538185729658,0,good
9000000619-2,2020-10-05,9.0,239.9130749728365,1,good
9000000619-2,2020-10-05,10.0,172.723838307518,1,good
9000000619-2,2020-10-05,11.0,205.1242829827918,1,good
9000000619-2,2020-10-05,12.0,190.6040268456371,1,good
9000000619-2,2020-10-05,13.0,193.8127762153478,1,good
9000000619-2,2020-10-05,14.0,140.3482210446632,1,good
9000000619-2,2020-10-05,15.0,238.22499026858702,1,good
9000000619-2,2020-10-05,16.0,244.9541284403675,1,good
9000000619-2,2020-10-05,17.0,220.0294550810014,1,good
9000000619-2,2020-10-06,8.0,277.926785067053,1,good
9000000619-2,2020-10-06,9.0,223.2258064516127,1,good
9000000619-2,2020-10-06,10.0,161.857707509882,1,good
9000000619-2,2020-10-06,11.0,162.28287841191042,1,good
9000000619-2,2020-10-06,12.0,161.42857142857127,1,good
9000000619-2,2020-10-06,13.0,206.24198375374067,1,good
9000000619-2,2020-10-06,15.0,247.8063540090767,1,good
9000000619-2,2020-10-06,16.0,220.92421441774542,1,good
9000000619-2,2020-10-06,17.0,185.7979502196195,1,good
9000000619-2,2020-10-07,8.0,298.0977247295783,1,bad
9000000619-2,2020-10-07,9.0,254.6875,1,bad
9000000619-2,2020-10-07,10.0,181.5905743740799,1,bad
9000000619-2,2020-10-07,11.0,180.1286633309511,1,bad
9000000619-2,2020-10-07,12.0,220.408163265306,1,bad
9000000619-2,2020-10-07,13.0,237.9421221864954,1,bad
9000000619-2,2020-10-07,14.0,220.78589790672,1,bad
9000000619-2,2020-10-07,15.0,222.3684210526319,1,bad
9000000619-2,2020-10-07,16.0,213.91500564121878,1,bad
9000000619-2,2020-10-07,17.0,235.2501867064982,1,bad
9000000619-2,2020-10-08,8.0,320.294117647058,1,bad
9000000619-2,2020-10-08,9.0,211.3901662539793,1,bad
9000000619-2,2020-10-08,10.0,182.83261802575072,1,bad
9000000619-2,2020-10-08,11.0,178.7868038311458,1,bad
9000000619-2,2020-10-08,12.0,202.05429200293509,1,bad
9000000619-2,2020-10-08,13.0,162.6455519329302,1,bad
9000000619-2,2020-10-08,14.0,181.5819640810081,1,bad
9000000619-2,2020-10-08,15.0,175.5749405233941,1,bad
9000000619-2,2020-10-08,16.0,185.71962616822458,1,bad
9000000619-2,2020-10-08,17.0,190.90909090909122,1,bad
9000000619-2,2020-10-09,8.0,287.7419354838714,1,good
9000000619-2,2020-10-09,9.0,213.2001427042456,1,good
9000000619-2,2020-10-09,10.0,201.71306209850138,1,good
9000000619-2,2020-10-09,11.0,152.8726061615323,1,good
9000000619-2,2020-10-09,12.0,170.5471905986043,1,good
9000000619-2,2020-10-09,15.0,213.5820895522391,1,good
9000000619-2,2020-10-09,16.0,192.3766816143498,1,good
9000000619-2,2020-10-09,17.0,177.29323308270727,1,good
9000000619-2,2020-10-10,8.0,91.6637600279038,0,good
9000000619-2,2020-10-10,9.0,161.1561508635883,0,good
9000000619-2,2020-10-10,10.0,158.14285714285728,0,good
9000000619-2,2020-10-10,11.0,160.2826855123674,0,good
9000000619-2,2020-10-10,12.0,127.7098935750888,0,good
9000000619-2,2020-10-10,14.0,91.7773788150808,0,good
9000000619-2,2020-10-10,15.0,132.6455416359613,0,good
9000000619-2,2020-10-10,16.0,138.3080901366826,0,good
9000000619-2,2020-10-10,17.0,147.1823204419894,0,good
9000000619-2,2020-10-11,9.0,69.17293233082711,0,bad
9000000619-2,2020-10-11,10.0,111.85270425776761,0,bad
9000000619-2,2020-10-11,11.0,91.82805857345299,0,bad
9000000619-2,2020-10-11,12.0,90.0478978179884,0,bad
9000000619-2,2020-10-12,8.0,304.417332772402,1,good
9000000619-2,2020-10-12,9.0,165.1959054006353,1,good
9000000619-2,2020-10-12,10.0,176.30536550234103,1,good
9000000619-2,2020-10-12,11.0,156.9692637598286,1,good
9000000619-2,2020-10-12,12.0,196.7426710097717,1,good
9000000619-2,2020-10-12,13.0,160.88666428316031,1,good
9000000619-2,2020-10-12,14.0,209.049773755656,1,good
9000000619-2,2020-10-12,15.0,201.5891032917134,1,good
9000000619-2,2020-10-12,16.0,188.69337326843942,1,good
9000000619-2,2020-10-12,17.0,203.2588101553618,1,good
9000000619-2,2020-10-13,8.0,258.70575616732094,1,bad
9000000619-2,2020-10-13,9.0,182.76725062566982,1,bad
9000000619-2,2020-10-13,10.0,172.0445562342795,1,bad
9000000619-2,2020-10-13,11.0,188.5898815931107,1,bad
9000000619-2,2020-10-13,12.0,172.65569076592672,1,bad
9000000619-2,2020-10-13,15.0,226.25511342506556,1,bad
9000000619-2,2020-10-13,16.0,230.6983883346122,1,bad
9000000619-2,2020-10-13,17.0,209.5634095634092,1,bad
9000000619-2,2020-10-14,8.0,238.2753403933432,1,good
9000000619-2,2020-10-14,9.0,105.6198347107437,1,good
9000000619-2,2020-10-14,10.0,125.10288065843619,1,good
9000000619-2,2020-10-14,11.0,125.70466975178832,1,good
9000000619-2,2020-10-14,12.0,152.31316725978638,1,good
9000000619-2,2020-10-14,13.0,186.5724381625441,1,good
9000000619-2,2020-10-14,14.0,159.9376461418551,1,good
9000000619-2,2020-10-14,15.0,198.99497487437202,1,good
9000000619-2,2020-10-14,16.0,223.9694656488547,1,good
9000000619-2,2020-10-14,17.0,220.60150375939898,1,good
9000000619-2,2020-10-15,9.0,238.02938634399328,1,bad
9000000619-2,2020-10-15,10.0,226.2691377921031,1,bad
9000000619-2,2020-10-15,11.0,193.75300336376768,1,bad
9000000619-2,2020-10-15,12.0,214.847161572052,1,bad
9000000619-2,2020-10-15,13.0,247.5689881734568,1,bad
9000000619-2,2020-10-15,14.0,230.8589195491642,1,bad
9000000619-2,2020-10-15,15.0,228.93203883495144,1,bad
9000000619-2,2020-10-15,16.0,249.056603773585,1,bad
9000000619-2,2020-10-16,8.0,315.0645624103297,1,bad
9000000619-2,2020-10-16,9.0,183.79150303463052,1,bad
9000000619-2,2020-10-16,10.0,177.0491803278685,1,bad
9000000619-2,2020-10-16,11.0,224.4356861340029,1,bad
9000000619-2,2020-10-16,12.0,198.34353619013302,1,bad
9000000619-2,2020-10-16,13.0,184.9180327868854,1,bad
9000000619-2,2020-10-16,14.0,166.3410969196091,1,bad
9000000619-2,2020-10-16,15.0,252.88082083662118,1,bad
9000000619-2,2020-10-16,16.0,191.7916337805844,1,bad
9000000619-2,2020-10-16,17.0,158.8473660513284,1,bad
9000000619-2,2020-10-17,8.0,82.36536430834221,0,bad
9000000619-2,2020-10-17,9.0,122.42295430393192,0,bad
9000000619-2,2020-10-17,10.0,123.785891527827,0,bad
9000000619-2,2020-10-17,11.0,117.1164510166358,0,bad
9000000619-2,2020-10-17,12.0,128.57142857142873,0,bad
9000000619-2,2020-10-17,14.0,105.84192439862548,0,bad
9000000619-2,2020-10-17,15.0,91.68539325842698,0,bad
9000000619-2,2020-10-17,16.0,98.1215469613258,0,bad
9000000619-2,2020-10-17,17.0,93.41595662277301,0,bad
9000000619-2,2020-10-18,8.0,34.201266713582,0,good
9000000619-2,2020-10-18,9.0,44.984380423464,0,good
9000000619-2,2020-10-18,10.0,81.8472468916519,0,good
9000000619-2,2020-10-18,11.0,52.54054054054052,0,good
9000000619-2,2020-10-18,12.0,95.08437270726341,0,good
9000000619-2,2020-10-18,14.0,72.113118617439,0,good
9000000619-2,2020-10-18,15.0,89.3430656934307,0,good
9000000619-2,2020-10-18,16.0,105.18114530580439,0,good
9000000619-2,2020-10-18,17.0,116.52239367707932,0,good
9000000619-2,2020-10-19,8.0,249.6443812233278,1,good
9000000619-2,2020-10-19,9.0,174.4605588963563,1,good
9000000619-2,2020-10-19,10.0,170.99347353154462,1,good
9000000619-2,2020-10-19,11.0,157.3770491803275,1,good
9000000619-2,2020-10-19,12.0,143.4157137587606,1,good
9000000619-2,2020-10-19,14.0,158.5346843335933,1,good
9000000619-2,2020-10-19,15.0,170.30769230769238,1,good
9000000619-2,2020-10-19,16.0,137.02422145328708,1,good
9000000619-2,2020-10-19,17.0,135.6570890249645,1,good
9000000619-2,2020-10-20,8.0,198.7341772151898,1,good
9000000619-2,2020-10-20,9.0,162.9420084865634,1,good
9000000619-2,2020-10-20,10.0,180.1305293691076,1,good
9000000619-2,2020-10-20,11.0,132.9006085192698,1,good
9000000619-2,2020-10-20,12.0,171.173848439822,1,good
9000000619-2,2020-10-20,13.0,139.82218062704732,1,good
9000000619-2,2020-10-20,14.0,150.0,1,good
9000000619-2,2020-10-21,8.0,274.848376739208,1,good
9000000619-2,2020-10-21,9.0,192.6082365364307,1,good
9000000619-2,2020-10-21,10.0,153.4127843987,1,good
9000000619-2,2020-10-21,11.0,179.7356828193829,1,good
9000000619-2,2020-10-21,14.0,148.7153652392945,1,good
9000000619-2,2020-10-21,15.0,169.640787949015,1,good
9000000619-2,2020-10-21,16.0,186.99551569506752,1,good
9000000619-2,2020-10-21,17.0,180.0703399765532,1,good
9000000619-2,2020-10-22,8.0,207.1022727272735,1,good
9000000619-2,2020-10-22,9.0,179.2956243329776,1,good
9000000619-2,2020-10-22,10.0,149.2649830380704,1,good
9000000619-2,2020-10-22,11.0,134.3923749007148,1,good
9000000619-2,2020-10-22,12.0,130.737551478847,1,good
9000000619-2,2020-10-22,13.0,154.5911375057103,1,good
9000000619-2,2020-10-22,14.0,139.4932935916541,1,good
9000000619-2,2020-10-22,15.0,201.64301717699828,1,good
9000000619-2,2020-10-22,16.0,195.9371406669225,1,good
9000000619-2,2020-10-22,17.0,178.1132075471699,1,good
9000000619-2,2020-10-23,8.0,200.71022727272722,1,good
9000000619-2,2020-10-23,9.0,174.25600573682348,1,good
9000000619-2,2020-10-23,10.0,162.6389386877018,1,good
9000000619-2,2020-10-23,11.0,206.19596541786763,1,good
9000000619-2,2020-10-23,12.0,147.4447263501269,1,good
9000000619-2,2020-10-23,13.0,179.1374861776634,1,good
9000000619-2,2020-10-23,14.0,181.1237605582077,1,good
9000000619-2,2020-10-23,15.0,182.7067669172937,1,good
9000000619-2,2020-10-23,16.0,204.1379310344825,1,good
9000000619-2,2020-10-23,17.0,190.970654627539,1,good
9000000619-2,2020-10-24,8.0,66.9550173010381,0,bad
9000000619-2,2020-10-24,9.0,94.9033391915642,0,bad
9000000619-2,2020-10-24,10.0,109.01408450704221,0,bad
9000000619-2,2020-10-24,11.0,124.58080627898681,0,bad
9000000619-2,2020-10-24,12.0,122.14285714285721,0,bad
9000000619-2,2020-10-24,13.0,95.440084835631,0,bad
9000000619-2,2020-10-24,14.0,101.3370865587614,0,bad
9000000619-2,2020-10-24,15.0,111.3798008534851,0,bad
9000000619-2,2020-10-24,16.0,104.97866287339971,0,bad
9000000619-2,2020-10-25,7.0,29.2269678785739,0,good
9000000619-2,2020-10-25,8.0,37.3702422145329,0,good
9000000619-2,2020-10-25,9.0,55.8533145275035,0,good
9000000619-2,2020-10-25,10.0,86.4406779661016,0,good
9000000619-2,2020-10-25,11.0,87.1794871794872,0,good
9000000619-2,2020-10-25,12.0,90.0,0,good
9000000619-2,2020-10-25,13.0,85.3391684901532,0,good
9000000619-2,2020-10-25,14.0,75.24324324324321,0,good
9000000619-2,2020-10-25,15.0,84.9364791288566,0,good
9000000619-2,2020-10-25,16.0,111.2849162011172,0,good
9000000619-2,2020-10-26,7.0,173.3499377334995,1,good
9000000619-2,2020-10-26,8.0,185.83125667497382,1,good
9000000619-2,2020-10-26,9.0,138.2589612289685,1,good
9000000619-2,2020-10-26,10.0,154.455445544554,1,good
9000000619-2,2020-10-26,11.0,147.18232044198962,1,good
9000000619-2,2020-10-26,12.0,162.63100831225142,1,good
9000000619-2,2020-10-26,13.0,124.59992556754739,1,good
9000000619-2,2020-10-26,14.0,154.4165757906213,1,good
9000000619-2,2020-10-26,15.0,142.5476279417257,1,good
9000000619-2,2020-10-26,16.0,143.9999999999996,1,good
9000000619-2,2020-10-27,8.0,148.7903225806451,1,good
9000000619-2,2020-10-27,9.0,170.89926669239702,1,good
9000000619-2,2020-10-27,10.0,147.8005865102638,1,good
9000000619-2,2020-10-27,11.0,116.1702127659575,1,good
9000000619-2,2020-10-27,12.0,124.7142857142858,1,good
9000000619-2,2020-10-27,13.0,130.3403330919622,1,good
9000000619-2,2020-10-27,14.0,121.05263157894743,1,good
9000000619-2,2020-10-27,15.0,142.72517321016159,1,good
9000000619-2,2020-10-27,16.0,141.3193039255362,1,good
9000000619-2,2020-10-28,7.0,149.5774647887324,1,good
9000000619-2,2020-10-28,8.0,149.62699822380114,1,good
9000000619-2,2020-10-28,9.0,143.5302645886191,1,good
9000000619-2,2020-10-28,10.0,140.1557285873195,1,good
9000000619-2,2020-10-28,11.0,143.33843797856088,1,good
9000000619-2,2020-10-28,13.0,135.8862144420132,1,good
9000000619-2,2020-10-28,14.0,141.1473380107303,1,good
9000000619-2,2020-10-28,15.0,158.4729255940783,1,good
9000000619-2,2020-10-28,16.0,124.81426448736991,1,good
9000000619-2,2020-10-29,7.0,142.20640569394988,1,good
9000000619-2,2020-10-29,8.0,141.639344262295,1,good
9000000619-2,2020-10-29,9.0,145.8773784355179,1,good
9000000619-2,2020-10-29,10.0,148.4129879605983,1,good
9000000619-2,2020-10-29,11.0,117.48251748251761,1,good
9000000619-2,2020-10-29,14.0,146.8763280917978,1,good
9000000619-2,2020-10-29,15.0,138.61682242990648,1,good
9000000619-2,2020-10-29,16.0,146.22823984526121,1,good
9000000619-2,2020-10-30,7.0,153.21888412017148,1,good
9000000619-2,2020-10-30,8.0,149.512459371615,1,good
9000000619-2,2020-10-30,9.0,151.37111517367458,1,good
9000000619-2,2020-10-30,10.0,124.80739599383651,1,good
9000000619-2,2020-10-30,11.0,131.6731517509727,1,good
9000000619-2,2020-10-30,13.0,122.31404958677689,1,good
9000000619-2,2020-10-30,14.0,118.9735614307931,1,good
9000000619-2,2020-10-30,15.0,126.12456747404842,1,good
9000000619-2,2020-10-30,16.0,113.15280464216639,1,good
9000000619-2,2020-10-31,7.0,46.411149825784,0,good
9000000619-2,2020-10-31,8.0,49.982644914960005,0,good
9000000619-2,2020-10-31,9.0,35.4744525547446,0,good
9000000619-2,2020-10-31,10.0,76.33928571428568,0,good
9000000619-2,2020-10-31,11.0,72.2689075630253,0,good
9000000619-2,2020-10-31,13.0,122.1258952129664,0,good
9000000619-2,2020-10-31,14.0,91.52542372881351,0,good
9000000619-2,2020-10-31,15.0,100.7253886010363,0,good
9000000619-2,2020-10-31,16.0,109.6153846153845,0,good
9000000619-2,2020-11-01,7.0,30.2203567681008,0,good
9000000619-2,2020-11-01,8.0,34.987851440472,0,good
9000000619-2,2020-11-01,9.0,40.73550212164071,0,good
9000000619-2,2020-11-01,10.0,70.2376729336644,0,good
9000000619-2,2020-11-01,11.0,54.85164394546915,0,good
9000000619-2,2020-11-01,12.0,109.7107438016529,0,good
9000000619-2,2020-11-01,13.0,93.2846715328468,0,good
9000000619-2,2020-11-01,14.0,92.77625927372122,0,good
9000000619-2,2020-11-01,15.0,84.70588235294119,0,good
9000000619-2,2020-11-01,16.0,73.50597609561748,0,good
9000000619-2,2020-11-02,7.0,188.05970149253798,1,good
9000000619-2,2020-11-02,8.0,171.0,1,good
9000000619-2,2020-11-02,9.0,142.292490118577,1,good
9000000619-2,2020-11-02,10.0,130.80099091659798,1,good
9000000619-2,2020-11-02,13.0,134.042553191489,1,good
9000000619-2,2020-11-02,14.0,133.659730722154,1,good
9000000619-2,2020-11-02,15.0,112.299465240642,1,good
9000000619-2,2020-11-02,16.0,137.096774193548,1,good
9000000619-2,2020-11-03,7.0,145.222929936305,1,good
9000000619-2,2020-11-03,8.0,107.227958697379,1,good
9000000619-2,2020-11-03,9.0,141.720154043646,1,good
9000000619-2,2020-11-03,10.0,88.1024096385542,1,good
9000000619-2,2020-11-03,11.0,129.078014184397,1,good
9000000619-2,2020-11-03,13.0,137.47016706443898,1,good
9000000619-2,2020-11-03,14.0,113.614678899083,1,good
9000000619-2,2020-11-03,15.0,127.140115163148,1,good
9000000619-2,2020-11-04,7.0,156.03715170278602,1,good
9000000619-2,2020-11-04,8.0,195.94450373532501,1,good
9000000619-2,2020-11-04,9.0,129.963898916968,1,good
9000000619-2,2020-11-04,10.0,157.081545064377,1,good
9000000619-2,2020-11-04,11.0,136.305732484076,1,good
9000000619-2,2020-11-04,12.0,167.718268525312,1,good
9000000619-2,2020-11-04,13.0,149.49037372593398,1,good
9000000619-2,2020-11-04,14.0,151.840490797546,1,good
9000000619-2,2020-11-04,15.0,151.746286631874,1,good
9000000619-2,2020-11-05,7.0,176.135796305542,1,bad
9000000619-2,2020-11-05,8.0,175.54770318021198,1,bad
9000000619-2,2020-11-05,9.0,116.08788093550699,1,bad
9000000619-2,2020-11-05,10.0,119.315751960085,1,bad
9000000619-2,2020-11-05,11.0,146.40522875816998,1,bad
9000000619-2,2020-11-05,12.0,130.369307995698,1,bad
9000000619-2,2020-11-05,13.0,147.658802177858,1,bad
9000000619-2,2020-11-05,14.0,132.110091743119,1,bad
9000000619-2,2020-11-05,15.0,193.3236574746,1,bad
9000000619-2,2020-11-05,16.0,150.713606089438,1,bad
9000000619-2,2020-11-06,7.0,140.276301806589,1,good
9000000619-2,2020-11-06,8.0,60.0,1,good
9000000619-2,2020-11-06,9.0,95.89164785553041,1,good
9000000619-2,2020-11-06,10.0,123.75,1,good
9000000619-2,2020-11-06,11.0,139.607843137255,1,good
9000000619-2,2020-11-06,13.0,131.944444444444,1,good
9000000619-2,2020-11-06,14.0,161.10659072416598,1,good
9000000619-2,2020-11-06,15.0,158.490566037736,1,good
9000000619-2,2020-11-06,16.0,136.8,1,good
9000000619-2,2020-11-07,7.0,51.9615099925981,0,bad
9000000619-2,2020-11-07,8.0,67.0977558006847,0,bad
9000000619-2,2020-11-07,9.0,94.8837209302325,0,bad
9000000619-2,2020-11-07,10.0,93.2469935245143,0,bad
9000000619-2,2020-11-08,7.0,24.3243243243243,0,bad
9000000619-2,2020-11-08,8.0,32.353957829243,0,bad
9000000619-2,2020-11-08,9.0,49.245878639074,0,bad
9000000619-2,2020-11-08,10.0,48.373408769448396,0,bad
9000000619-2,2020-11-08,11.0,79.1361357500964,0,bad
9000000619-2,2020-11-08,12.0,71.7656631407649,0,bad
9000000619-2,2020-11-08,13.0,75.80575848732279,0,bad
9000000619-2,2020-11-08,14.0,75.43216343635409,0,bad
9000000619-2,2020-11-09,7.0,163.208369659983,1,bad
9000000619-2,2020-11-09,8.0,150.42492917847,1,bad
9000000619-2,2020-11-09,9.0,160.65451840833,1,bad
9000000619-2,2020-11-09,10.0,153.07720999627,1,bad
9000000619-2,2020-11-09,11.0,103.626168224299,1,bad
9000000619-2,2020-11-09,12.0,132.03883495145598,1,bad
9000000619-2,2020-11-09,13.0,128.475836431227,1,bad
9000000619-2,2020-11-09,14.0,121.243523316062,1,bad
9000000619-2,2020-11-09,15.0,153.568498769483,1,bad
9000000619-2,2020-11-10,8.0,155.79399141630898,1,bad
9000000619-2,2020-11-10,9.0,156.176470588235,1,bad
9000000619-2,2020-11-10,10.0,122.848664688427,1,bad
9000000619-2,2020-11-10,11.0,155.081001472754,1,bad
9000000619-2,2020-11-10,12.0,157.090909090909,1,bad
9000000619-2,2020-11-10,13.0,148.617234468938,1,bad
9000000619-2,2020-11-10,14.0,138.461538461538,1,bad
9000000619-2,2020-11-10,15.0,147.62484774665,1,bad
9000000619-2,2020-11-11,7.0,174.432989690722,1,bad
9000000619-2,2020-11-11,8.0,208.36012861736302,1,bad
9000000619-2,2020-11-11,9.0,150.318471337579,1,bad
9000000619-2,2020-11-11,10.0,162.012756909993,1,bad
9000000619-2,2020-11-11,11.0,140.139551964745,1,bad
9000000619-2,2020-11-11,12.0,152.05631715450198,1,bad
9000000619-2,2020-11-11,13.0,127.574750830565,1,bad
9000000619-2,2020-11-11,14.0,158.273381294964,1,bad
9000000619-2,2020-11-11,15.0,158.471760797342,1,bad
9000000619-2,2020-11-12,7.0,161.10414052697598,1,bad
9000000619-2,2020-11-12,8.0,159.398496240602,1,bad
9000000619-2,2020-11-12,9.0,126.17914322804,1,bad
9000000619-2,2020-11-12,10.0,149.532710280374,1,bad
9000000619-2,2020-11-12,11.0,161.329960245754,1,bad
9000000619-2,2020-11-12,12.0,154.059985369422,1,bad
9000000619-2,2020-11-12,13.0,144.561403508772,1,bad
9000000619-2,2020-11-12,14.0,176.51245551601397,1,bad
9000000619-2,2020-11-12,15.0,176.603773584906,1,bad
9000000619-2,2020-11-13,7.0,147.52783964365298,1,bad
9000000619-2,2020-11-13,8.0,192.395982783357,1,bad
9000000619-2,2020-11-13,9.0,132.181425485961,1,bad
9000000619-2,2020-11-13,10.0,164.578833693305,1,bad
9000000619-2,2020-11-13,11.0,138.864628820961,1,bad
9000000619-2,2020-11-13,13.0,166.692607003891,1,bad
9000000619-2,2020-11-13,14.0,182.418426103647,1,bad
9000000619-2,2020-11-13,15.0,160.410094637224,1,bad
9000000619-2,2020-11-14,7.0,65.5480185647983,0,good
9000000619-2,2020-11-14,8.0,80.5683836589698,0,good
9000000619-2,2020-11-14,9.0,81.9512195121951,0,good
9000000619-2,2020-11-15,8.0,26.007604562737605,0,bad
9000000619-2,2020-11-15,9.0,36.832133383857496,0,bad
9000000619-2,2020-11-15,10.0,66.0698299015219,0,bad
9000000619-2,2020-11-15,11.0,79.5311091073039,0,bad
9000000619-2,2020-11-15,13.0,89.36170212765957,0,bad
9000000619-2,2020-11-16,7.0,202.972027972029,1,bad
9000000619-2,2020-11-16,8.0,189.864029666255,1,bad
9000000619-2,2020-11-16,9.0,150.0,1,bad
9000000619-2,2020-11-16,10.0,133.518776077886,1,bad
9000000619-2,2020-11-16,11.0,153.69230769230802,1,bad
9000000619-2,2020-11-16,12.0,121.67832167832199,1,bad
9000000619-2,2020-11-16,13.0,127.72667542707,1,bad
9000000619-2,2020-11-16,14.0,146.93877551020398,1,bad
9000000619-2,2020-11-17,7.0,169.394435351882,1,good
9000000619-2,2020-11-17,8.0,191.62526614620202,1,good
9000000619-2,2020-11-17,9.0,90.0341038272073,1,good
9000000619-2,2020-11-17,10.0,43.022359290670785,1,good
9000000619-2,2020-11-17,11.0,105.26315789473699,1,good
9000000619-2,2020-11-17,12.0,131.546894031668,1,good
9000000619-2,2020-11-17,13.0,158.241758241758,1,good
9000000619-2,2020-11-17,14.0,123.024348568988,1,good
9000000619-2,2020-11-17,15.0,154.93670886076,1,good
9000000619-2,2020-11-18,7.0,157.728194726166,1,bad
9000000619-2,2020-11-18,8.0,149.562682215743,1,bad
9000000619-2,2020-11-18,9.0,142.380261248185,1,bad
9000000619-2,2020-11-18,10.0,140.513191181785,1,bad
9000000619-2,2020-11-18,11.0,141.814239248283,1,bad
9000000619-2,2020-11-18,13.0,142.17207334273598,1,bad
9000000619-2,2020-11-18,14.0,125.35031847133699,1,bad
9000000619-2,2020-11-18,15.0,152.295229522952,1,bad
9000000619-2,2020-11-19,8.0,148.348134991119,1,bad
9000000619-2,2020-11-19,9.0,113.738019169329,1,bad
9000000619-2,2020-11-19,10.0,129.694323144105,1,bad
9000000619-2,2020-11-19,11.0,135.62103692652,1,bad
9000000619-2,2020-11-20,8.0,132.506780317706,1,bad
9000000619-2,2020-11-20,9.0,130.933633295838,1,bad
9000000619-2,2020-11-20,10.0,146.38554216867502,1,bad
9000000619-2,2020-11-20,11.0,152.242631354122,1,bad
9000000619-2,2020-11-20,12.0,111.891891891892,1,bad
9000000619-2,2020-11-20,13.0,118.104495747266,1,bad
9000000619-2,2020-11-20,14.0,109.526184538653,1,bad
9000000619-2,2020-11-21,7.0,39.74763406940061,0,bad
9000000619-2,2020-11-21,8.0,7.048458149779742,0,bad
9000000619-2,2020-11-21,9.0,27.6790004805382,0,bad
9000000619-2,2020-11-21,10.0,42.1545667447307,0,bad
9000000619-2,2020-11-21,13.0,133.472584856397,0,bad
9000000619-2,2020-11-21,14.0,110.45241809672399,0,bad
9000000619-2,2020-11-22,7.0,6.81818181818182,0,bad
9000000619-2,2020-11-22,8.0,5.18981259010091,0,bad
9000000619-2,2020-11-22,9.0,7.00729927007299,0,bad
9000000619-2,2020-11-22,10.0,22.5868725868726,0,bad
9000000619-2,2020-11-23,11.0,109.5505617977528,1,bad
9000000619-2,2020-11-23,13.0,139.8889770023788,1,bad
9000000619-2,2020-11-23,14.0,144.5255474452551,1,bad
9000000619-2,2020-11-23,15.0,105.09554140127389,1,bad
9000000619-2,2020-11-24,8.0,151.1500547645122,1,bad
9000000619-2,2020-11-24,9.0,137.3944954128438,1,bad
9000000619-2,2020-11-24,10.0,143.0463576158941,1,bad
9000000619-2,2020-11-24,11.0,147.6510067114092,1,bad
9000000619-2,2020-11-24,12.0,140.5362776025238,1,bad
9000000619-2,2020-11-24,13.0,135.4487760652761,1,bad
9000000619-2,2020-11-24,14.0,147.5691134413729,1,bad
9000000619-2,2020-11-25,10.0,148.7961476725518,1,bad
9000000619-2,2020-11-26,8.0,156.8656169901135,1,bad
9000000619-2,2020-11-26,9.0,127.9187817258882,1,bad
9000000619-2,2020-11-26,10.0,154.3077582511788,1,bad
9000000619-2,2020-11-26,11.0,154.1284403669723,1,bad
9000000619-2,2020-11-26,12.0,128.89561270801872,1,bad
9000000619-2,2020-11-26,13.0,166.72131147541063,1,bad
9000000619-2,2020-11-26,14.0,123.31288343558312,1,bad
9000000619-2,2020-11-27,8.0,180.06718924971983,1,bad
9000000619-2,2020-11-27,9.0,181.4432989690723,1,bad
9000000619-2,2020-11-27,10.0,166.308243727598,1,bad
9000000619-2,2020-11-27,11.0,140.6117647058818,1,bad
9000000619-2,2020-11-27,12.0,190.46711153479532,1,bad
9000000619-2,2020-11-28,8.0,50.34965034965042,0,bad
9000000619-2,2020-11-28,9.0,60.26785714285718,0,bad
9000000619-2,2020-11-28,10.0,93.86281588447663,0,bad
9000000619-2,2020-11-28,11.0,111.78082191780815,0,bad
9000000619-2,2020-11-28,12.0,112.89198606271805,0,bad
9000000619-2,2020-11-28,13.0,110.02680965147466,0,bad
9000000619-2,2020-11-29,8.0,19.958419958419988,0,bad
9000000619-2,2020-11-29,9.0,33.71757925072041,0,bad
9000000619-2,2020-11-29,10.0,28.368794326241108,0,bad
9000000619-2,2020-11-29,11.0,47.41463414634153,0,bad
9000000619-2,2020-11-29,12.0,66.21490803484991,0,bad
9000000619-2,2020-11-30,8.0,68.4863523573201,1,bad
9000000619-2,2020-11-30,9.0,110.23923444976079,1,bad
9000000619-2,2020-11-30,11.0,103.20114667940751,1,bad
9000000619-2,2020-12-01,8.0,181.651376146789,1,bad
9000000619-2,2020-12-01,9.0,150.7037170696496,1,bad
9000000619-2,2020-12-01,10.0,143.6376707404741,1,bad
9000000619-2,2020-12-01,11.0,161.4639397201288,1,bad
9000000619-2,2020-12-01,12.0,138.2627422828424,1,bad
9000000619-2,2020-12-01,13.0,158.04246131702,1,bad
9000000619-2,2020-12-01,14.0,152.79912184412728,1,bad
9000000619-2,2020-12-01,15.0,161.9151251360169,1,bad
9000000619-2,2020-12-02,8.0,185.8064516129027,1,bad
9000000619-2,2020-12-02,9.0,138.5108656929099,1,bad
9000000619-2,2020-12-02,10.0,142.7541456380675,1,bad
9000000619-2,2020-12-02,11.0,169.9963675989834,1,bad
9000000619-2,2020-12-02,12.0,120.1305767138193,1,bad
9000000619-2,2020-12-02,13.0,133.7101332256765,1,bad
9000000619-2,2020-12-02,14.0,110.1208459214504,1,bad
9000000619-2,2020-12-02,15.0,182.2950819672137,1,bad
9000000619-2,2020-12-03,8.0,160.7679465776294,1,bad
9000000619-2,2020-12-03,9.0,128.986026513794,1,bad
9000000619-2,2020-12-03,10.0,105.3468208092485,1,bad
9000000619-2,2020-12-03,11.0,123.6889692585894,1,bad
9000000619-2,2020-12-03,12.0,122.8448275862069,1,bad
9000000619-2,2020-12-03,13.0,133.5291957399929,1,bad
9000000619-2,2020-12-03,14.0,109.57095709570942,1,bad
9000000619-2,2020-12-03,15.0,172.66498377208748,1,bad
9000000619-2,2020-12-04,8.0,157.315645727663,1,bad
9000000619-2,2020-12-04,9.0,153.925543678584,1,bad
9000000619-2,2020-12-04,10.0,134.2898134863706,1,bad
9000000619-2,2020-12-04,11.0,171.05549510337272,1,bad
9000000619-2,2020-12-04,12.0,158.2132564841501,1,bad
9000000619-2,2020-12-04,13.0,183.88489208633052,1,bad
9000000619-2,2020-12-04,14.0,138.5122755588132,1,bad
9000000619-2,2020-12-04,15.0,181.60237388724087,1,bad
9000000619-2,2020-12-05,8.0,60.14930678990395,0,bad
9000000619-2,2020-12-05,9.0,75.50657660860287,0,bad
9000000619-2,2020-12-05,10.0,100.18070112034697,0,bad
9000000619-2,2020-12-05,11.0,89.96740311481345,0,bad
9000000619-2,2020-12-05,12.0,119.4805194805194,0,bad
9000000619-2,2020-12-05,13.0,94.49168207024029,0,bad
9000000619-2,2020-12-05,14.0,98.8286969253294,0,bad
9000000619-2,2020-12-05,15.0,93.5264054514481,0,bad
9000000619-2,2020-12-06,8.0,16.27826086956518,0,bad
9000000619-2,2020-12-06,9.0,29.073033707865168,0,bad
9000000619-2,2020-12-06,10.0,60.042583392477,0,bad
9000000619-2,2020-12-06,11.0,64.42376521116674,0,bad
9000000619-2,2020-12-06,12.0,55.56353194544149,0,bad
9000000619-2,2020-12-06,13.0,58.67439333574792,0,bad
9000000619-2,2020-12-06,14.0,68.8488414858404,0,bad
9000000619-2,2020-12-06,15.0,87.14069591527993,0,bad
9000000619-2,2020-12-07,8.0,190.9779862865396,1,bad
9000000619-2,2020-12-07,9.0,135.4353278394847,1,bad
9000000619-2,2020-12-07,10.0,141.02285092491843,1,bad
9000000619-2,2020-12-07,11.0,121.9899062725309,1,bad
9000000619-2,2020-12-07,12.0,122.9977957384276,1,bad
9000000619-2,2020-12-07,13.0,125.17006802721137,1,bad
9000000619-2,2020-12-07,14.0,153.0230853792597,1,bad
9000000619-2,2020-12-07,15.0,146.0023174971032,1,bad
9000000619-2,2020-12-08,8.0,178.68613138686152,1,bad
9000000619-2,2020-12-08,9.0,166.8789808917191,1,bad
9000000619-2,2020-12-08,10.0,180.4479203697121,1,bad
9000000619-2,2020-12-08,11.0,161.9870410367171,1,bad
9000000619-2,2020-12-08,12.0,146.4890169247391,1,bad
9000000619-2,2020-12-08,13.0,126.20166245030711,1,bad
9000000619-2,2020-12-08,14.0,160.4378420641121,1,bad
9000000619-2,2020-12-09,9.0,154.756871035941,1,bad
9000000619-2,2020-12-09,10.0,170.3225806451613,1,bad
9000000619-2,2020-12-09,11.0,152.9453766511956,1,bad
9000000619-2,2020-12-09,12.0,126.01948754962109,1,bad
9000000619-2,2020-12-09,13.0,159.361393323657,1,bad
9000000619-2,2020-12-09,14.0,150.4864864864858,1,bad
9000000619-2,2020-12-10,8.0,167.8889284442867,1,bad
9000000619-2,2020-12-10,9.0,125.47610492274521,1,bad
9000000619-2,2020-12-10,10.0,165.93446164926192,1,bad
9000000619-2,2020-12-10,11.0,148.61776631035738,1,bad
9000000619-2,2020-12-10,12.0,147.8197674418606,1,bad
9000000619-2,2020-12-10,13.0,125.67272727272791,1,bad
9000000619-2,2020-12-10,14.0,134.06352683461108,1,bad
9000000619-2,2020-12-10,15.0,173.9776951672869,1,bad
9000000619-2,2020-12-11,8.0,149.19416730621612,1,bad
9000000619-2,2020-12-11,9.0,197.06618962432924,1,bad
9000000619-2,2020-12-11,10.0,162.5311055812305,1,bad
9000000619-2,2020-12-11,11.0,142.87739192062338,1,bad
9000000619-2,2020-12-11,12.0,115.9235668789809,1,bad
9000000619-2,2020-12-11,13.0,153.0523255813956,1,bad
9000000619-2,2020-12-11,14.0,180.9694793536809,1,bad
9000000619-2,2020-12-11,15.0,206.58873538788575,1,bad
9000000619-2,2020-12-12,8.0,51.91527715187017,0,bad
9000000619-2,2020-12-12,9.0,52.081863091037434,0,bad
9000000619-2,2020-12-12,10.0,82.5979527003177,0,bad
9000000619-2,2020-12-12,11.0,110.23054755043229,0,bad
9000000619-2,2020-12-12,12.0,114.87988526353551,0,bad
9000000619-2,2020-12-12,13.0,98.4323733138898,0,bad
9000000619-2,2020-12-12,14.0,97.29729729729719,0,bad
9000000619-2,2020-12-12,15.0,72.66855066612833,0,bad
9000000619-2,2020-12-13,8.0,16.07142857142854,0,bad
9000000619-2,2020-12-13,9.0,32.9345531315975,0,bad
9000000619-2,2020-12-13,10.0,41.29032258064512,0,bad
9000000619-2,2020-12-13,11.0,67.75244299674272,0,bad
9000000619-2,2020-12-13,12.0,61.6842872767043,0,bad
9000000619-2,2020-12-13,13.0,81.06312292358804,0,bad
9000000619-2,2020-12-13,14.0,93.69501466275648,0,bad
9000000619-2,2020-12-13,15.0,81.07519070105337,0,bad
9000000619-2,2020-12-14,8.0,183.71198881509963,1,bad
9000000619-2,2020-12-14,9.0,170.57356608478779,1,bad
9000000619-2,2020-12-14,10.0,169.73961998592551,1,bad
9000000619-2,2020-12-14,11.0,152.3809523809523,1,bad
9000000619-2,2020-12-14,12.0,135.6558833985068,1,bad
9000000619-2,2020-12-14,13.0,158.9743589743592,1,bad
9000000619-2,2020-12-14,14.0,156.29522431259,1,bad
9000000619-2,2020-12-14,15.0,168.8920967159867,1,bad
9000000619-2,2020-12-15,8.0,192.2807017543854,1,bad
9000000619-2,2020-12-15,9.0,159.15789473684188,1,bad
9000000619-2,2020-12-15,10.0,156.857142857143,1,bad
9000000619-2,2020-12-15,11.0,170.6951871657749,1,bad
9000000619-2,2020-12-15,12.0,155.2941176470586,1,bad
9000000619-2,2020-12-15,13.0,171.2446351931327,1,bad
9000000619-2,2020-12-15,14.0,153.634719710669,1,bad
9000000619-2,2020-12-15,15.0,207.8521939953813,1,bad
9000000619-2,2020-12-16,8.0,183.6344314558982,1,bad
9000000619-2,2020-12-16,9.0,166.09442060085772,1,bad
9000000619-2,2020-12-16,10.0,181.0271041369473,1,bad
9000000619-2,2020-12-16,11.0,160.5422761327148,1,bad
9000000619-2,2020-12-16,12.0,152.6086956521737,1,bad
9000000619-2,2020-12-16,13.0,161.07954545454558,1,bad
9000000619-2,2020-12-16,14.0,191.51689432063222,1,bad
9000000619-2,2020-12-16,15.0,195.750810226863,1,bad
9000000619-2,2020-12-17,8.0,169.1103202846973,1,bad
9000000619-2,2020-12-17,9.0,198.83720930232602,1,bad
9000000619-2,2020-12-17,10.0,154.2116630669542,1,bad
9000000619-2,2020-12-17,11.0,201.2903225806454,1,bad
9000000619-2,2020-12-17,12.0,157.8523489932881,1,bad
9000000619-2,2020-12-17,13.0,143.27716027249917,1,bad
9000000619-2,2020-12-17,14.0,178.5765636232922,1,bad
9000000619-2,2020-12-17,15.0,166.29375676651048,1,bad
9000000619-2,2020-12-18,8.0,191.53398058252412,1,bad
9000000619-2,2020-12-18,9.0,203.7735849056603,1,bad
9000000619-2,2020-12-18,10.0,205.71428571428572,1,bad
9000000619-2,2020-12-18,11.0,189.8279730740462,1,bad
9000000619-2,2020-12-18,12.0,216.8831168831175,1,bad
9000000619-2,2020-12-18,13.0,159.10887531440912,1,bad
9000000619-2,2020-12-18,14.0,203.3825116948538,1,bad
9000000619-2,2020-12-18,15.0,189.68460111317302,1,bad
9000000619-2,2020-12-19,8.0,94.23417049876191,0,bad
9000000619-2,2020-12-19,9.0,118.93428063943159,0,bad
9000000619-2,2020-12-19,10.0,146.8085106382979,0,bad
9000000619-2,2020-12-19,11.0,139.906441165887,0,bad
9000000619-2,2020-12-19,12.0,171.30403196512958,0,bad
9000000619-2,2020-12-19,13.0,168.89209671598698,0,bad
9000000619-2,2020-12-19,14.0,133.2854061826023,0,bad
9000000619-2,2020-12-19,15.0,135.8983666061708,0,bad
9000000619-2,2020-12-20,8.0,48.444070647603,0,bad
9000000619-2,2020-12-20,9.0,41.364452423698395,0,bad
9000000619-2,2020-12-20,10.0,69.87778576563622,0,bad
9000000619-2,2020-12-20,11.0,74.15973979038671,0,bad
9000000619-2,2020-12-20,12.0,104.9180327868852,0,bad
9000000619-2,2020-12-20,13.0,98.1104651162791,0,bad
9000000619-2,2020-12-20,14.0,102.48175182481751,0,bad
9000000619-2,2020-12-20,15.0,103.8861100423239,0,bad
9000000619-2,2020-12-21,9.0,208.8469905728791,1,bad
9000000619-2,2020-12-21,10.0,159.3269934162399,1,bad
9000000619-2,2020-12-21,11.0,174.7701360794414,1,bad
9000000619-2,2020-12-21,12.0,194.31072210065628,1,bad
9000000619-2,2020-12-21,13.0,185.234899328859,1,bad
9000000619-2,2020-12-21,14.0,206.7611777535439,1,bad
9000000619-2,2020-12-21,15.0,184.9802371541501,1,bad
9000000619-2,2020-12-22,8.0,214.59537572254288,1,bad
9000000619-2,2020-12-22,9.0,207.21311475409868,1,bad
9000000619-2,2020-12-22,10.0,189.5434462444767,1,bad
9000000619-2,2020-12-22,11.0,193.5772964899183,1,bad
9000000619-2,2020-12-22,12.0,217.50274624679582,1,bad
9000000619-2,2020-12-22,13.0,191.6604616530151,1,bad
9000000619-2,2020-12-22,14.0,209.21052631578908,1,bad
9000000619-2,2020-12-22,15.0,243.8193930421902,1,bad
9000000619-2,2020-12-23,8.0,202.8549962434252,1,good
9000000619-2,2020-12-23,9.0,201.074113856069,1,good
9000000619-2,2020-12-23,10.0,212.6857557085899,1,good
9000000619-2,2020-12-23,11.0,250.7924806487284,1,good
9000000619-2,2020-12-23,12.0,227.8984173721015,1,good
9000000619-2,2020-12-23,13.0,212.53169141615382,1,good
9000000619-2,2020-12-23,14.0,244.02234636871526,1,good
9000000619-2,2020-12-23,15.0,219.57633308984632,1,good
9000000619-2,2020-12-24,8.0,205.2631578947371,1,bad
9000000619-2,2020-12-24,9.0,176.4705882352941,1,bad
9000000619-2,2020-12-24,10.0,193.20920043811628,1,bad
9000000619-2,2020-12-24,11.0,190.5109489051094,1,bad
9000000619-2,2020-12-24,12.0,174.56173069750062,1,bad
9000000619-2,2020-12-24,13.0,199.6327579875134,1,bad
9000000619-2,2020-12-24,14.0,177.5121404557334,1,bad
9000000619-2,2020-12-24,15.0,187.8914405010433,1,bad
9000000619-2,2020-12-25,9.0,44.1964285714286,1,bad
9000000619-2,2020-12-25,10.0,51.661631419939596,1,bad
9000000619-2,2020-12-25,11.0,63.3945297864369,1,bad
9000000619-2,2020-12-25,12.0,90.3370786516855,1,bad
9000000619-2,2020-12-25,13.0,76.5957446808511,1,bad
9000000619-2,2020-12-25,14.0,87.2808653487505,1,bad
9000000619-2,2020-12-25,15.0,108.80241783150717,1,bad
9000000619-2,2020-12-26,8.0,24.9518675394686,0,bad
9000000619-2,2020-12-26,9.0,41.8918918918919,0,bad
9000000619-2,2020-12-26,10.0,57.2944297082228,0,bad
9000000619-2,2020-12-26,11.0,49.64412811387905,0,bad
9000000619-2,2020-12-26,12.0,80.763723150358,0,bad
9000000619-2,2020-12-26,13.0,84.526558891455,0,bad
9000000619-2,2020-12-26,14.0,96.5003723008191,0,bad
9000000619-2,2020-12-26,15.0,127.9816513761469,0,bad
9000000619-2,2020-12-27,8.0,39.7936624907884,0,bad
9000000619-2,2020-12-27,9.0,44.900953778429994,0,bad
9000000619-2,2020-12-27,10.0,66.56603773584911,0,bad
9000000619-2,2020-12-27,11.0,72.64573991031399,0,bad
9000000619-2,2020-12-27,12.0,75.8465011286681,0,bad
9000000619-2,2020-12-27,13.0,95.0226244343891,0,bad
9000000619-2,2020-12-27,14.0,90.6426155580609,0,bad
9000000619-2,2020-12-27,15.0,121.96421773886561,0,bad
9000000619-2,2020-12-28,8.0,153.3707865168542,1,bad
9000000619-2,2020-12-28,9.0,127.69811320754721,1,bad
9000000619-2,2020-12-28,10.0,138.98050974512748,1,bad
9000000619-2,2020-12-28,11.0,135.24861878453035,1,bad
9000000619-2,2020-12-28,12.0,125.2627763682494,1,bad
9000000619-2,2020-12-28,13.0,129.80769230769238,1,bad
9000000619-2,2020-12-28,14.0,85.197934595525,1,bad
9000000619-2,2020-12-28,15.0,131.95876288659792,1,bad
9000000619-2,2020-12-29,8.0,139.39666816749218,1,bad
9000000619-2,2020-12-29,9.0,129.7415362213323,1,bad
9000000619-2,2020-12-29,10.0,143.9481268011529,1,bad
9000000619-2,2020-12-29,11.0,135.2297592997809,1,bad
9000000619-2,2020-12-29,12.0,159.5604395604398,1,bad
9000000619-2,2020-12-29,13.0,130.860534124629,1,bad
9000000619-2,2020-12-29,14.0,148.6054295277055,1,bad
9000000619-2,2020-12-29,15.0,161.4529280948854,1,bad
9000000619-2,2020-12-30,9.0,183.36386954928588,1,bad
9000000619-2,2020-12-30,10.0,133.8628158844766,1,bad
9000000619-2,2020-12-30,11.0,234.2105263157892,1,bad
9000000619-2,2020-12-30,12.0,140.5839416058393,1,bad
9000000619-2,2020-12-30,13.0,203.42007434944253,1,bad
9000000619-2,2020-12-30,14.0,138.3080901366827,1,bad
9000000619-2,2020-12-30,15.0,166.7284179325673,1,bad
9000000619-2,2020-12-31,8.0,112.7987254381306,1,bad
9000000619-2,2020-12-31,9.0,117.92418108207579,1,bad
9000000619-2,2020-12-31,10.0,172.91981845688372,1,bad
9000000619-2,2020-12-31,11.0,164.5484949832775,1,bad
9000000619-2,2020-12-31,12.0,168.397790055249,1,bad
9000000619-2,2020-12-31,13.0,196.3636363636365,1,bad
9000000619-2,2020-12-31,14.0,147.4223034734915,1,bad
9000000619-2,2020-12-31,15.0,152.0940484937547,1,bad
9000000619-2,2021-01-01,8.0,29.829917139118997,1,bad
9000000619-2,2021-01-01,9.0,31.441048034934504,1,bad
9000000619-2,2021-01-01,10.0,53.392658509454904,1,bad
9000000619-2,2021-01-01,11.0,70.7977736549165,1,bad
9000000619-2,2021-01-01,12.0,68.9706987227648,1,bad
9000000619-2,2021-01-01,13.0,62.302483069977406,1,bad
9000000619-2,2021-01-01,14.0,78.9712556732225,1,bad
9000000619-2,2021-01-01,15.0,102.5798998844821,1,bad
9000000619-2,2021-01-02,8.0,27.4360370168754,0,bad
9000000619-2,2021-01-02,9.0,25.598802395209603,0,bad
9000000619-2,2021-01-02,10.0,52.781954887218,0,bad
9000000619-2,2021-01-02,11.0,59.348070438366506,0,bad
9000000619-2,2021-01-02,12.0,83.6890243902439,0,bad
9000000619-2,2021-01-02,13.0,68.2134570765661,0,bad
9000000619-2,2021-01-02,14.0,66.767600302801,0,bad
9000000619-2,2021-01-02,15.0,83.2049306625578,0,bad
9000000619-2,2021-01-03,8.0,35.860542335362496,0,bad
9000000619-2,2021-01-03,9.0,43.162233046084694,0,bad
9000000619-2,2021-01-03,10.0,54.4835414301929,0,bad
9000000619-2,2021-01-03,11.0,80.0301431801055,0,bad
9000000619-2,2021-01-03,12.0,81.2547819433818,0,bad
9000000619-2,2021-01-03,13.0,67.379679144385,0,bad
9000000619-2,2021-01-03,14.0,88.1688018085908,0,bad
9000000619-2,2021-01-03,15.0,94.4444444444444,0,bad
9000000619-2,2021-01-04,9.0,140.277257399775,1,bad
9000000619-2,2021-01-04,10.0,144.8350851757884,1,bad
9000000619-2,2021-01-04,11.0,126.56759695541871,1,bad
9000000619-2,2021-01-04,12.0,149.65986394557837,1,bad
9000000619-2,2021-01-04,13.0,140.4490246595509,1,bad
9000000619-2,2021-01-04,14.0,128.1899109792279,1,bad
9000000619-2,2021-01-04,15.0,163.0460921843694,1,bad
9000000619-2,2021-01-05,8.0,160.02891217925537,1,bad
9000000619-2,2021-01-05,9.0,129.5896328293737,1,bad
9000000619-2,2021-01-05,10.0,133.9111592632721,1,bad
9000000619-2,2021-01-05,11.0,145.8563535911603,1,bad
9000000619-2,2021-01-05,12.0,155.6541019955653,1,bad
9000000619-2,2021-01-05,13.0,122.9651162790699,1,bad
9000000619-2,2021-01-05,14.0,157.45794392523402,1,bad
9000000619-2,2021-01-05,15.0,166.0516605166055,1,bad
9000000619-2,2021-01-06,8.0,160.67368421052672,1,bad
9000000619-2,2021-01-06,9.0,164.4539614561025,1,bad
9000000619-2,2021-01-06,10.0,137.8497790868924,1,bad
9000000619-2,2021-01-06,11.0,142.545454545454,1,bad
9000000619-2,2021-01-06,12.0,147.0198675496693,1,bad
9000000619-2,2021-01-06,13.0,128.8531775018262,1,bad
9000000619-2,2021-01-06,14.0,161.05263157894788,1,bad
9000000619-2,2021-01-06,15.0,167.2413793103448,1,bad
9000000619-2,2021-01-07,9.0,163.28571428571428,1,bad
9000000619-2,2021-01-07,10.0,139.7555715312724,1,bad
9000000619-2,2021-01-07,11.0,146.806207145435,1,bad
9000000619-2,2021-01-07,12.0,152.8491620111729,1,bad
9000000619-2,2021-01-07,13.0,148.6607142857144,1,bad
9000000619-2,2021-01-07,14.0,154.1325390915861,1,bad
9000000619-2,2021-01-07,15.0,143.0463576158941,1,bad
9000000619-2,2021-01-08,9.0,150.4907306434024,1,bad
9000000619-2,2021-01-08,10.0,170.1912666907254,1,bad
9000000619-2,2021-01-08,11.0,132.1100917431194,1,bad
9000000619-2,2021-01-08,12.0,166.7538289129623,1,bad
9000000619-2,2021-01-08,13.0,126.56759695541861,1,bad
9000000619-2,2021-01-08,14.0,167.53536857781052,1,bad
9000000619-2,2021-01-08,15.0,184.5477846942512,1,bad
9000000619-2,2021-01-09,8.0,33.052792654935004,0,bad
9000000619-2,2021-01-09,9.0,67.3031026252983,0,bad
9000000619-2,2021-01-09,10.0,77.8288868445263,0,bad
9000000619-2,2021-01-09,11.0,106.08495981630301,0,bad
9000000619-2,2021-01-09,12.0,118.122853872568,0,bad
9000000619-2,2021-01-09,13.0,137.207547169811,0,bad
9000000619-2,2021-01-09,14.0,137.779461917393,0,bad
9000000619-2,2021-01-09,15.0,106.903200925569,0,bad
9000000619-2,2021-01-10,8.0,20.0222469410456,0,bad
9000000619-2,2021-01-10,9.0,40.0148203038162,0,bad
9000000619-2,2021-01-10,10.0,56.5656565656566,0,bad
9000000619-2,2021-01-10,11.0,56.7567567567568,0,bad
9000000619-2,2021-01-10,12.0,72.5373134328359,0,bad
9000000619-2,2021-01-10,13.0,84.8346636259977,0,bad
9000000619-2,2021-01-10,14.0,92.06468597217008,0,bad
9000000619-2,2021-01-10,15.0,85.64850345356871,0,bad
9000000619-2,2021-01-11,8.0,157.74229483847,1,bad
9000000619-2,2021-01-11,9.0,156.87760515346702,1,bad
9000000619-2,2021-01-11,10.0,128.52410747147601,1,bad
9000000619-2,2021-01-11,11.0,158.725453871804,1,bad
9000000619-2,2021-01-11,12.0,161.018181818182,1,bad
9000000619-2,2021-01-11,13.0,158.666666666667,1,bad
9000000619-2,2021-01-11,14.0,154.69774217043002,1,bad
9000000619-2,2021-01-11,15.0,156.637168141593,1,bad
9000000619-2,2021-01-11,16.0,154.6875,1,bad
9000000619-2,2021-01-12,8.0,184.82142857142898,1,bad
9000000619-2,2021-01-12,9.0,155.947136563877,1,bad
9000000619-2,2021-01-12,10.0,124.454148471616,1,bad
9000000619-2,2021-01-12,11.0,138.009787928222,1,bad
9000000619-2,2021-01-12,12.0,163.176895306859,1,bad
9000000619-2,2021-01-12,13.0,165.409039970115,1,bad
9000000619-2,2021-01-12,14.0,134.59165154265,1,bad
9000000619-2,2021-01-12,15.0,168.49925705795,1,bad
9000000619-2,2021-01-12,16.0,213.50906095551895,1,bad
9000000619-2,2021-01-13,8.0,147.699386503068,1,bad
9000000619-2,2021-01-13,9.0,102.433545488581,1,bad
9000000619-2,2021-01-13,13.0,123.019151333083,1,bad
9000000619-2,2021-01-13,14.0,153.503893214683,1,bad
9000000619-2,2021-01-13,15.0,165.51724137931,1,bad
9000000619-2,2021-01-13,16.0,163.317073170731,1,bad
9000000619-2,2021-01-14,8.0,156.46258503401398,1,bad
9000000619-2,2021-01-14,9.0,124.40887595489299,1,bad
9000000619-2,2021-01-14,10.0,127.152317880795,1,bad
9000000619-2,2021-01-14,11.0,133.084391336819,1,bad
9000000619-2,2021-01-14,12.0,154.477611940299,1,bad
9000000619-2,2021-01-14,13.0,169.92316136114098,1,bad
9000000619-2,2021-01-14,14.0,147.781065088758,1,bad
9000000619-2,2021-01-14,15.0,179.019963702359,1,bad
9000000619-2,2021-01-14,16.0,169.411764705882,1,bad
9000000619-2,2021-01-15,8.0,120.645428216798,1,bad
9000000619-2,2021-01-15,9.0,54.545454545454504,1,bad
9000000619-2,2021-01-15,10.0,70.62566277836692,1,bad
9000000619-2,2021-01-15,11.0,137.300922045264,1,bad
9000000619-2,2021-01-15,13.0,150.142180094787,1,bad
9000000619-2,2021-01-15,14.0,156.58042744656998,1,bad
9000000619-2,2021-01-15,15.0,176.299065420561,1,bad
9000000619-2,2021-01-15,16.0,140.077821011673,1,bad
9000000619-2,2021-01-16,8.0,66.5680473372781,0,bad
9000000619-2,2021-01-16,9.0,84.62686567164191,0,bad
9000000619-2,2021-01-16,10.0,88.2287411808391,0,bad
9000000619-2,2021-01-16,11.0,119.557195571956,0,bad
9000000619-2,2021-01-16,14.0,107.542942494399,0,bad
9000000619-2,2021-01-16,15.0,103.487926408586,0,bad
9000000619-2,2021-01-16,16.0,127.76280323450099,0,bad
9000000619-2,2021-01-17,8.0,40.819312362838296,0,bad
9000000619-2,2021-01-17,9.0,41.876172607879894,0,bad
9000000619-2,2021-01-17,10.0,66.2659654395191,0,bad
9000000619-2,2021-01-17,11.0,72.0,0,bad
9000000619-2,2021-01-17,12.0,69.83643971091671,0,bad
9000000619-2,2021-01-17,14.0,97.73755656108592,0,bad
9000000619-2,2021-01-17,15.0,82.3705926481621,0,bad
9000000619-2,2021-01-17,16.0,96.4442279590843,0,bad
9000000619-2,2021-01-18,8.0,167.346938775511,1,bad
9000000619-2,2021-01-18,9.0,93.19938176197849,1,bad
9000000619-2,2021-01-18,12.0,133.870967741935,1,bad
9000000619-2,2021-01-18,13.0,110.814094775213,1,bad
9000000619-2,2021-01-18,14.0,145.981173062998,1,bad
9000000619-2,2021-01-18,15.0,150.660792951542,1,bad
9000000619-2,2021-01-18,16.0,182.929734021436,1,bad
9000000619-2,2021-01-19,8.0,155.126300148588,1,bad
9000000619-2,2021-01-19,9.0,140.729709605361,1,bad
9000000619-2,2021-01-19,10.0,129.77844536237302,1,bad
9000000619-2,2021-01-19,11.0,177.653631284916,1,bad
9000000619-2,2021-01-19,12.0,168.823273990447,1,bad
9000000619-2,2021-01-19,13.0,187.32136313668,1,bad
9000000619-2,2021-01-19,14.0,163.456609300623,1,bad
9000000619-2,2021-01-19,15.0,177.501826150475,1,bad
9000000619-2,2021-01-19,16.0,190.27484143763198,1,bad
9000000619-2,2021-01-20,8.0,156.40648011782,1,bad
9000000619-2,2021-01-20,9.0,130.29850746268698,1,bad
9000000619-2,2021-01-20,10.0,129.655172413793,1,bad
9000000619-2,2021-01-20,11.0,140.032414910859,1,bad
9000000619-2,2021-01-20,12.0,173.224679860303,1,bad
9000000619-2,2021-01-20,13.0,136.57289002557502,1,bad
9000000619-2,2021-01-20,14.0,124.95606326889299,1,bad
9000000619-2,2021-01-20,15.0,130.434782608696,1,bad
9000000619-2,2021-01-21,8.0,141.681574239714,1,bad
9000000619-2,2021-01-21,9.0,173.529411764706,1,bad
9000000619-2,2021-01-21,10.0,147.126436781609,1,bad
9000000619-2,2021-01-21,11.0,135.349407437679,1,bad
9000000619-2,2021-01-21,12.0,174.30167597765399,1,bad
9000000619-2,2021-01-21,13.0,156.521739130435,1,bad
9000000619-2,2021-01-21,14.0,159.07279971025,1,bad
9000000619-2,2021-01-21,15.0,173.573794626426,1,bad
9000000619-2,2021-01-22,9.0,149.394050679398,1,bad
9000000619-2,2021-01-22,10.0,135.017221584386,1,bad
9000000619-2,2021-01-22,11.0,84.81278923012201,1,bad
9000000619-2,2021-01-22,12.0,132.932589094032,1,bad
9000000619-2,2021-01-22,13.0,182.72727272727298,1,bad
9000000619-2,2021-01-22,14.0,168.938547486034,1,bad
9000000619-2,2021-01-22,15.0,153.24770642201798,1,bad
9000000619-2,2021-01-23,8.0,62.4697336561743,0,bad
9000000619-2,2021-01-23,9.0,98.2758620689655,0,bad
9000000619-2,2021-01-23,10.0,117.105263157895,0,bad
9000000619-2,2021-01-23,11.0,135.59822747415,0,bad
9000000619-2,2021-01-23,12.0,157.38427626745002,0,bad
9000000619-2,2021-01-23,13.0,124.378881987577,0,bad
9000000619-2,2021-01-23,14.0,110.566727605119,0,bad
9000000619-2,2021-01-23,15.0,95.1600893521966,0,bad
9000000619-2,2021-01-23,16.0,82.6229508196721,0,bad
9000000619-2,2021-01-24,8.0,21.037253469685897,0,bad
9000000619-2,2021-01-24,9.0,49.6288441145281,0,bad
9000000619-2,2021-01-24,10.0,72.3358449946178,0,bad
9000000619-2,2021-01-24,11.0,76.78958785249459,0,bad
9000000619-2,2021-01-24,12.0,99.2023205221175,0,bad
9000000619-2,2021-01-24,13.0,114.756446991404,0,bad
9000000619-2,2021-01-24,14.0,73.60350492880609,0,bad
9000000619-2,2021-01-24,15.0,89.4658753709198,0,bad
9000000619-2,2021-01-25,8.0,138.829787234043,1,bad
9000000619-2,2021-01-25,9.0,110.68814055636899,1,bad
9000000619-2,2021-01-25,10.0,135.923753665689,1,bad
9000000619-2,2021-01-25,11.0,136.62239089183998,1,bad
9000000619-2,2021-01-25,12.0,138.36113125453198,1,bad
9000000619-2,2021-01-25,13.0,155.011135857461,1,bad
9000000619-2,2021-01-25,14.0,166.580976863753,1,bad
9000000619-2,2021-01-25,15.0,170.793180133432,1,bad
9000000619-2,2021-01-25,16.0,159.34195064629802,1,bad
9000000619-2,2021-01-26,8.0,201.088139281828,1,bad
9000000619-2,2021-01-26,9.0,135.43532783948402,1,bad
9000000619-2,2021-01-26,10.0,145.054945054945,1,bad
9000000619-2,2021-01-26,11.0,154.48972232239402,1,bad
9000000619-2,2021-01-26,12.0,141.794310722101,1,bad
9000000619-2,2021-01-26,13.0,145.001830831197,1,bad
9000000619-2,2021-01-26,14.0,157.449962935508,1,bad
9000000619-2,2021-01-26,15.0,186.73582808447603,1,bad
9000000619-2,2021-01-26,16.0,125.147928994083,1,bad
9000000619-2,2021-01-27,8.0,210.851598993891,1,bad
9000000619-2,2021-01-27,9.0,143.947655398037,1,bad
9000000619-2,2021-01-27,10.0,157.837047862623,1,bad
9000000619-2,2021-01-27,11.0,135.45816733067699,1,bad
9000000619-2,2021-01-27,13.0,162.611806797853,1,bad
9000000619-2,2021-01-27,14.0,135.973597359736,1,bad
9000000619-2,2021-01-27,15.0,176.029411764706,1,bad
9000000619-2,2021-01-27,16.0,163.14606741573,1,bad
9000000619-2,2021-01-28,8.0,227.66798418972303,1,bad
9000000619-2,2021-01-28,9.0,135.701341065603,1,bad
9000000619-2,2021-01-28,10.0,143.736263736264,1,bad
9000000619-2,2021-01-28,11.0,143.893412287195,1,bad
9000000619-2,2021-01-28,12.0,148.203592814372,1,bad
9000000619-2,2021-01-28,13.0,152.498189717596,1,bad
9000000619-2,2021-01-28,14.0,154.039099963113,1,bad
9000000619-2,2021-01-28,15.0,197.278411180581,1,bad
9000000619-2,2021-01-28,16.0,169.897959183673,1,bad
9000000619-2,2021-01-29,8.0,178.12074443940102,1,bad
9000000619-2,2021-01-29,9.0,163.934426229508,1,bad
9000000619-2,2021-01-29,10.0,165.72890025575398,1,bad
9000000619-2,2021-01-29,11.0,152.88035450517,1,bad
9000000619-2,2021-01-29,12.0,156.061719324026,1,bad
9000000619-2,2021-01-29,13.0,190.817469204927,1,bad
9000000619-2,2021-01-29,14.0,149.550898203593,1,bad
9000000619-2,2021-01-29,15.0,177.548767022451,1,bad
9000000619-2,2021-01-30,8.0,77.4603174603175,0,bad
9000000619-2,2021-01-30,9.0,94.36265709156193,0,bad
9000000619-2,2021-01-30,10.0,117.293233082707,0,bad
9000000619-2,2021-01-30,11.0,131.916452913155,0,bad
9000000619-2,2021-01-30,12.0,118.011049723757,0,bad
9000000619-2,2021-01-30,13.0,90.8011869436201,0,bad
9000000619-2,2021-01-30,14.0,120.88560885608801,0,bad
9000000619-2,2021-01-30,15.0,120.787746170678,0,bad
9000000619-2,2021-01-30,16.0,139.637975618766,0,bad
9000000619-2,2021-01-31,8.0,38.3141762452107,0,bad
9000000619-2,2021-01-31,9.0,47.0759171812568,0,bad
9000000619-2,2021-01-31,10.0,43.5742257030972,0,bad
9000000619-2,2021-01-31,11.0,65.2173913043478,0,bad
9000000619-2,2021-01-31,12.0,89.08296943231441,0,bad
9000000619-2,2021-01-31,13.0,83.6601307189542,0,bad
9000000619-2,2021-01-31,14.0,87.837837837838,0,bad
9000000619-2,2021-01-31,15.0,91.0557184750732,0,bad
9000000619-2,2021-01-31,16.0,101.686936053354,0,bad
9000000619-2,2021-02-01,8.0,168.11382707041201,1,bad
9000000619-2,2021-02-01,9.0,129.661016949153,1,bad
9000000619-2,2021-02-01,10.0,103.83055430374,1,bad
9000000619-2,2021-02-01,11.0,161.812778603269,1,bad
9000000619-2,2021-02-01,13.0,171.117561683599,1,bad
9000000619-2,2021-02-01,14.0,149.16013437849898,1,bad
9000000619-2,2021-02-01,15.0,161.986035686579,1,bad
9000000619-2,2021-02-01,16.0,164.556013488198,1,bad
9000000619-2,2021-02-02,8.0,230.11917659804905,1,bad
9000000619-2,2021-02-02,9.0,149.562682215743,1,bad
9000000619-2,2021-02-02,10.0,147.540983606558,1,bad
9000000619-2,2021-02-02,11.0,161.37026239067,1,bad
9000000619-2,2021-02-02,12.0,151.807228915663,1,bad
9000000619-2,2021-02-02,13.0,158.144126357354,1,bad
9000000619-2,2021-02-02,14.0,162.765957446808,1,bad
9000000619-2,2021-02-02,15.0,192.156862745098,1,bad
9000000619-2,2021-02-02,16.0,164.487369985141,1,bad
9000000619-2,2021-02-03,8.0,217.10526315789505,1,good
9000000619-2,2021-02-03,9.0,136.216216216216,1,good
9000000619-2,2021-02-03,10.0,170.43729671123998,1,good
9000000619-2,2021-02-03,11.0,174.12971784536396,1,good
9000000619-2,2021-02-03,12.0,189.195148842338,1,good
9000000619-2,2021-02-03,13.0,138.410838520688,1,good
9000000619-2,2021-02-03,14.0,190.23853211009103,1,good
9000000619-2,2021-02-03,15.0,177.35294117646995,1,good
9000000619-2,2021-02-03,16.0,178.438661710037,1,good
9000000619-2,2021-02-04,8.0,186.766917293233,1,good
9000000619-2,2021-02-04,9.0,154.52891960713,1,good
9000000619-2,2021-02-04,10.0,132.41077931536802,1,good
9000000619-2,2021-02-04,11.0,144.85049833886998,1,good
9000000619-2,2021-02-04,12.0,163.157894736842,1,good
9000000619-2,2021-02-04,13.0,176.809453471197,1,good
9000000619-2,2021-02-04,14.0,126.362957430919,1,good
9000000619-2,2021-02-04,15.0,155.357142857143,1,good
9000000619-2,2021-02-04,16.0,183.49834983498297,1,good
9000000619-2,2021-02-05,8.0,201.376936316696,1,good
9000000619-2,2021-02-05,9.0,175.801749271137,1,good
9000000619-2,2021-02-05,10.0,171.23745819398002,1,good
9000000619-2,2021-02-05,11.0,173.363431151242,1,good
9000000619-2,2021-02-05,12.0,128.094885100074,1,good
9000000619-2,2021-02-05,13.0,188.02045288531798,1,good
9000000619-2,2021-02-05,14.0,151.870873074101,1,good
9000000619-2,2021-02-05,15.0,185.127635960045,1,good
9000000619-2,2021-02-05,16.0,175.869726128793,1,good
9000000619-2,2021-02-06,8.0,89.3934019155728,0,good
9000000619-2,2021-02-06,9.0,90.69003285870753,0,good
9000000619-2,2021-02-06,10.0,154.02465554749799,0,good
9000000619-2,2021-02-06,11.0,102.250092216894,0,good
9000000619-2,2021-02-06,12.0,129.669513553657,0,good
9000000619-2,2021-02-06,13.0,121.109057301294,0,good
9000000619-2,2021-02-06,14.0,146.106032906764,0,good
9000000619-2,2021-02-06,15.0,118.740629685158,0,good
9000000619-2,2021-02-06,16.0,114.442700156986,0,good
9000000619-2,2021-02-07,7.0,22.392344497607606,0,bad
9000000619-2,2021-02-07,8.0,34.2374075378654,0,bad
9000000619-2,2021-02-07,9.0,42.9967426710098,0,bad
9000000619-2,2021-02-07,10.0,65.549890750182,0,bad
9000000619-2,2021-02-07,11.0,93.2506384531193,0,bad
9000000619-2,2021-02-07,12.0,93.93605292171992,0,bad
9000000619-2,2021-02-07,13.0,110.97247706422002,0,bad
9000000619-2,2021-02-07,14.0,84.8618784530387,0,bad
9000000619-2,2021-02-07,15.0,98.7398072646406,0,bad
9000000619-2,2021-02-07,16.0,91.6363636363637,0,bad
9000000619-2,2021-02-08,8.0,45.7682528151108,1,bad
9000000619-2,2021-02-08,9.0,63.2040965618141,1,bad
9000000619-2,2021-02-08,10.0,88.07339449541278,1,bad
9000000619-2,2021-02-08,11.0,87.2066616199848,1,bad
9000000619-2,2021-02-08,12.0,107.52362948960301,1,bad
9000000619-2,2021-02-08,13.0,106.768060836502,1,bad
9000000619-2,2021-02-08,14.0,101.42749812171301,1,bad
9000000619-2,2021-02-08,15.0,141.84604159066,1,bad
9000000619-2,2021-02-08,16.0,114.39252336448601,1,bad
9000000619-2,2021-02-09,8.0,235.602094240839,1,bad
9000000619-2,2021-02-09,9.0,184.615384615385,1,bad
9000000619-2,2021-02-09,10.0,136.758321273517,1,bad
9000000619-2,2021-02-09,11.0,156.00440690415002,1,bad
9000000619-2,2021-02-09,12.0,177.307551988325,1,bad
9000000619-2,2021-02-09,13.0,150.0,1,bad
9000000619-2,2021-02-09,14.0,173.064220183486,1,bad
9000000619-2,2021-02-09,15.0,177.96226415094299,1,bad
9000000619-2,2021-02-09,16.0,189.12564290962501,1,bad
9000000619-2,2021-02-10,8.0,227.68341163715303,1,bad
9000000619-2,2021-02-10,9.0,165.487048522437,1,bad
9000000619-2,2021-02-10,10.0,139.46415640840002,1,bad
9000000619-2,2021-02-10,11.0,174.925816023739,1,bad
9000000619-2,2021-02-10,12.0,153.191489361702,1,bad
9000000619-2,2021-02-10,13.0,151.79104477612,1,bad
9000000619-2,2021-02-10,14.0,168.211920529801,1,bad
9000000619-2,2021-02-10,15.0,206.25,1,bad
9000000619-2,2021-02-11,8.0,214.78599221789798,1,bad
9000000619-2,2021-02-11,9.0,182.410423452769,1,bad
9000000619-2,2021-02-11,10.0,154.248366013072,1,bad
9000000619-2,2021-02-11,11.0,179.80734926864102,1,bad
9000000619-2,2021-02-11,12.0,165.695792880259,1,bad
9000000619-2,2021-02-11,13.0,185.284523378036,1,bad
9000000619-2,2021-02-11,14.0,173.064220183486,1,bad
9000000619-2,2021-02-11,15.0,222.271223814775,1,bad
9000000619-2,2021-02-11,16.0,178.270509977827,1,bad
9000000619-2,2021-02-12,7.0,242.578125,1,bad
9000000619-2,2021-02-12,8.0,131.311475409836,1,bad
9000000619-2,2021-02-12,9.0,120.614899487584,1,bad
9000000619-2,2021-02-12,10.0,183.89261744966495,1,bad
9000000619-2,2021-02-12,11.0,153.06623058053998,1,bad
9000000619-2,2021-02-12,12.0,163.186813186813,1,bad
9000000619-2,2021-02-12,14.0,139.70149253731398,1,bad
9000000619-2,2021-02-12,15.0,220.32786885246003,1,bad
9000000619-2,2021-02-12,16.0,202.42557883131303,1,bad
9000000619-2,2021-02-13,7.0,52.941176470588296,0,bad
9000000619-2,2021-02-13,8.0,39.1619661563255,0,bad
9000000619-2,2021-02-13,9.0,54.054054054054,0,bad
9000000619-2,2021-02-13,11.0,137.83169067475401,0,bad
9000000619-2,2021-02-13,12.0,151.621319418561,0,bad
9000000619-2,2021-02-13,14.0,93.4888972525404,0,bad
9000000619-2,2021-02-13,15.0,142.73127753304,0,bad
9000000619-2,2021-02-13,16.0,132.401618242001,0,bad
9000000619-2,2021-02-14,7.0,28.113440197287307,0,bad
9000000619-2,2021-02-14,8.0,27.236315086782398,0,bad
9000000619-2,2021-02-14,10.0,36.3136176066025,0,bad
9000000619-2,2021-02-14,11.0,96.5887313146799,0,bad
9000000619-2,2021-02-14,12.0,99.1440267956829,0,bad
9000000619-2,2021-02-14,14.0,72.9729729729731,0,bad
9000000619-2,2021-02-14,15.0,110.25830258302601,0,bad
9000000619-2,2021-02-14,16.0,129.636298163486,0,bad
9000000619-2,2021-02-15,7.0,295.734597156399,1,bad
9000000619-2,2021-02-15,8.0,138.282261545101,1,bad
9000000619-2,2021-02-15,9.0,39.3227744401966,1,bad
9000000619-2,2021-02-15,11.0,133.645955451348,1,bad
9000000619-2,2021-02-15,12.0,192.448598130841,1,bad
9000000619-2,2021-02-15,14.0,143.617021276595,1,bad
9000000619-2,2021-02-15,15.0,168.521931441209,1,bad
9000000619-2,2021-02-15,16.0,193.377483443708,1,bad
9000000619-2,2021-02-16,7.0,233.29452852153702,1,bad
9000000619-2,2021-02-16,8.0,190.588235294117,1,bad
9000000619-2,2021-02-16,9.0,53.3860603064755,1,bad
9000000619-2,2021-02-16,11.0,160.501105379514,1,bad
9000000619-2,2021-02-16,12.0,161.887209730925,1,bad
9000000619-2,2021-02-16,14.0,132.841328413284,1,bad
9000000619-2,2021-02-16,15.0,192.213570634038,1,bad
9000000619-2,2021-02-16,16.0,183.118319203834,1,bad
9000000619-2,2021-02-17,7.0,250.73086844367995,1,bad
9000000619-2,2021-02-17,8.0,235.37958590628398,1,bad
9000000619-2,2021-02-17,9.0,153.610503282276,1,bad
9000000619-2,2021-02-17,10.0,194.201834862385,1,bad
9000000619-2,2021-02-17,11.0,176.03583426651699,1,bad
9000000619-2,2021-02-17,13.0,156.660746003552,1,bad
9000000619-2,2021-02-17,14.0,127.850467289719,1,bad
9000000619-2,2021-02-17,15.0,189.195148842338,1,bad
9000000619-2,2021-02-17,16.0,183.687150837989,1,bad
9000000619-2,2021-02-18,7.0,220.715917745621,1,good
9000000619-2,2021-02-18,8.0,243.517474633597,1,good
9000000619-2,2021-02-18,12.0,204.940923737916,1,good
9000000619-2,2021-02-18,13.0,182.76269185360096,1,good
9000000619-2,2021-02-18,14.0,187.626546681665,1,good
9000000619-2,2021-02-18,15.0,185.66203365032902,1,good
9000000619-2,2021-02-18,16.0,193.51988217967602,1,good
9000000619-2,2021-02-19,7.0,211.0236220472441,1,bad
9000000619-2,2021-02-19,8.0,249.2207321493297,1,bad
9000000619-2,2021-02-19,9.0,192.48554913294802,1,bad
9000000619-2,2021-02-19,10.0,185.150307859471,1,bad
9000000619-2,2021-02-19,11.0,176.8558951965069,1,bad
9000000619-2,2021-02-19,12.0,171.16981132075477,1,bad
9000000619-2,2021-02-19,13.0,190.9392265193373,1,bad
9000000619-2,2021-02-19,14.0,194.2731277533044,1,bad
9000000619-2,2021-02-19,15.0,234.66666666666669,1,bad
9000000619-2,2021-02-19,16.0,221.72452407614747,1,bad
9000000619-2,2021-02-20,7.0,62.80851063829779,0,good
9000000619-2,2021-02-20,8.0,87.17022045536689,0,good
9000000619-2,2021-02-20,9.0,105.65217391304361,0,good
9000000619-2,2021-02-20,10.0,129.4298921417565,0,good
9000000619-2,2021-02-20,11.0,144.23076923076928,0,good
9000000619-2,2021-02-20,12.0,160.7142857142856,0,good
9000000619-2,2021-02-20,14.0,111.34020618556698,0,good
9000000619-2,2021-02-20,15.0,164.11764705882328,0,good
9000000619-2,2021-02-20,16.0,142.26125137211838,0,good
9000000619-2,2021-02-20,17.0,121.59672466734902,0,good
9000000619-2,2021-02-21,7.0,27.4494853221502,0,good
9000000619-2,2021-02-21,8.0,46.601941747572795,0,good
9000000619-2,2021-02-21,9.0,65.9245960502693,0,good
9000000619-2,2021-02-21,10.0,81.8181818181818,0,good
9000000619-2,2021-02-21,11.0,71.8954248366013,0,good
9000000619-2,2021-02-21,13.0,88.3534136546184,0,good
9000000619-2,2021-02-21,14.0,131.7779565567175,0,good
9000000619-2,2021-02-21,15.0,116.80641633248261,0,good
9000000619-2,2021-02-21,16.0,124.45752114748112,0,good
9000000619-2,2021-02-21,17.0,165.9068384539147,0,good
9000000619-2,2021-02-22,7.0,178.6504819707241,1,good
9000000619-2,2021-02-22,8.0,178.3725135623869,1,good
9000000619-2,2021-02-22,9.0,143.88931591083798,1,good
9000000619-2,2021-02-22,10.0,119.50207468879671,1,good
9000000619-2,2021-02-22,12.0,168.42105263157893,1,good
9000000619-2,2021-02-22,14.0,120.96545196403218,1,good
9000000619-2,2021-02-22,15.0,151.961150541651,1,good
9000000619-2,2021-02-22,16.0,154.78131949592301,1,good
9000000619-2,2021-02-23,7.0,163.4042553191488,1,good
9000000619-2,2021-02-23,8.0,82.97614233724221,1,good
9000000619-2,2021-02-23,10.0,112.0087336244541,1,good
9000000619-2,2021-02-23,11.0,181.1903012490809,1,good
9000000619-2,2021-02-23,12.0,131.57894736842113,1,good
9000000619-2,2021-02-23,14.0,143.2502789140943,1,good
9000000619-2,2021-02-23,15.0,158.3458646616543,1,good
9000000619-2,2021-02-23,16.0,198.38354151359277,1,good
9000000619-2,2021-02-23,17.0,142.8044280442808,1,good
9000000619-2,2021-02-24,7.0,208.5091169109754,1,good
9000000619-2,2021-02-24,8.0,127.3137697516929,1,good
9000000619-2,2021-02-24,10.0,109.3670886075949,1,good
9000000619-2,2021-02-24,11.0,167.9912504557055,1,good
9000000619-2,2021-02-24,12.0,141.2277515437705,1,good
9000000619-2,2021-02-24,14.0,130.78125,1,good
9000000619-2,2021-02-24,15.0,169.19060052219328,1,good
9000000619-2,2021-02-24,16.0,206.2084257206208,1,good
9000000619-2,2021-02-24,17.0,155.2428506581934,1,good
9000000619-2,2021-02-25,7.0,140.2597402597402,1,good
9000000619-2,2021-02-25,8.0,106.1590145576709,1,good
9000000619-2,2021-02-25,10.0,91.81721572794899,1,good
9000000619-2,2021-02-25,11.0,147.80058651026383,1,good
9000000619-2,2021-02-25,12.0,164.1215715344698,1,good
9000000619-2,2021-02-25,14.0,109.91330569166999,1,good
9000000619-2,2021-02-25,15.0,204.591644712081,1,good
9000000619-2,2021-02-25,16.0,173.11624384702722,1,good
9000000619-2,2021-02-25,17.0,175.65217391304358,1,good
9000000619-2,2021-02-26,7.0,158.14285714285722,1,good
9000000619-2,2021-02-26,8.0,42.9518338488731,1,good
9000000619-2,2021-02-26,10.0,135.4558610709119,1,good
9000000619-2,2021-02-26,11.0,169.8876404494377,1,good
9000000619-2,2021-02-26,12.0,138.5640266469283,1,good
9000000619-2,2021-02-26,14.0,136.2162162162158,1,good
9000000619-2,2021-02-26,15.0,145.8896179081436,1,good
9000000619-2,2021-02-26,16.0,186.8558625840185,1,good
9000000619-2,2021-02-26,17.0,142.2794117647064,1,good
9000000619-2,2021-02-27,7.0,63.7619553666312,0,good
9000000619-2,2021-02-27,8.0,81.9684171869261,0,good
9000000619-2,2021-02-27,9.0,115.04488330341111,0,good
9000000619-2,2021-02-27,10.0,156.01719197707712,0,good
9000000619-2,2021-02-27,11.0,141.8460415906604,0,good
9000000619-2,2021-02-27,12.0,112.3348017621145,0,good
9000000619-2,2021-02-27,13.0,112.60663507109011,0,good
9000000619-2,2021-02-27,14.0,79.7822706065318,0,good
9000000619-2,2021-02-27,15.0,140.5281285878302,0,good
9000000619-2,2021-02-27,16.0,132.53193087903807,0,good
9000000619-2,2021-02-27,17.0,127.09485325393462,0,good
9000000619-2,2021-02-28,7.0,28.468727534148,0,bad
9000000619-2,2021-02-28,8.0,3.87722132471729,0,bad
9000000619-2,2021-02-28,10.0,30.508474576271222,0,bad
9000000619-2,2021-02-28,11.0,87.96992481203011,0,bad
9000000619-2,2021-02-28,12.0,121.3782882549093,0,bad
9000000619-2,2021-02-28,13.0,92.6337033299698,0,bad
9000000619-2,2021-02-28,14.0,86.89138576779023,0,bad
9000000619-2,2021-02-28,15.0,93.50649350649351,0,bad
9000000619-2,2021-02-28,16.0,122.27903579254989,0,bad
9000000619-2,2021-02-28,17.0,138.8976377952757,0,bad
9000000619-2,2021-03-01,7.0,227.99999999999972,1,good
9000000619-2,2021-03-01,8.0,38.121546961326004,1,good
9000000619-2,2021-03-01,10.0,95.6429330499468,1,good
9000000619-2,2021-03-01,11.0,148.8619119878603,1,good
9000000619-2,2021-03-01,12.0,181.5126050420168,1,good
9000000619-2,2021-03-01,14.0,139.93521517815822,1,good
9000000619-2,2021-03-01,15.0,164.6598905394843,1,good
9000000619-2,2021-03-01,16.0,193.771626297578,1,good
9000000619-2,2021-03-01,17.0,188.27258320126822,1,good
9000000619-2,2021-03-02,7.0,243.91304347826053,1,good
9000000619-2,2021-03-02,8.0,67.01298701298701,1,good
9000000619-2,2021-03-02,10.0,86.0009555661729,1,good
9000000619-2,2021-03-02,11.0,136.1287907150881,1,good
9000000619-2,2021-03-02,12.0,140.59331580923777,1,good
9000000619-2,2021-03-02,14.0,117.3768062245276,1,good
9000000619-2,2021-03-02,15.0,145.3681710213779,1,good
9000000619-2,2021-03-02,16.0,173.34826427771569,1,good
9000000619-2,2021-03-02,17.0,156.9640694388374,1,good
9000000619-2,2021-03-03,7.0,236.4665911664776,1,good
9000000619-2,2021-03-03,10.0,70.8661417322834,1,good
9000000619-2,2021-03-03,11.0,150.17221584385777,1,good
9000000619-2,2021-03-03,12.0,150.78534031413602,1,good
9000000619-2,2021-03-03,14.0,148.67256637168168,1,good
9000000619-2,2021-03-03,15.0,194.11764705882285,1,good
9000000619-2,2021-03-03,16.0,140.4878048780487,1,good
9000000619-2,2021-03-03,17.0,167.8910441601319,1,good
9000000619-2,2021-03-04,7.0,261.67686218064074,1,good
9000000619-2,2021-03-04,8.0,205.3429602888088,1,good
9000000619-2,2021-03-04,9.0,106.38703527168721,1,good
9000000619-2,2021-03-04,10.0,130.780559646539,1,good
9000000619-2,2021-03-04,12.0,179.6697247706427,1,good
9000000619-2,2021-03-04,13.0,151.2911392405063,1,good
9000000619-2,2021-03-04,14.0,117.04745166959589,1,good
9000000619-2,2021-03-04,15.0,206.22154779969628,1,good
9000000619-2,2021-03-04,16.0,189.68166849615778,1,good
9000000619-2,2021-03-04,17.0,157.36885928392968,1,good
9000000619-2,2021-03-05,7.0,220.4885162231137,1,bad
9000000619-2,2021-03-05,8.0,259.8214285714288,1,bad
9000000619-2,2021-03-05,10.0,141.05075690115729,1,bad
9000000619-2,2021-03-05,11.0,199.2570579494799,1,bad
9000000619-2,2021-03-05,12.0,168.2242990654209,1,bad
9000000619-2,2021-03-05,13.0,152.5167785234897,1,bad
9000000619-2,2021-03-05,14.0,111.8773946360153,1,bad
9000000619-2,2021-03-05,15.0,207.05521472392638,1,bad
9000000619-2,2021-03-05,16.0,213.9813084112148,1,bad
9000000619-2,2021-03-06,7.0,59.06362545017999,0,bad
9000000619-2,2021-03-06,9.0,62.55924170616109,0,bad
9000000619-2,2021-03-06,10.0,75.4084625052367,0,bad
9000000619-2,2021-03-06,11.0,144.2801556420233,0,bad
9000000619-2,2021-03-06,12.0,130.4677623261693,0,bad
9000000619-2,2021-03-06,14.0,113.66782006920401,0,bad
9000000619-2,2021-03-06,15.0,103.329506314581,0,bad
9000000619-2,2021-03-06,16.0,115.9985013113524,0,bad
9000000619-2,2021-03-06,17.0,162.6962849482953,0,bad
9000000619-2,2021-03-07,7.0,19.95249406175772,0,bad
9000000619-2,2021-03-07,9.0,16.3191296464189,0,bad
9000000619-2,2021-03-07,10.0,35.899481451934605,0,bad
9000000619-2,2021-03-07,11.0,93.757181156645,0,bad
9000000619-2,2021-03-07,12.0,77.0642201834862,0,bad
9000000619-2,2021-03-07,13.0,106.57894736842101,0,bad
9000000619-2,2021-03-07,14.0,69.3726937269372,0,bad
9000000619-2,2021-03-07,15.0,111.45510835913332,0,bad
9000000619-2,2021-03-07,16.0,133.4787350054525,0,bad
9000000619-2,2021-03-07,17.0,126.4544456641049,0,bad
9000000619-2,2021-03-08,7.0,230.09130607383798,1,good
9000000619-2,2021-03-08,9.0,118.44300278035229,1,good
9000000619-2,2021-03-08,10.0,112.40632805995,1,good
9000000619-2,2021-03-08,11.0,139.92452830188682,1,good
9000000619-2,2021-03-08,12.0,193.2432432432439,1,good
9000000619-2,2021-03-08,14.0,95.0943396226416,1,good
9000000619-2,2021-03-08,15.0,200.4705882352937,1,good
9000000619-2,2021-03-08,16.0,170.3255109765331,1,good
9000000619-2,2021-03-08,17.0,174.9631811487479,1,good
9000000619-2,2021-03-09,7.0,268.2819383259907,1,bad
9000000619-2,2021-03-09,8.0,205.1054384017761,1,bad
9000000619-2,2021-03-09,9.0,88.66995073891621,1,bad
9000000619-2,2021-03-09,11.0,142.45562130177512,1,bad
9000000619-2,2021-03-09,12.0,163.63636363636346,1,bad
9000000619-2,2021-03-09,13.0,182.3788546255505,1,bad
9000000619-2,2021-03-09,14.0,127.5244299674267,1,bad
9000000619-2,2021-03-09,15.0,189.902034664657,1,bad
9000000619-2,2021-03-09,16.0,174.9631811487476,1,bad
9000000619-2,2021-03-09,17.0,193.0982745686424,1,bad
9000000619-2,2021-03-10,7.0,168.7278456085074,1,bad
9000000619-2,2021-03-10,8.0,114.1607435757244,1,bad
9000000619-2,2021-03-10,9.0,75.74257425742579,1,bad
9000000619-2,2021-03-10,10.0,136.08247422680398,1,bad
9000000619-2,2021-03-10,11.0,178.732864023713,1,bad
9000000619-2,2021-03-10,12.0,156.1338289962827,1,bad
9000000619-2,2021-03-10,13.0,176.9516728624534,1,bad
9000000619-2,2021-03-10,14.0,167.76699029126263,1,bad
9000000619-2,2021-03-10,15.0,213.2025650697849,1,bad
9000000619-2,2021-03-10,16.0,194.0119760479046,1,bad
9000000619-2,2021-03-10,17.0,193.4766493699039,1,bad
9000000619-2,2021-03-11,7.0,240.52287581699323,1,bad
9000000619-2,2021-03-11,8.0,210.9222423146477,1,bad
9000000619-2,2021-03-11,9.0,207.8277886497065,1,bad
9000000619-2,2021-03-11,13.0,219.9484725800515,1,bad
9000000619-2,2021-03-11,14.0,162.8008752735234,1,bad
9000000619-2,2021-03-11,15.0,173.318632855568,1,bad
9000000619-2,2021-03-11,16.0,172.61169633127508,1,bad
9000000619-2,2021-03-11,17.0,159.328500572301,1,bad
9000000619-2,2021-03-12,7.0,258.75,1,bad
9000000619-2,2021-03-12,8.0,227.1586715867153,1,bad
9000000619-2,2021-03-12,9.0,165.9904094430098,1,bad
9000000619-2,2021-03-12,10.0,189.88723172062532,1,bad
9000000619-2,2021-03-12,11.0,166.0096690219411,1,bad
9000000619-2,2021-03-12,12.0,177.1842808088511,1,bad
9000000619-2,2021-03-12,13.0,139.09090909090918,1,bad
9000000619-2,2021-03-12,14.0,190.0493733383972,1,bad
9000000619-2,2021-03-12,15.0,191.15044247787628,1,bad
9000000619-2,2021-03-12,16.0,182.5990373935578,1,bad
9000000619-2,2021-03-12,17.0,179.5584627964024,1,bad
9000000619-2,2021-03-13,7.0,62.0035149384886,0,bad
9000000619-2,2021-03-13,8.0,88.9047959914101,0,bad
9000000619-2,2021-03-13,9.0,110.0719424460431,0,bad
9000000619-2,2021-03-13,10.0,123.94143252869011,0,bad
9000000619-2,2021-03-13,11.0,164.5973154362412,0,bad
9000000619-2,2021-03-13,12.0,117.6795580110497,0,bad
9000000619-2,2021-03-13,13.0,109.9917423616846,0,bad
9000000619-2,2021-03-13,14.0,93.03797468354429,0,bad
9000000619-2,2021-03-13,15.0,115.4867256637169,0,bad
9000000619-2,2021-03-13,16.0,117.405643092708,0,bad
9000000619-2,2021-03-13,17.0,162.1503814021068,0,bad
9000000619-2,2021-03-14,7.0,21.85714285714283,0,bad
9000000619-2,2021-03-14,8.0,39.0738060781476,0,bad
9000000619-2,2021-03-14,9.0,55.1422319474837,0,bad
9000000619-2,2021-03-14,10.0,80.4769001490312,0,bad
9000000619-2,2021-03-14,11.0,70.2565955908927,0,bad
9000000619-2,2021-03-14,12.0,85.27017024426351,0,bad
9000000619-2,2021-03-14,13.0,92.20636663007681,0,bad
9000000619-2,2021-03-14,14.0,69.6859021183345,0,bad
9000000619-2,2021-03-14,15.0,84.51944240645629,0,bad
9000000619-2,2021-03-14,16.0,93.66068156834,0,bad
9000000619-2,2021-03-14,17.0,95.9390862944162,0,bad
9000000619-2,2021-03-15,7.0,255.0660792951542,1,good
9000000619-2,2021-03-15,8.0,243.6711281070739,1,good
9000000619-2,2021-03-15,9.0,134.12085415720142,1,good
9000000619-2,2021-03-15,10.0,145.7271364317844,1,good
9000000619-2,2021-03-15,11.0,145.2076677316295,1,good
9000000619-2,2021-03-15,12.0,166.13218615565123,1,good
9000000619-2,2021-03-15,13.0,144.2508710801393,1,good
9000000619-2,2021-03-15,14.0,105.7388160867599,1,good
9000000619-2,2021-03-15,15.0,190.5405405405409,1,good
9000000619-2,2021-03-15,16.0,147.72036474164122,1,good
9000000619-2,2021-03-15,17.0,197.44058500914062,1,good
9000000619-2,2021-03-16,7.0,125.17985611510781,1,good
9000000619-2,2021-03-16,8.0,123.9344262295082,1,good
9000000619-2,2021-03-16,9.0,64.1765704584042,1,good
9000000619-2,2021-03-16,10.0,118.3098591549296,1,good
9000000619-2,2021-03-16,11.0,182.6435246995996,1,good
9000000619-2,2021-03-16,12.0,178.9074355083463,1,good
9000000619-2,2021-03-16,13.0,185.59514783927227,1,good
9000000619-2,2021-03-16,14.0,135.0,1,good
9000000619-2,2021-03-16,15.0,210.623556581986,1,good
9000000619-2,2021-03-16,16.0,185.6655290102386,1,good
9000000619-2,2021-03-16,17.0,186.1839674916884,1,good
9000000619-2,2021-03-17,6.0,141.2154696132597,1,bad
9000000619-2,2021-03-17,7.0,95.2120383036935,1,bad
9000000619-2,2021-03-17,9.0,67.9543459174714,1,bad
9000000619-2,2021-03-17,10.0,133.7614678899083,1,bad
9000000619-2,2021-03-17,11.0,156.0049525381755,1,bad
9000000619-2,2021-03-17,12.0,158.6649550706036,1,bad
9000000619-2,2021-03-17,13.0,126.88524590163937,1,bad
9000000619-2,2021-03-17,14.0,170.94567404426522,1,bad
9000000619-2,2021-03-17,15.0,184.7883102285495,1,bad
9000000619-2,2021-03-17,16.0,196.750369276219,1,bad
9000000619-2,2021-03-17,17.0,189.4039735099341,1,bad
9000000619-2,2021-03-18,6.0,135.3383458646615,1,bad
9000000619-2,2021-03-18,7.0,198.97172236503812,1,bad
9000000619-2,2021-03-18,9.0,103.8461538461538,1,bad
9000000619-2,2021-03-18,10.0,90.5193734542456,1,bad
9000000619-2,2021-03-18,11.0,147.9830964271993,1,bad
9000000619-2,2021-03-18,12.0,144.1087613293051,1,bad
9000000619-2,2021-03-18,13.0,148.4876260311639,1,bad
9000000619-2,2021-03-18,14.0,161.88720973092472,1,bad
9000000619-2,2021-03-18,15.0,225.7469568424932,1,bad
9000000619-2,2021-03-18,16.0,179.197622585438,1,bad
9000000619-2,2021-03-18,17.0,166.4429530201341,1,bad
9000000619-2,2021-03-19,6.0,122.52390057361379,1,bad
9000000619-2,2021-03-19,7.0,49.688334817453295,1,bad
9000000619-2,2021-03-19,9.0,84.91996630160071,1,bad
9000000619-2,2021-03-19,10.0,141.54090548053978,1,bad
9000000619-2,2021-03-19,11.0,157.24777734828018,1,bad
9000000619-2,2021-03-19,12.0,146.6311381804339,1,bad
9000000619-2,2021-03-19,13.0,166.93272519954348,1,bad
9000000619-2,2021-03-19,15.0,206.0652009097804,1,bad
9000000619-2,2021-03-19,16.0,167.90304810870413,1,bad
9000000619-2,2021-03-19,17.0,174.9093546047862,1,bad
9000000619-2,2021-03-20,6.0,72.0,0,bad
9000000619-2,2021-03-20,7.0,72.0514653323803,0,bad
9000000619-2,2021-03-20,9.0,113.6065573770493,0,bad
9000000619-2,2021-03-20,10.0,168.6567164179105,0,bad
9000000619-2,2021-03-20,11.0,169.0644800596352,0,bad
9000000619-2,2021-03-20,12.0,163.7573964497046,0,bad
9000000619-2,2021-03-20,13.0,170.28824833702902,0,bad
9000000619-2,2021-03-20,14.0,122.1238938053096,0,bad
9000000619-2,2021-03-20,15.0,141.79431072210122,0,bad
9000000619-2,2021-03-20,16.0,119.8682766190998,0,bad
9000000619-2,2021-03-20,17.0,135.4981549815498,0,bad
9000000619-2,2021-03-21,6.0,17.64705882352937,0,bad
9000000619-2,2021-03-21,7.0,8.189262966333029,0,bad
9000000619-2,2021-03-21,8.0,21.92893401015228,0,bad
9000000619-2,2021-03-21,9.0,25.133470225872667,0,bad
9000000619-2,2021-03-21,10.0,52.006420545746394,0,bad
9000000619-2,2021-03-21,11.0,86.3013698630136,0,bad
9000000619-2,2021-03-21,12.0,90.47261815453871,0,bad
9000000619-2,2021-03-21,13.0,122.90591504565319,0,bad
9000000619-2,2021-03-21,15.0,113.78169790518191,0,bad
9000000619-2,2021-03-21,16.0,128.0528052805274,0,bad
9000000619-2,2021-03-21,17.0,129.1962616822424,0,bad
9000000619-2,2021-03-22,6.0,142.548596112311,1,good
9000000619-2,2021-03-22,7.0,143.8124185844551,1,good
9000000619-2,2021-03-22,9.0,145.2830188679243,1,good
9000000619-2,2021-03-22,10.0,156.4397905759164,1,good
9000000619-2,2021-03-22,12.0,166.23568526043562,1,good
9000000619-2,2021-03-22,13.0,200.3028009084024,1,good
9000000619-2,2021-03-22,14.0,170.99013518450892,1,good
9000000619-2,2021-03-22,15.0,194.3786982248524,1,good
9000000619-2,2021-03-22,16.0,184.2415316642116,1,good
9000000619-2,2021-03-22,17.0,181.3235294117646,1,good
9000000619-2,2021-03-23,6.0,79.8866855524079,1,good
9000000619-2,2021-03-23,9.0,56.536502546689306,1,good
9000000619-2,2021-03-23,10.0,100.00000000000009,1,good
9000000619-2,2021-03-23,11.0,155.5908009516259,1,good
9000000619-2,2021-03-23,12.0,144.48612153038272,1,good
9000000619-2,2021-03-23,13.0,163.1160572337038,1,good
9000000619-2,2021-03-23,15.0,207.5357950263753,1,good
9000000619-2,2021-03-23,16.0,184.61538461538407,1,good
9000000619-2,2021-03-23,17.0,171.3021025451861,1,good
9000000619-2,2021-03-24,6.0,68.7624353362514,1,good
9000000619-2,2021-03-24,9.0,66.75496688741721,1,good
9000000619-2,2021-03-24,10.0,121.3310580204778,1,good
9000000619-2,2021-03-24,11.0,126.8852459016394,1,good
9000000619-2,2021-03-24,12.0,140.2951191827468,1,good
9000000619-2,2021-03-24,13.0,164.96350364963502,1,good
9000000619-2,2021-03-24,14.0,173.24632952691678,1,good
9000000619-2,2021-03-24,15.0,208.33333333333292,1,good
9000000619-2,2021-03-24,16.0,194.219653179191,1,good
9000000619-2,2021-03-24,17.0,131.445603576751,1,good
9000000619-2,2021-03-25,6.0,81.956155143339,1,good
9000000619-2,2021-03-25,7.0,35.39049699617699,1,good
9000000619-2,2021-03-25,9.0,78.39453458582409,1,good
9000000619-2,2021-03-25,10.0,122.4489795918366,1,good
9000000619-2,2021-03-25,11.0,153.5960991466879,1,good
9000000619-2,2021-03-25,12.0,117.18395155185469,1,good
9000000619-2,2021-03-25,13.0,177.94676806083623,1,good
9000000619-2,2021-03-25,14.0,120.11439466158242,1,good
9000000619-2,2021-03-25,15.0,194.40827269245563,1,good
9000000619-2,2021-03-25,16.0,190.64553536915372,1,good
9000000619-2,2021-03-25,17.0,173.0253353204174,1,good
9000000619-2,2021-03-26,6.0,104.67427309532579,1,good
9000000619-2,2021-03-26,7.0,152.2605736509479,1,good
9000000619-2,2021-03-26,9.0,72.18045112781961,1,good
9000000619-2,2021-03-26,10.0,152.5951557093424,1,good
9000000619-2,2021-03-26,11.0,164.54689984101742,1,good
9000000619-2,2021-03-26,12.0,181.9543242231374,1,good
9000000619-2,2021-03-26,13.0,151.48132245598978,1,good
9000000619-2,2021-03-26,14.0,172.8373702422146,1,good
9000000619-2,2021-03-26,15.0,185.48009367681573,1,good
9000000619-2,2021-03-26,16.0,180.4262036306239,1,good
9000000619-2,2021-03-26,17.0,184.029850746269,1,good
9000000619-2,2021-03-27,6.0,51.4474166361304,0,bad
9000000619-2,2021-03-27,7.0,37.909516380655205,0,bad
9000000619-2,2021-03-27,8.0,111.3253012048192,0,bad
9000000619-2,2021-03-27,9.0,113.8510808646917,0,bad
9000000619-2,2021-03-27,10.0,158.0838323353289,0,bad
9000000619-2,2021-03-27,11.0,142.1572212065819,0,bad
9000000619-2,2021-03-27,12.0,146.60633484162872,0,bad
9000000619-2,2021-03-27,13.0,151.4519731943407,0,bad
9000000619-2,2021-03-27,14.0,146.8277945619338,0,bad
9000000619-2,2021-03-27,15.0,114.2014016967909,0,bad
9000000619-2,2021-03-27,16.0,119.9101796407188,0,bad
9000000619-2,2021-03-27,17.0,131.02941176470597,0,bad
9000000619-2,2021-03-28,7.0,36.322869955157,0,bad
9000000619-2,2021-03-28,8.0,41.67872648335741,0,bad
9000000619-2,2021-03-28,9.0,55.62913907284769,0,bad
9000000619-2,2021-03-28,10.0,69.179600886918,0,bad
9000000619-2,2021-03-28,11.0,84.7370356748805,0,bad
9000000619-2,2021-03-28,12.0,89.5655402896397,0,bad
9000000619-2,2021-03-28,13.0,71.7651322943096,0,bad
9000000619-2,2021-03-28,14.0,104.1758241758242,0,bad
9000000619-2,2021-03-28,15.0,113.37532419414599,0,bad
9000000619-2,2021-03-28,16.0,112.05107741420579,0,bad
9000000619-2,2021-03-28,17.0,103.5780154924383,0,bad
9000000619-2,2021-03-28,18.0,110.7286708165507,0,bad
9000000619-2,2021-03-29,7.0,227.8984173721015,1,good
9000000619-2,2021-03-29,8.0,265.945945945945,1,good
9000000619-2,2021-03-29,9.0,171.92691029900342,1,good
9000000619-2,2021-03-29,10.0,119.5419847328246,1,good
9000000619-2,2021-03-29,11.0,149.1662455785749,1,good
9000000619-2,2021-03-29,12.0,151.50579150579142,1,good
9000000619-2,2021-03-29,13.0,172.658610271903,1,good
9000000619-2,2021-03-29,14.0,200.5205622071831,1,good
9000000619-2,2021-03-29,15.0,157.78175313059072,1,good
9000000619-2,2021-03-29,16.0,183.9009287925705,1,good
9000000619-2,2021-03-29,17.0,181.4898419864555,1,good
9000000619-2,2021-03-29,18.0,156.23390952556127,1,good
9000000619-2,2021-03-30,7.0,146.6720451795078,1,good
9000000619-2,2021-03-30,9.0,42.59421560035061,1,good
9000000619-2,2021-03-30,10.0,96.12817089452602,1,good
9000000619-2,2021-03-30,11.0,135.6477561388653,1,good
9000000619-2,2021-03-30,12.0,167.24409448818898,1,good
9000000619-2,2021-03-30,13.0,212.88855193328277,1,good
9000000619-2,2021-03-30,14.0,167.6428228516565,1,good
9000000619-2,2021-03-30,15.0,143.9306358381506,1,good
9000000619-2,2021-03-30,16.0,185.1590106007065,1,good
9000000619-2,2021-03-30,17.0,168.580060422961,1,good
9000000619-2,2021-03-30,18.0,179.5203654358577,1,good
9000000619-2,2021-03-31,7.0,171.7129821650767,1,good
9000000619-2,2021-03-31,9.0,57.089552238805894,1,good
9000000619-2,2021-03-31,10.0,71.27272727272731,1,good
9000000619-2,2021-03-31,11.0,140.4362416107381,1,good
9000000619-2,2021-03-31,12.0,172.8453364817002,1,good
9000000619-2,2021-03-31,13.0,205.0546963410037,1,good
9000000619-2,2021-03-31,14.0,167.9547596606979,1,good
9000000619-2,2021-03-31,15.0,146.9387755102038,1,good
9000000619-2,2021-03-31,16.0,190.6137184115523,1,good
9000000619-2,2021-03-31,17.0,210.0334448160536,1,good
9000000619-2,2021-03-31,18.0,197.389033942559,1,good
9000000619-2,2021-04-01,7.0,92.5714285714286,1,good
9000000619-2,2021-04-01,9.0,42.1933863541231,1,good
9000000619-2,2021-04-01,10.0,64.8259303721488,1,good
9000000619-2,2021-04-01,11.0,61.68910648714821,1,good
9000000619-2,2021-04-01,12.0,116.2629757785468,1,good
9000000619-2,2021-04-01,13.0,133.04061470911068,1,good
9000000619-2,2021-04-01,14.0,125.9704756697648,1,good
9000000619-2,2021-04-01,15.0,102.0372010628875,1,good
9000000619-2,2021-04-01,16.0,159.61251862891172,1,good
9000000619-2,2021-04-01,17.0,114.8093841642228,1,good
9000000619-2,2021-04-01,18.0,124.7856876630638,1,good
9000000619-2,2021-04-02,7.0,148.6417964505613,1,good
9000000619-2,2021-04-02,8.0,135.032774945375,1,good
9000000619-2,2021-04-02,9.0,150.9215757137694,1,good
9000000619-2,2021-04-02,12.0,174.2481203007518,1,good
9000000619-2,2021-04-02,13.0,145.01992031872518,1,good
9000000619-2,2021-04-02,16.0,119.99999999999991,1,good
9000000619-2,2021-04-02,17.0,143.1894934333963,1,good
9000000619-2,2021-04-02,18.0,140.4490246595509,1,good
9000000619-2,2021-04-03,7.0,65.5976676384839,0,bad
9000000619-2,2021-04-03,8.0,67.1067961165048,0,bad
9000000619-2,2021-04-03,9.0,134.2960288808669,0,bad
9000000619-2,2021-04-03,10.0,109.44946589975349,0,bad
9000000619-2,2021-04-03,11.0,114.79820627802691,0,bad
9000000619-2,2021-04-03,13.0,127.89115646258519,0,bad
9000000619-2,2021-04-03,14.0,81.23354644603229,0,bad
9000000619-2,2021-04-03,15.0,73.5911602209945,0,bad
9000000619-2,2021-04-03,16.0,97.91356184798799,0,bad
9000000619-2,2021-04-03,17.0,102.14623499454349,0,bad
9000000619-2,2021-04-03,18.0,114.9357798165138,0,bad
9000000619-2,2021-04-04,7.0,20.88469905728787,0,good
9000000619-2,2021-04-04,9.0,34.9353049907578,0,good
9000000619-2,2021-04-04,10.0,48.7733430977664,0,good
9000000619-2,2021-04-04,11.0,73.20125130344108,0,good
9000000619-2,2021-04-04,12.0,74.3687834736037,0,good
9000000619-2,2021-04-04,13.0,63.693328418724604,0,good
9000000619-2,2021-04-04,14.0,57.4213557820116,0,good
9000000619-2,2021-04-04,15.0,54.17475728155342,0,good
9000000619-2,2021-04-04,16.0,100.2599331600444,0,good
9000000619-2,2021-04-04,17.0,133.13410534180008,0,good
9000000619-2,2021-04-04,18.0,96.3471971066908,0,good
9000000619-2,2021-04-04,19.0,102.57534246575338,0,good
9000000619-2,2021-04-05,7.0,19.713563605728698,1,bad
9000000619-2,2021-04-05,9.0,20.27217268887842,1,bad
9000000619-2,2021-04-05,10.0,22.213652140377924,1,bad
9000000619-2,2021-04-05,11.0,53.9927036886908,1,bad
9000000619-2,2021-04-05,12.0,97.6690867405425,1,bad
9000000619-2,2021-04-05,13.0,80.3455723542116,1,bad
9000000619-2,2021-04-05,14.0,91.103202846975,1,bad
9000000619-2,2021-04-05,16.0,93.74321880650999,1,bad
9000000619-2,2021-04-05,17.0,110.7491856677524,1,bad
9000000619-2,2021-04-05,18.0,114.67430207587691,1,bad
9000000619-2,2021-04-06,8.0,151.55096011816843,1,bad
9000000619-2,2021-04-06,9.0,109.44,1,bad
9000000619-2,2021-04-06,10.0,125.740318906606,1,bad
9000000619-2,2021-04-06,11.0,147.0739786529263,1,bad
9000000619-2,2021-04-06,12.0,113.51351351351359,1,bad
9000000619-2,2021-04-06,13.0,131.17408906882588,1,bad
9000000619-2,2021-04-06,14.0,157.3197378004375,1,bad
9000000619-2,2021-04-06,15.0,117.1717171717171,1,bad
9000000619-2,2021-04-06,16.0,115.1326053042122,1,bad
9000000619-2,2021-04-06,17.0,121.0310048561822,1,bad
9000000619-2,2021-04-06,18.0,110.9375,1,bad
9000000619-2,2021-04-07,7.0,179.68141592920392,1,bad
9000000619-2,2021-04-07,8.0,195.62455892731148,1,bad
9000000619-2,2021-04-07,9.0,142.38202247190998,1,bad
9000000619-2,2021-04-07,10.0,133.3333333333334,1,bad
9000000619-2,2021-04-07,11.0,164.9454545454547,1,bad
9000000619-2,2021-04-07,12.0,152.3878437047759,1,bad
9000000619-2,2021-04-07,13.0,121.47677649861049,1,bad
9000000619-2,2021-04-07,14.0,146.5012406947892,1,bad
9000000619-2,2021-04-07,15.0,156.7508232711309,1,bad
9000000619-2,2021-04-07,16.0,126.38580931263851,1,bad
9000000619-2,2021-04-07,17.0,127.3522975929979,1,bad
9000000619-2,2021-04-07,18.0,96.0355687291589,1,bad
9000000619-2,2021-04-08,7.0,55.75554625366259,1,bad
9000000619-2,2021-04-08,9.0,72.72727272727272,1,bad
9000000619-2,2021-04-08,10.0,65.5063291139241,1,bad
9000000619-2,2021-04-08,11.0,91.23089300080449,1,bad
9000000619-2,2021-04-08,12.0,131.22721749696242,1,bad
9000000619-2,2021-04-08,13.0,128.05755395683448,1,bad
9000000619-2,2021-04-08,14.0,127.89827973074041,1,bad
9000000619-2,2021-04-08,15.0,106.3852242744062,1,bad
9000000619-2,2021-04-08,16.0,152.2083805209513,1,bad
9000000619-2,2021-04-08,17.0,129.99263080324238,1,bad
9000000619-2,2021-04-08,18.0,140.27676620539,1,bad
9000000619-2,2021-04-08,19.0,108.8780487804878,1,bad
9000000619-2,2021-04-09,6.0,132.9864724245578,1,good
9000000619-2,2021-04-09,7.0,61.617458279845906,1,good
9000000619-2,2021-04-09,9.0,77.89275634995289,1,good
9000000619-2,2021-04-09,10.0,69.1222570532915,1,good
9000000619-2,2021-04-09,11.0,92.7162977867203,1,good
9000000619-2,2021-04-09,12.0,141.767909509845,1,good
9000000619-2,2021-04-09,13.0,174.6920492721161,1,good
9000000619-2,2021-04-09,14.0,139.07444668008029,1,good
9000000619-2,2021-04-09,15.0,122.72727272727269,1,good
9000000619-2,2021-04-09,16.0,141.2287194670616,1,good
9000000619-2,2021-04-09,17.0,127.18482707326139,1,good
9000000619-2,2021-04-09,18.0,135.57586837294338,1,good
9000000619-2,2021-04-09,19.0,133.6044738179964,1,good
9000000619-2,2021-04-10,7.0,47.2475391906672,0,good
9000000619-2,2021-04-10,8.0,92.8441699963676,0,good
9000000619-2,2021-04-10,9.0,114.3564356435645,0,good
9000000619-2,2021-04-10,10.0,135.1156812339332,0,good
9000000619-2,2021-04-10,11.0,141.40969162995552,0,good
9000000619-2,2021-04-10,12.0,136.68723303274788,0,good
9000000619-2,2021-04-10,13.0,151.1500547645125,0,good
9000000619-2,2021-04-10,14.0,110.6586826347305,0,good
9000000619-2,2021-04-10,16.0,125.8460394198583,0,good
9000000619-2,2021-04-10,17.0,113.4481495053132,0,good
9000000619-2,2021-04-10,18.0,136.4238410596027,0,good
9000000619-2,2021-04-10,19.0,107.12195121951208,0,good
9000000619-2,2021-04-11,7.0,28.2352941176471,0,bad
9000000619-2,2021-04-11,8.0,33.3808844507846,0,bad
9000000619-2,2021-04-11,9.0,49.297297297297305,0,bad
9000000619-2,2021-04-11,10.0,66.6424682395645,0,bad
9000000619-2,2021-04-11,11.0,85.99348534201961,0,bad
9000000619-2,2021-04-11,12.0,87.012987012987,0,bad
9000000619-2,2021-04-11,13.0,65.9387108136667,0,bad
9000000619-2,2021-04-11,14.0,86.8250539956803,0,bad
9000000619-2,2021-04-11,15.0,70.5128205128206,0,bad
9000000619-2,2021-04-11,16.0,86.0557768924302,0,bad
9000000619-2,2021-04-11,17.0,98.16959282779231,0,bad
9000000619-2,2021-04-11,18.0,93.66068156834,0,bad
9000000619-2,2021-04-12,7.0,277.173913043478,1,bad
9000000619-2,2021-04-12,8.0,268.697638994669,1,bad
9000000619-2,2021-04-12,9.0,176.079480320978,1,bad
9000000619-2,2021-04-12,10.0,163.99706098457,1,bad
9000000619-2,2021-04-12,11.0,152.225519287834,1,bad
9000000619-2,2021-04-12,12.0,153.191489361702,1,bad
9000000619-2,2021-04-12,13.0,169.443406798655,1,bad
9000000619-2,2021-04-12,14.0,206.55737704918099,1,bad
9000000619-2,2021-04-12,15.0,202.095808383234,1,bad
9000000619-2,2021-04-12,16.0,155.81482875423401,1,bad
9000000619-2,2021-04-12,17.0,137.748344370861,1,bad
9000000619-2,2021-04-12,18.0,164.30426716141,1,bad
9000000619-2,2021-04-13,7.0,270.925110132159,1,bad
9000000619-2,2021-04-13,8.0,256.95461200585703,1,bad
9000000619-2,2021-04-13,9.0,179.871520342613,1,bad
9000000619-2,2021-04-13,10.0,191.999999999999,1,bad
9000000619-2,2021-04-13,11.0,154.824719913264,1,bad
9000000619-2,2021-04-13,12.0,153.44262295081998,1,bad
9000000619-2,2021-04-13,13.0,143.20441988950301,1,bad
9000000619-2,2021-04-13,14.0,171.36431784107901,1,bad
9000000619-2,2021-04-13,15.0,203.92749244713002,1,bad
9000000619-2,2021-04-13,16.0,207.232472324723,1,bad
9000000619-2,2021-04-13,17.0,163.271375464685,1,bad
9000000619-2,2021-04-13,18.0,172.24251278305303,1,bad
9000000619-2,2021-04-14,7.0,256.30221576462003,1,good
9000000619-2,2021-04-14,8.0,239.759639459189,1,good
9000000619-2,2021-04-14,9.0,58.536585365853604,1,good
9000000619-2,2021-04-14,10.0,122.994241842611,1,good
9000000619-2,2021-04-14,11.0,127.042030134813,1,good
9000000619-2,2021-04-14,12.0,160.622185837085,1,good
9000000619-2,2021-04-14,15.0,181.154415392205,1,good
9000000619-2,2021-04-14,16.0,191.589132861928,1,good
9000000619-2,2021-04-14,17.0,168.792198049513,1,good
9000000619-2,2021-04-14,18.0,177.69404672192903,1,good
9000000619-2,2021-04-15,6.0,130.787144853284,1,good
9000000619-2,2021-04-15,7.0,99.82668977469679,1,good
9000000619-2,2021-04-15,9.0,87.05289672544072,1,good
9000000619-2,2021-04-15,10.0,85.01742160278741,1,good
9000000619-2,2021-04-15,11.0,101.18764845605699,1,good
9000000619-2,2021-04-15,12.0,165.435978004713,1,good
9000000619-2,2021-04-15,14.0,197.551020408163,1,good
9000000619-2,2021-04-15,15.0,157.24907063197,1,good
9000000619-2,2021-04-15,16.0,173.283582089552,1,good
9000000619-2,2021-04-15,17.0,180.74185088048,1,good
9000000619-2,2021-04-15,18.0,144.107744107744,1,good
9000000619-2,2021-04-15,19.0,131.520815632965,1,good
9000000619-2,2021-04-16,6.0,153.052917232022,1,good
9000000619-2,2021-04-16,7.0,190.46849757673698,1,good
9000000619-2,2021-04-16,9.0,106.914153132251,1,good
9000000619-2,2021-04-16,10.0,100.39277297721901,1,good
9000000619-2,2021-04-16,11.0,119.32093775262699,1,good
9000000619-2,2021-04-16,12.0,153.488372093023,1,good
9000000619-2,2021-04-16,13.0,175.309696710808,1,good
9000000619-2,2021-04-16,14.0,173.455978975033,1,good
9000000619-2,2021-04-16,16.0,149.824970828472,1,good
9000000619-2,2021-04-16,17.0,172.89650037229995,1,good
9000000619-2,2021-04-16,18.0,150.455927051671,1,good
9000000619-2,2021-04-16,19.0,161.83081324070298,1,good
9000000619-2,2021-04-17,6.0,71.65876777251191,0,good
9000000619-2,2021-04-17,7.0,69.7428672067628,0,good
9000000619-2,2021-04-17,8.0,103.404255319149,0,good
9000000619-2,2021-04-17,11.0,137.16847217033998,0,good
9000000619-2,2021-04-17,12.0,161.528874117159,0,good
9000000619-2,2021-04-17,13.0,130.446310207689,0,good
9000000619-2,2021-04-17,14.0,105.882352941176,0,good
9000000619-2,2021-04-17,16.0,113.55613969207701,0,good
9000000619-2,2021-04-17,17.0,125.412541254125,0,good
9000000619-2,2021-04-17,18.0,118.53496115427299,0,good
9000000619-2,2021-04-17,19.0,126.289095519865,0,good
9000000619-2,2021-04-18,7.0,30.6382978723404,0,bad
9000000619-2,2021-04-18,8.0,37.126600284495,0,bad
9000000619-2,2021-04-18,9.0,59.269863994273386,0,bad
9000000619-2,2021-04-18,10.0,89.2241379310344,0,bad
9000000619-2,2021-04-18,11.0,81.50943396226421,0,bad
9000000619-2,2021-04-18,12.0,68.90574214517879,0,bad
9000000619-2,2021-04-18,13.0,100.15243902439,0,bad
9000000619-2,2021-04-18,14.0,84.79262672811059,0,bad
9000000619-2,2021-04-18,15.0,99.9269539810081,0,bad
9000000619-2,2021-04-18,16.0,91.6696980720262,0,bad
9000000619-2,2021-04-18,17.0,105.80357142857099,0,bad
9000000619-2,2021-04-18,18.0,112.665684830633,0,bad
9000000619-2,2021-04-18,19.0,111.95476575121201,0,bad
9000000619-2,2021-04-19,6.0,178.301886792453,1,bad
9000000619-2,2021-04-19,7.0,228.246013667425,1,bad
9000000619-2,2021-04-19,8.0,278.81548974943,1,bad
9000000619-2,2021-04-19,11.0,183.005565862709,1,bad
9000000619-2,2021-04-19,12.0,150.50391937290001,1,bad
9000000619-2,2021-04-19,14.0,210.068649885583,1,bad
9000000619-2,2021-04-19,15.0,196.289284361984,1,bad
9000000619-2,2021-04-19,16.0,171.988566761944,1,bad
9000000619-2,2021-04-19,17.0,140.99216710182802,1,bad
9000000619-2,2021-04-19,18.0,121.05464272067199,1,bad
9000000619-2,2021-04-20,7.0,274.509803921568,1,bad
9000000619-2,2021-04-20,8.0,258.658806190125,1,bad
9000000619-2,2021-04-20,9.0,160.323886639676,1,bad
9000000619-2,2021-04-20,10.0,110.087370929309,1,bad
9000000619-2,2021-04-20,11.0,119.233838786911,1,bad
9000000619-2,2021-04-20,12.0,175.40921202893003,1,bad
9000000619-2,2021-04-20,13.0,145.212765957447,1,bad
9000000619-2,2021-04-20,14.0,129.801324503311,1,bad
9000000619-2,2021-04-20,15.0,215.730337078652,1,bad
9000000619-2,2021-04-20,16.0,182.488479262673,1,bad
9000000619-2,2021-04-20,17.0,158.125915080527,1,bad
9000000619-2,2021-04-20,18.0,122.46728971962601,1,bad
9000000619-2,2021-04-20,19.0,126.127469250839,1,bad
9000000619-2,2021-04-21,6.0,156.693489392831,1,bad
9000000619-2,2021-04-21,7.0,270.10078387458,1,bad
9000000619-2,2021-04-21,9.0,87.2727272727273,1,bad
9000000619-2,2021-04-21,10.0,111.968503937008,1,bad
9000000619-2,2021-04-21,11.0,155.831663326653,1,bad
9000000619-2,2021-04-21,12.0,173.884568153909,1,bad
9000000619-2,2021-04-21,13.0,166.913946587537,1,bad
9000000619-2,2021-04-21,14.0,173.97769516728698,1,bad
9000000619-2,2021-04-21,16.0,206.944444444444,1,bad
9000000619-2,2021-04-21,17.0,169.911504424779,1,bad
9000000619-2,2021-04-21,18.0,181.73719376391998,1,bad
9000000619-2,2021-04-21,19.0,116.95294996265899,1,bad
9000000619-2,2021-04-22,6.0,128.72467222884399,1,good
9000000619-2,2021-04-22,7.0,116.75675675675699,1,good
9000000619-2,2021-04-22,9.0,42.9898275099513,1,good
9000000619-2,2021-04-22,10.0,86.45669291338591,1,good
9000000619-2,2021-04-22,11.0,122.66009852216801,1,good
9000000619-2,2021-04-22,12.0,193.411764705882,1,good
9000000619-2,2021-04-22,13.0,165.08875739645,1,good
9000000619-2,2021-04-22,14.0,156.344410876133,1,good
9000000619-2,2021-04-22,15.0,198.149861239592,1,good
9000000619-2,2021-04-22,16.0,215.827338129496,1,good
9000000619-2,2021-04-22,17.0,155.385790679908,1,good
9000000619-2,2021-04-22,18.0,164.060763245647,1,good
9000000619-2,2021-04-22,19.0,153.650318232872,1,good
9000000619-2,2021-04-23,6.0,148.716040193524,1,good
9000000619-2,2021-04-23,7.0,235.526816279955,1,good
9000000619-2,2021-04-23,8.0,147.917823431427,1,good
9000000619-2,2021-04-23,9.0,134.778325123153,1,good
9000000619-2,2021-04-23,10.0,148.409893992933,1,good
9000000619-2,2021-04-23,11.0,117.120780805205,1,good
9000000619-2,2021-04-23,12.0,183.529411764705,1,good
9000000619-2,2021-04-23,13.0,199.312714776632,1,good
9000000619-2,2021-04-23,14.0,205.341783612495,1,good
9000000619-2,2021-04-23,16.0,215.444015444016,1,good
9000000619-2,2021-04-23,17.0,181.400518710634,1,good
9000000619-2,2021-04-23,18.0,161.35593220338995,1,good
9000000619-2,2021-04-23,19.0,173.69016208066398,1,good
9000000619-2,2021-04-24,6.0,69.35426328933289,0,good
9000000619-2,2021-04-24,7.0,38.876889848812105,0,good
9000000619-2,2021-04-24,9.0,76.52928416485898,0,good
9000000619-2,2021-04-24,10.0,98.893552079359,0,good
9000000619-2,2021-04-24,11.0,128.465955701395,0,good
9000000619-2,2021-04-24,12.0,193.934557063049,0,good
9000000619-2,2021-04-24,13.0,170.927684441198,0,good
9000000619-2,2021-04-24,14.0,124.71482889733801,0,good
9000000619-2,2021-04-24,15.0,88.98043254376921,0,good
9000000619-2,2021-04-24,16.0,151.37614678899098,0,good
9000000619-2,2021-04-24,17.0,182.53145817912602,0,good
9000000619-2,2021-04-24,18.0,144.68396054073798,0,good
9000000619-2,2021-04-24,19.0,184.615384615385,0,good
9000000619-2,2021-04-25,6.0,20.8017334777898,0,good
9000000619-2,2021-04-25,7.0,12.318220701454198,0,good
9000000619-2,2021-04-25,9.0,36.5724381625442,0,good
9000000619-2,2021-04-25,10.0,46.771111960259894,0,good
9000000619-2,2021-04-25,11.0,109.996227838552,0,good
9000000619-2,2021-04-25,12.0,101.333333333333,0,good
9000000619-2,2021-04-25,13.0,94.9798460974717,0,good
9000000619-2,2021-04-25,14.0,117.179023508138,0,good
9000000619-2,2021-04-25,15.0,113.47826086956499,0,good
9000000619-2,2021-04-25,16.0,153.99624765478399,0,good
9000000619-2,2021-04-25,17.0,134.407027818448,0,good
9000000619-2,2021-04-25,18.0,120.39691289966909,0,good
9000000619-2,2021-04-25,19.0,128.089887640449,0,good
9000000619-2,2021-04-26,6.0,100.2169197396962,1,bad
9000000619-2,2021-04-26,7.0,147.36086175942538,1,bad
9000000619-2,2021-04-26,12.0,194.5039590125761,1,bad
9000000619-2,2021-04-26,13.0,180.89758342922892,1,bad
9000000619-2,2021-04-26,14.0,155.0488599348534,1,bad
9000000619-2,2021-04-26,15.0,157.5000000000005,1,bad
9000000619-2,2021-04-26,16.0,168.3357879234167,1,bad
9000000619-2,2021-04-26,17.0,136.5745856353592,1,bad
9000000619-2,2021-04-26,18.0,157.8595317725755,1,bad
9000000619-2,2021-04-26,19.0,109.13330742324129,1,bad
9000000619-2,2021-04-27,7.0,35.6183745583039,1,bad
9000000619-2,2021-04-27,8.0,63.829787234042584,1,bad
9000000619-2,2021-04-27,9.0,64.1221374045801,1,bad
9000000619-2,2021-04-27,10.0,78.0065005417118,1,bad
9000000619-2,2021-04-27,11.0,124.0056818181819,1,bad
9000000619-2,2021-04-27,12.0,145.4545454545461,1,bad
9000000619-2,2021-04-27,13.0,153.7226277372261,1,bad
9000000619-2,2021-04-27,14.0,146.41791044776159,1,bad
9000000619-2,2021-04-27,15.0,129.6582138919515,1,bad
9000000619-2,2021-04-27,16.0,160.59479553903338,1,bad
9000000619-2,2021-04-27,17.0,160.8296769046673,1,bad
9000000619-2,2021-04-27,18.0,132.9626687847496,1,bad
9000000619-2,2021-04-27,19.0,137.3376623376623,1,bad
9000000619-2,2021-04-28,6.0,122.72727272727279,1,good
9000000619-2,2021-04-28,7.0,155.3495007132668,1,good
9000000619-2,2021-04-28,8.0,187.98283261802513,1,good
9000000619-2,2021-04-28,9.0,175.2614496934729,1,good
9000000619-2,2021-04-28,10.0,160.8427170359604,1,good
9000000619-2,2021-04-28,11.0,158.7482219061164,1,good
9000000619-2,2021-04-28,12.0,201.4440433212996,1,good
9000000619-2,2021-04-28,13.0,144.12670479542493,1,good
9000000619-2,2021-04-28,14.0,193.3063626333212,1,good
9000000619-2,2021-04-28,15.0,167.1619613670133,1,good
9000000619-2,2021-04-28,16.0,188.209121245829,1,good
9000000619-2,2021-04-28,17.0,152.1311475409838,1,good
9000000619-2,2021-04-28,18.0,131.7233809001093,1,good
9000000619-2,2021-04-28,19.0,121.1187677340901,1,good
9000000619-2,2021-04-29,6.0,131.70731707317069,1,good
9000000619-2,2021-04-29,7.0,149.2296404988995,1,good
9000000619-2,2021-04-29,8.0,182.6666666666663,1,good
9000000619-2,2021-04-29,9.0,134.09742120343827,1,good
9000000619-2,2021-04-29,10.0,183.6882282040982,1,good
9000000619-2,2021-04-29,11.0,190.4,1,good
9000000619-2,2021-04-29,12.0,186.2914207898324,1,good
9000000619-2,2021-04-29,13.0,209.4488188976383,1,good
9000000619-2,2021-04-29,14.0,187.2262773722627,1,good
9000000619-2,2021-04-29,15.0,196.21182837263223,1,good
9000000619-2,2021-04-29,16.0,227.0871985157698,1,good
9000000619-2,2021-04-29,17.0,222.2054949190809,1,good
9000000619-2,2021-04-29,18.0,164.6017699115043,1,good
9000000619-2,2021-04-29,19.0,134.7664936990366,1,good
9000000619-2,2021-04-30,6.0,125.39912917271411,1,bad
9000000619-2,2021-04-30,7.0,100.6257822277847,1,bad
9000000619-2,2021-04-30,9.0,151.8987341772152,1,bad
9000000619-2,2021-04-30,11.0,260.0831600831603,1,bad
9000000619-2,2021-04-30,13.0,222.8782287822878,1,bad
9000000619-2,2021-04-30,15.0,184.0737636211232,1,bad
9000000619-2,2021-04-30,16.0,143.7288135593221,1,bad
9000000619-2,2021-04-30,17.0,196.7503692762188,1,bad
9000000619-2,2021-04-30,18.0,166.5433012583269,1,bad
9000000619-2,2021-04-30,19.0,144.7576099210829,1,bad
9000000619-2,2021-05-01,6.0,29.3721177722597,0,good
9000000619-2,2021-05-01,7.0,35.60439560439557,0,good
9000000619-2,2021-05-01,8.0,71.0339384372534,0,good
9000000619-2,2021-05-01,10.0,89.9022801302932,0,good
9000000619-2,2021-05-01,11.0,114.59227467811141,0,good
9000000619-2,2021-05-01,12.0,94.22028353326061,0,good
9000000619-2,2021-05-01,13.0,115.85423568386189,0,good
9000000619-2,2021-05-01,15.0,108.1545064377683,0,good
9000000619-2,2021-05-01,16.0,103.3492822966507,0,good
9000000619-2,2021-05-01,17.0,159.1304347826081,0,good
9000000619-2,2021-05-01,18.0,130.79136690647468,0,good
9000000619-2,2021-05-01,19.0,129.6000000000004,0,good
9000000619-2,2021-05-02,6.0,27.527612574341596,0,bad
9000000619-2,2021-05-02,7.0,49.165402124431,0,bad
9000000619-2,2021-05-02,8.0,43.3418460415906,0,bad
9000000619-2,2021-05-02,9.0,62.9737609329446,0,bad
9000000619-2,2021-05-02,10.0,68.6330935251799,0,bad
9000000619-2,2021-05-02,11.0,112.3348017621146,0,bad
9000000619-2,2021-05-02,12.0,101.1596788581623,0,bad
9000000619-2,2021-05-02,14.0,130.722154222766,0,bad
9000000619-2,2021-05-02,15.0,111.79297597042499,0,bad
9000000619-2,2021-05-02,16.0,120.7519351271652,0,bad
9000000619-2,2021-05-02,17.0,149.668874172186,0,bad
9000000619-2,2021-05-02,18.0,106.98174006444681,0,bad
9000000619-2,2021-05-02,19.0,97.2486243121562,0,bad
9000000619-2,2021-05-03,6.0,195.5597543693906,1,good
9000000619-2,2021-05-03,7.0,274.5762711864404,1,good
9000000619-2,2021-05-03,8.0,210.6870229007638,1,good
9000000619-2,2021-05-03,9.0,212.1621621621629,1,good
9000000619-2,2021-05-03,10.0,169.27064050351748,1,good
9000000619-2,2021-05-03,11.0,207.79610194902503,1,good
9000000619-2,2021-05-03,12.0,208.3644510828984,1,good
9000000619-2,2021-05-03,14.0,187.0324189526191,1,good
9000000619-2,2021-05-03,16.0,193.9207387456712,1,good
9000000619-2,2021-05-03,17.0,167.09988860007428,1,good
9000000619-2,2021-05-03,18.0,166.3976522377107,1,good
9000000619-2,2021-05-03,19.0,142.7312775330397,1,good
9000000619-2,2021-05-04,6.0,137.53943217665622,1,good
9000000619-2,2021-05-04,7.0,180.7531380753136,1,good
9000000619-2,2021-05-04,9.0,121.4828897338403,1,good
9000000619-2,2021-05-04,10.0,138.6792452830188,1,good
9000000619-2,2021-05-04,11.0,182.3151125401923,1,good
9000000619-2,2021-05-04,12.0,220.4362801377732,1,good
9000000619-2,2021-05-04,13.0,201.2003000750187,1,good
9000000619-2,2021-05-04,14.0,185.2512155591577,1,good
9000000619-2,2021-05-04,16.0,229.30832356389212,1,good
9000000619-2,2021-05-04,17.0,170.603480192521,1,good
9000000619-2,2021-05-04,18.0,166.9488406330513,1,good
9000000619-2,2021-05-04,19.0,203.9215686274511,1,good
9000000619-2,2021-05-05,6.0,139.30490863489803,1,bad
9000000619-2,2021-05-05,7.0,140.7640449438205,1,bad
9000000619-2,2021-05-05,10.0,188.40579710145,1,bad
9000000619-2,2021-05-05,11.0,175.56270096462987,1,bad
9000000619-2,2021-05-05,12.0,171.88328912466903,1,bad
9000000619-2,2021-05-05,13.0,218.2724252491693,1,bad
9000000619-2,2021-05-05,14.0,173.4782608695651,1,bad
9000000619-2,2021-05-05,15.0,220.37533512064363,1,bad
9000000619-2,2021-05-05,16.0,205.9040590405903,1,bad
9000000619-2,2021-05-05,17.0,204.26454644018852,1,bad
9000000619-2,2021-05-05,18.0,189.3313298271969,1,bad
9000000619-2,2021-05-05,19.0,152.46326707000878,1,bad
9000000619-2,2021-05-06,6.0,186.6666666666663,1,bad
9000000619-2,2021-05-06,7.0,280.3278688524596,1,bad
9000000619-2,2021-05-06,8.0,243.75682562795777,1,bad
9000000619-2,2021-05-06,9.0,203.62292051756003,1,bad
9000000619-2,2021-05-06,10.0,189.7472924187731,1,bad
9000000619-2,2021-05-06,11.0,185.052861830113,1,bad
9000000619-2,2021-05-06,12.0,173.5426008968615,1,bad
9000000619-2,2021-05-06,13.0,190.918997457319,1,bad
9000000619-2,2021-05-06,14.0,197.04142011834313,1,bad
9000000619-2,2021-05-06,15.0,265.41916167664704,1,bad
9000000619-2,2021-05-06,16.0,238.74813710879286,1,bad
9000000619-2,2021-05-06,17.0,187.6900796524258,1,bad
9000000619-2,2021-05-06,18.0,208.1229418221733,1,bad
9000000619-2,2021-05-06,19.0,140.97543609825522,1,bad
9000000619-2,2021-05-07,6.0,160.71428571428623,1,bad
9000000619-2,2021-05-07,7.0,293.0232558139532,1,bad
9000000619-2,2021-05-07,8.0,304.6857973120225,1,bad
9000000619-2,2021-05-07,9.0,219.35007385524392,1,bad
9000000619-2,2021-05-07,10.0,206.3947078280048,1,bad
9000000619-2,2021-05-07,11.0,237.0203160270888,1,bad
9000000619-2,2021-05-07,12.0,186.85121107266474,1,bad
9000001783-1,2021-03-16,15.0,809.445585215603,1,good
9000001783-1,2021-03-16,16.0,490.5660377358509,1,good
9000001783-1,2021-03-16,17.0,5.1209103840682815,1,good
9000001783-1,2021-03-17,7.0,5.834683954619122,1,bad
9000001783-1,2021-03-17,10.0,25.3521126760563,1,bad
9000001783-1,2021-03-17,12.0,31.7880794701987,1,bad
9000001783-1,2021-03-17,14.0,2.93518141051773,1,bad
9000001783-1,2021-03-17,15.0,8.881578947368421,1,bad
9000001783-1,2021-03-17,16.0,178.217821782178,1,bad
9000001783-1,2021-03-18,6.0,962.068965517249,1,bad
9000001783-1,2021-03-18,7.0,1077.37226277371,1,bad
9000001783-1,2021-03-18,8.0,1000.2484472049499,1,bad
9000001783-1,2021-03-18,9.0,1053.24419976407,1,bad
9000001783-1,2021-03-18,10.0,1016.33624107852,1,bad
9000001783-1,2021-03-18,11.0,945.3344343517599,1,bad
9000001783-1,2021-03-18,12.0,1194.00749063671,1,bad
9000001783-1,2021-03-18,13.0,1176.73579801624,1,bad
9000001783-1,2021-03-18,14.0,1169.96181586763,1,bad
9000001783-1,2021-03-18,17.0,1053.11203319503,1,bad
9000001783-1,2021-03-19,6.0,795.645073489388,1,bad
9000001783-1,2021-03-19,7.0,870.4611549646892,1,bad
9000001783-1,2021-03-19,8.0,1071.16104868915,1,bad
9000001783-1,2021-03-19,9.0,1115.89907889466,1,bad
9000001783-1,2021-03-19,10.0,1097.63265306122,1,bad
9000001783-1,2021-03-19,11.0,1180.59701492539,1,bad
9000001783-1,2021-03-19,15.0,707.524752475248,1,bad
9000001783-1,2021-03-19,16.0,1141.9354838709696,1,bad
9000001783-1,2021-03-19,17.0,1113.35740072203,1,bad
9000001783-1,2021-03-20,7.0,359.47901591896004,0,bad
9000001783-1,2021-03-20,8.0,533.333333333331,0,bad
9000001783-1,2021-03-20,9.0,744.6872645064011,0,bad
9000001783-1,2021-03-20,10.0,836.349809885943,0,bad
9000001783-1,2021-03-20,11.0,911.076923076911,0,bad
9000001783-1,2021-03-20,12.0,865.840433772278,0,bad
9000001783-1,2021-03-20,13.0,837.0203160270952,0,bad
9000001783-1,2021-03-20,14.0,575.485918286396,0,bad
9000001783-1,2021-03-20,15.0,697.862767154107,0,bad
9000001783-1,2021-03-20,16.0,734.750676459225,0,bad
9000001783-1,2021-03-20,17.0,740.9365558912331,0,bad
9000001783-1,2021-03-21,6.0,106.83453237410102,0,bad
9000001783-1,2021-03-21,7.0,129.84909827015102,0,bad
9000001783-1,2021-03-21,8.0,249.87146529563,0,bad
9000001783-1,2021-03-21,9.0,399.127589967286,0,bad
9000001783-1,2021-03-21,10.0,548.950276243091,0,bad
9000001783-1,2021-03-21,11.0,597.5815316965931,0,bad
9000001783-1,2021-03-21,12.0,623.102803738316,0,bad
9000001783-1,2021-03-21,13.0,589.921612541995,0,bad
9000001783-1,2021-03-21,14.0,545.620715917746,0,bad
9000001783-1,2021-03-21,15.0,546.1794019933541,0,bad
9000001783-1,2021-03-21,16.0,544.481605351172,0,bad
9000001783-1,2021-03-21,17.0,670.439770554491,0,bad
9000001783-1,2021-03-22,6.0,763.392857142859,1,good
9000001783-1,2021-03-22,7.0,1054.43786982248,1,good
9000001783-1,2021-03-22,8.0,1079.37062937062,1,good
9000001783-1,2021-03-22,9.0,1030.04926108373,1,good
9000001783-1,2021-03-22,10.0,971.7703349282408,1,good
9000001783-1,2021-03-22,11.0,1016.09381318237,1,good
9000001783-1,2021-03-22,12.0,1035.71428571429,1,good
9000001783-1,2021-03-22,13.0,1160.82224909313,1,good
9000001783-1,2021-03-22,14.0,1133.67793240557,1,good
9000001783-1,2021-03-22,16.0,1206.79146713105,1,good
9000001783-1,2021-03-22,17.0,956.6110397946187,1,good
9000001783-1,2021-03-23,6.0,584.384649316277,1,good
9000001783-1,2021-03-23,7.0,784.0821566110451,1,good
9000001783-1,2021-03-23,8.0,1304.1509433962199,1,good
9000001783-1,2021-03-23,9.0,1080.14212396369,1,good
9000001783-1,2021-03-23,10.0,1014.3024618991701,1,good
9000001783-1,2021-03-23,11.0,1125.88512981904,1,good
9000001783-1,2021-03-23,12.0,1226.26970227672,1,good
9000001783-1,2021-03-23,15.0,1223.31753554503,1,good
9000001783-1,2021-03-23,16.0,1303.85114668974,1,good
9000001783-1,2021-03-23,17.0,889.2123287671199,1,good
9000001783-1,2021-03-24,6.0,565.619223659887,1,good
9000001783-1,2021-03-24,7.0,874.593669803253,1,good
9000001783-1,2021-03-24,8.0,1252.43445692884,1,good
9000001783-1,2021-03-24,9.0,1068.90756302521,1,good
9000001783-1,2021-03-24,10.0,1144.9367088607598,1,good
9000001783-1,2021-03-24,11.0,1080.43045037863,1,good
9000001783-1,2021-03-24,12.0,1175.21263669504,1,good
9000001783-1,2021-03-24,15.0,961.024182076799,1,good
9000001783-1,2021-03-24,16.0,686.830245368055,1,good
9000001783-1,2021-03-24,17.0,736.787564766837,1,good
9000001783-1,2021-03-25,6.0,563.202350348884,1,good
9000001783-1,2021-03-25,7.0,893.3622559652962,1,good
9000001783-1,2021-03-25,8.0,1300.0821692686802,1,good
9000001783-1,2021-03-25,9.0,1036.51099961404,1,good
9000001783-1,2021-03-25,10.0,1102.3310944291,1,good
9000001783-1,2021-03-25,11.0,1145.85012087024,1,good
9000001783-1,2021-03-25,12.0,1227.00964630225,1,good
9000001783-1,2021-03-25,15.0,1003.41880341881,1,good
9000001783-1,2021-03-25,16.0,730.73593073593,1,good
9000001783-1,2021-03-25,17.0,864.86486486487,1,good
9000001783-1,2021-03-26,6.0,668.99109792285,1,good
9000001783-1,2021-03-26,7.0,952.642194433231,1,good
9000001783-1,2021-03-26,8.0,1241.37931034482,1,good
9000001783-1,2021-03-26,9.0,885.9563085153868,1,good
9000001783-1,2021-03-26,15.0,10.964467005076099,1,good
9000001783-1,2021-03-26,16.0,81.81818181818191,1,good
9000001783-1,2021-03-26,17.0,29.232643118148605,1,good
9000001783-1,2021-03-27,6.0,4.49438202247191,0,bad
9000001783-1,2021-03-27,7.0,3.817603393425241,0,bad
9000001783-1,2021-03-27,8.0,13.2110091743119,0,bad
9000001783-1,2021-03-27,9.0,10.884353741496598,0,bad
9000001783-1,2021-03-27,10.0,14.9096385542169,0,bad
9000001783-1,2021-03-27,11.0,6.75422138836773,0,bad
9000001783-1,2021-03-27,12.0,30.4264310411064,0,bad
9000001783-1,2021-03-27,13.0,17.7811550151976,0,bad
9000001783-1,2021-03-27,14.0,8.32049306625578,0,bad
9000001783-1,2021-03-27,15.0,2.7293404094010603,0,bad
9000001783-1,2021-03-27,16.0,6.854531607006849,0,bad
9000001783-1,2021-03-27,17.0,12.3805884600688,0,bad
9000001783-1,2021-03-28,9.0,2.64026402640264,0,bad
9000001783-1,2021-03-28,10.0,4.10802586534804,0,bad
9000001783-1,2021-03-28,11.0,1.3437849944009,0,bad
9000001783-1,2021-03-28,12.0,5.425772418990201,0,bad
9000001783-1,2021-03-28,13.0,4.084720121028741,0,bad
9000001783-1,2021-03-28,14.0,2.68556508765386,0,bad
9000001783-1,2021-03-28,15.0,5.47528517110266,0,bad
9000001783-1,2021-03-28,16.0,6.73652694610778,0,bad
9000001783-1,2021-03-28,17.0,13.6105860113422,0,bad
9000001783-1,2021-03-28,18.0,9.55993930197269,0,bad
9000001783-1,2021-03-29,7.0,32.014228546020504,1,good
9000001783-1,2021-03-29,8.0,52.2791448164582,1,good
9000001783-1,2021-03-29,9.0,14.201183431952659,1,good
9000001783-1,2021-03-29,10.0,4.22039859320047,1,good
9000001783-1,2021-03-29,13.0,1.48698884758364,1,good
9000001783-1,2021-03-29,15.0,5.21991300144998,1,good
9000001783-1,2021-03-29,16.0,9.818181818181811,1,good
9000001783-1,2021-03-29,17.0,62.711864406779696,1,good
9000001783-1,2021-03-29,18.0,28.708133971291804,1,good
9000001783-1,2021-03-30,7.0,8.83074407195421,1,good
9000001783-1,2021-03-30,8.0,31.29139072847686,1,good
9000001783-1,2021-03-30,9.0,16.94782267555907,1,good
9000001783-1,2021-03-30,10.0,6.990291262135921,1,good
9000001783-1,2021-03-30,11.0,1.46341463414634,1,good
9000001783-1,2021-03-30,15.0,3.87096774193548,1,good
9000001783-1,2021-03-30,16.0,25.88495575221238,1,good
9000001783-1,2021-03-30,17.0,75.0823271130625,1,good
9000001783-1,2021-03-30,18.0,32.82221301284707,1,good
9000001783-1,2021-03-31,7.0,4.551201011378,1,good
9000001783-1,2021-03-31,8.0,47.36842105263158,1,good
9000001783-1,2021-03-31,9.0,10.190052567731502,1,good
9000001783-1,2021-03-31,10.0,1.49750415973378,1,good
9000001783-1,2021-03-31,11.0,1.5018773466833502,1,good
9000001783-1,2021-03-31,13.0,1.5234870926788,1,good
9000001783-1,2021-03-31,15.0,3.70751802265705,1,good
9000001783-1,2021-03-31,16.0,35.6064549713691,1,good
9000001783-1,2021-03-31,17.0,101.6427104722793,1,good
9000001783-1,2021-03-31,18.0,44.85049833887048,1,good
9000001783-1,2021-04-01,7.0,1.3677811550152,1,good
9000001783-1,2021-04-01,8.0,26.065969428801285,1,good
9000001783-1,2021-04-01,9.0,4.13634622749904,1,good
9000001783-1,2021-04-01,10.0,4.13793103448276,1,good
9000001783-1,2021-04-01,15.0,3.0277544154751896,1,good
9000001783-1,2021-04-01,16.0,21.496815286624162,1,good
9000001783-1,2021-04-01,17.0,22.67954640907185,1,good
9000001783-1,2021-04-01,18.0,5.8087938684953615,1,good
9000001783-1,2021-04-02,7.0,29.0322580645162,1,good
9000001783-1,2021-04-02,8.0,37.645236250968296,1,good
9000001783-1,2021-04-02,9.0,18.062524121960635,1,good
9000001783-1,2021-04-02,10.0,18.69756292449057,1,good
9000001783-1,2021-04-02,11.0,5.78081091930951,1,good
9000001783-1,2021-04-02,14.0,1.80451127819549,1,good
9000001783-1,2021-04-02,15.0,7.15137067938021,1,good
9000001783-1,2021-04-02,16.0,11.33858267716535,1,good
9000001783-1,2021-04-02,17.0,20.881670533642648,1,good
9000001783-1,2021-04-02,18.0,20.501138952163977,1,good
9000001783-1,2021-04-03,7.0,3.8946988820771695,0,bad
9000001783-1,2021-04-03,8.0,8.13559322033898,0,bad
9000001783-1,2021-04-03,9.0,6.97944939899186,0,bad
9000001783-1,2021-04-03,10.0,8.20980615735462,0,bad
9000001783-1,2021-04-03,11.0,10.99956350938455,0,bad
9000001783-1,2021-04-03,12.0,2.77992277992278,0,bad
9000001783-1,2021-04-03,13.0,2.80155642023346,0,bad
9000001783-1,2021-04-03,15.0,1.3683010262257702,0,bad
9000001783-1,2021-04-03,16.0,6.78733031674208,0,bad
9000001783-1,2021-04-03,17.0,19.57340025094104,0,bad
9000001783-1,2021-04-03,18.0,5.8181818181818095,0,bad
9000001783-1,2021-04-04,7.0,8.955223880597021,0,good
9000001783-1,2021-04-04,8.0,10.7784431137725,0,good
9000001783-1,2021-04-04,10.0,4.081632653061219,0,good
9000001783-1,2021-04-04,11.0,6.95249130938587,0,good
9000001783-1,2021-04-04,13.0,1.35593220338983,0,good
9000001783-1,2021-04-04,15.0,7.563025210084032,0,good
9000001783-1,2021-04-04,16.0,6.15647712697734,0,good
9000001783-1,2021-04-04,17.0,15.6144578313253,0,good
9000001783-1,2021-04-04,18.0,17.8291374329344,0,good
9000001783-1,2021-04-05,8.0,9.534619750283762,1,bad
9000001783-1,2021-04-05,11.0,3.9560439560439598,1,bad
9000001783-1,2021-04-05,16.0,2.74494853221502,1,bad
9000001783-1,2021-04-05,17.0,13.62088535754825,1,bad
9000001783-1,2021-04-05,18.0,13.167520117044631,1,bad
9000001783-1,2021-04-06,10.0,1.4729950900163702,1,bad
9000001783-1,2021-04-06,12.0,1.38781804163454,1,bad
9000001783-1,2021-04-06,13.0,2.75439938791125,1,bad
9000001783-1,2021-04-06,14.0,2.82907662082515,1,bad
9000001783-1,2021-04-06,15.0,2.89272800321414,1,bad
9000001783-1,2021-04-06,17.0,1.45102781136638,1,bad
9000001783-1,2021-04-07,7.0,1.4888337468982602,1,bad
9000001783-1,2021-04-07,8.0,2.67459138187221,1,bad
9000001783-1,2021-04-07,9.0,8.086858854361669,1,bad
9000001783-1,2021-04-07,14.0,5.59223300970873,1,bad
9000001783-1,2021-04-07,15.0,2.8594122319301003,1,bad
9000001783-1,2021-04-07,16.0,8.434205388520109,1,bad
9000001783-1,2021-04-07,17.0,5.559845559845559,1,bad
9000001783-1,2021-04-07,18.0,8.64,1,bad
9000001783-1,2021-04-07,19.0,3.949533735600661,1,bad
9000001783-1,2021-04-08,7.0,26.77103718199612,1,bad
9000001783-1,2021-04-08,8.0,58.44155844155846,1,bad
9000001783-1,2021-04-08,9.0,11.97149643705459,1,bad
9000001783-1,2021-04-08,15.0,1.52736529486636,1,bad
9000001783-1,2021-04-08,16.0,10.86675291073738,1,bad
9000001783-1,2021-04-08,17.0,85.7617728531856,1,bad
9000001783-1,2021-04-08,18.0,40.1069518716578,1,bad
9000001783-1,2021-04-09,7.0,35.44702638834187,1,good
9000001783-1,2021-04-09,8.0,88.34355828220859,1,good
9000001783-1,2021-04-09,9.0,15.184049079754619,1,good
9000001783-1,2021-04-09,10.0,1.39480821387059,1,good
9000001783-1,2021-04-09,12.0,1.95971692977681,1,good
9000001783-1,2021-04-09,16.0,12.93929712460066,1,good
9000001783-1,2021-04-09,17.0,67.59183673469387,1,good
9000001783-1,2021-04-09,18.0,19.047619047619023,1,good
9000001783-1,2021-04-10,7.0,21.857142857142904,0,good
9000001783-1,2021-04-10,8.0,14.27027027027029,0,good
9000001783-1,2021-04-10,9.0,7.83460282916214,0,good
9000001783-1,2021-04-10,10.0,4.02384500745156,0,good
9000001783-1,2021-04-10,12.0,5.28117359413203,0,good
9000001783-1,2021-04-10,16.0,10.2397399431126,0,good
9000001783-1,2021-04-10,17.0,62.353540499235905,0,good
9000001783-1,2021-04-10,18.0,17.076326002587372,0,good
9000001783-1,2021-04-11,8.0,1.2875536480686698,0,bad
9000001783-1,2021-04-11,9.0,1.30482058716926,0,bad
9000001783-1,2021-04-11,10.0,2.68356317554976,0,bad
9000001783-1,2021-04-11,11.0,2.65682656826568,0,bad
9000001783-1,2021-04-11,12.0,1.31434830230011,0,bad
9000001783-1,2021-04-11,14.0,1.3235294117647098,0,bad
9000001783-1,2021-04-11,16.0,1.33432171979244,0,bad
9000001783-1,2021-04-11,17.0,2.7098231087692897,0,bad
9000001783-1,2021-04-12,8.0,24.5524296675192,1,bad
9000001783-1,2021-04-12,9.0,117.1764705882354,1,bad
9000001783-1,2021-04-12,10.0,91.81575942139321,1,bad
9000001783-1,2021-04-12,11.0,94.3410558298518,1,bad
9000001783-1,2021-04-12,12.0,77.50865051903119,1,bad
9000001783-1,2021-04-12,13.0,82.85385500575372,1,bad
9000001783-1,2021-04-12,14.0,75.55382821609021,1,bad
9000001783-1,2021-04-12,15.0,67.69745089845391,1,bad
9000001783-1,2021-04-12,16.0,41.116751269035554,1,bad
9000001783-1,2021-04-12,17.0,119.26040061633282,1,bad
9000001783-1,2021-04-12,18.0,88.70356330553449,1,bad
9000001783-1,2021-04-13,8.0,177.23076923076928,1,bad
9000001783-1,2021-04-13,9.0,130.715079659133,1,bad
9000001783-1,2021-04-13,10.0,96.2852897473997,1,bad
9000001783-1,2021-04-13,11.0,94.3466866342195,1,bad
9000001783-1,2021-04-13,12.0,117.98780487804889,1,bad
9000001783-1,2021-04-13,13.0,155.0304878048781,1,bad
9000001783-1,2021-04-13,14.0,156.46045418950672,1,bad
9000001783-1,2021-04-13,15.0,172.2488038277508,1,bad
9000001783-1,2021-04-13,16.0,194.5172824791417,1,bad
9000001783-1,2021-04-13,17.0,130.80788558175567,1,bad
9000001783-1,2021-04-13,18.0,97.81132075471689,1,bad
9000001783-1,2021-04-14,7.0,209.7222222222219,1,good
9000001783-1,2021-04-14,8.0,345.9023011707707,1,good
9000001783-1,2021-04-14,9.0,318.139534883721,1,good
9000001783-1,2021-04-14,10.0,182.6189539913496,1,good
9000001783-1,2021-04-14,11.0,136.0765550239235,1,good
9000001783-1,2021-04-14,13.0,65.69343065693428,1,good
9000001783-1,2021-04-14,14.0,87.202260799354,1,good
9000001783-1,2021-04-14,15.0,96.47390691114252,1,good
9000001783-1,2021-04-14,16.0,97.42071881606769,1,good
9000001783-1,2021-04-14,17.0,67.31707317073166,1,good
9000001783-1,2021-04-14,18.0,139.73589435774278,1,good
9000001783-1,2021-04-14,19.0,144.31202600216696,1,good
9000001783-1,2021-04-15,7.0,193.67556468172472,1,good
9000001783-1,2021-04-15,8.0,307.692307692307,1,good
9000001783-1,2021-04-15,9.0,344.665314401621,1,good
9000001783-1,2021-04-15,10.0,257.9483163664844,1,good
9000001783-1,2021-04-15,11.0,135.785007072136,1,good
9000001783-1,2021-04-15,13.0,149.0297542043987,1,good
9000001783-1,2021-04-15,14.0,26.7724343083788,1,good
9000001783-1,2021-04-15,16.0,63.157894736841996,1,good
9000001783-1,2021-04-15,17.0,38.613861386138595,1,good
9000001783-1,2021-04-15,18.0,23.95740905057672,1,good
9000001783-1,2021-04-15,19.0,34.64711274060498,1,good
9000001783-1,2021-04-16,7.0,216.8316831683174,1,good
9000001783-1,2021-04-16,8.0,316.631929970822,1,good
9000001783-1,2021-04-16,9.0,314.634146341464,1,good
9000001783-1,2021-04-16,10.0,293.8491295938109,1,good
9000001783-1,2021-04-16,11.0,152.804446690248,1,good
9000001783-1,2021-04-16,12.0,63.576158940397406,1,good
9000001783-1,2021-04-16,16.0,66.9839896148853,1,good
9000001783-1,2021-04-16,17.0,65.34653465346541,1,good
9000001783-1,2021-04-16,18.0,22.89868241708318,1,good
9000001783-1,2021-04-16,19.0,30.386494891159472,1,good
9000001783-1,2021-04-17,7.0,68.11852909675122,0,good
9000001783-1,2021-04-17,8.0,116.25403659849239,0,good
9000001783-1,2021-04-17,9.0,140.58394160583947,0,good
9000001783-1,2021-04-17,10.0,149.6746203904556,0,good
9000001783-1,2021-04-17,16.0,35.9531046461138,0,good
9000001783-1,2021-04-17,17.0,36.18090452261303,0,good
9000001783-1,2021-04-17,18.0,29.92874109263653,0,good
9000001783-1,2021-04-17,19.0,23.6013986013986,0,good
9000001783-1,2021-04-18,7.0,19.11504424778762,0,bad
9000001783-1,2021-04-18,8.0,40.9527195165304,0,bad
9000001783-1,2021-04-18,9.0,47.554444841128145,0,bad
9000001783-1,2021-04-18,10.0,38.62660944206005,0,bad
9000001783-1,2021-04-18,11.0,61.729295877416995,0,bad
9000001783-1,2021-04-18,12.0,64.40306681270545,0,bad
9000001783-1,2021-04-18,13.0,44.25162689804767,0,bad
9000001783-1,2021-04-18,14.0,36.5349764407394,0,bad
9000001783-1,2021-04-18,15.0,37.140751658069306,0,bad
9000001783-1,2021-04-18,16.0,27.54098360655743,0,bad
9000001783-1,2021-04-18,17.0,28.539071347678384,0,bad
9000001783-1,2021-04-18,18.0,34.39911797133403,0,bad
9000001783-1,2021-04-18,19.0,45.63894523326573,0,bad
9000001783-1,2021-04-19,7.0,147.60147601476,1,bad
9000001783-1,2021-04-19,8.0,330.3152789005656,1,bad
9000001783-1,2021-04-19,9.0,310.7715813598175,1,bad
9000001783-1,2021-04-19,10.0,215.3142857142857,1,bad
9000001783-1,2021-04-19,11.0,99.7442455242967,1,bad
9000001783-1,2021-04-19,13.0,86.42659279778391,1,bad
9000001783-1,2021-04-19,14.0,138.06185567010272,1,bad
9000001783-1,2021-04-19,15.0,106.66666666666667,1,bad
9000001783-1,2021-04-19,16.0,81.3475760065736,1,bad
9000001783-1,2021-04-19,17.0,41.593625498007995,1,bad
9000001783-1,2021-04-19,18.0,95.135963232478,1,bad
9000001783-1,2021-04-20,7.0,194.173228346457,1,bad
9000001783-1,2021-04-20,8.0,163.89776357827498,1,bad
9000001783-1,2021-04-20,9.0,180.3163444639722,1,bad
9000001783-1,2021-04-20,13.0,82.8997867803837,1,bad
9000001783-1,2021-04-20,15.0,227.0676691729324,1,bad
9000001783-1,2021-04-20,16.0,132.40702901512032,1,bad
9000001783-1,2021-04-20,17.0,55.615866388309,1,bad
9000001783-1,2021-04-20,18.0,29.42779291553131,1,bad
9000001783-1,2021-04-20,19.0,85.02741459299875,1,bad
9000001783-1,2021-04-21,6.0,165.3061224489794,1,bad
9000001783-1,2021-04-21,7.0,168.7278456085074,1,bad
9000001783-1,2021-04-21,8.0,307.53768844221065,1,bad
9000001783-1,2021-04-21,9.0,318.3673469387761,1,bad
9000001783-1,2021-04-21,10.0,244.2042489750283,1,bad
9000001783-1,2021-04-21,11.0,121.3930348258707,1,bad
9000001783-1,2021-04-21,17.0,30.1570680628272,1,bad
9000001783-1,2021-04-21,18.0,19.889502762430958,1,bad
9000001783-1,2021-04-21,19.0,22.94820717131474,1,bad
9000001783-1,2021-04-22,6.0,51.67464114832536,1,good
9000001783-1,2021-04-22,7.0,268.0080482897387,1,good
9000001783-1,2021-04-22,8.0,339.678615574784,1,good
9000001783-1,2021-04-22,9.0,258.1847649918966,1,good
9000001783-1,2021-04-22,10.0,234.42498095963418,1,good
9000001783-1,2021-04-22,11.0,126.1941448382127,1,good
9000001783-1,2021-04-22,12.0,52.13414634146339,1,good
9000001783-1,2021-04-22,15.0,77.1061399333651,1,good
9000001783-1,2021-04-22,16.0,81.6194331983806,1,good
9000001783-1,2021-04-22,17.0,54.81481481481483,1,good
9000001783-1,2021-04-22,18.0,32.5862068965517,1,good
9000001783-1,2021-04-22,19.0,39.084916634354364,1,good
9000001783-1,2021-04-23,6.0,78.2978723404255,1,good
9000001783-1,2021-04-23,7.0,221.90812720848132,1,good
9000001783-1,2021-04-23,8.0,317.5609756097569,1,good
9000001783-1,2021-04-23,9.0,238.5454545454551,1,good
9000001783-1,2021-04-23,18.0,21.03370786516858,1,good
9000001783-1,2021-04-23,19.0,39.25233644859812,1,good
9000001783-1,2021-04-24,6.0,5.56844547563805,0,good
9000001783-1,2021-04-24,7.0,82.2099447513812,0,good
9000001783-1,2021-04-24,8.0,187.8378378378381,0,good
9000001783-1,2021-04-24,9.0,213.754227733935,0,good
9000001783-1,2021-04-24,10.0,224.75211164157224,0,good
9000001783-1,2021-04-24,11.0,108.84658454647251,0,good
9000001783-1,2021-04-24,12.0,70.4024069198947,0,good
9000001783-1,2021-04-24,13.0,28.361344537815143,0,good
9000001783-1,2021-04-24,18.0,16.092981671882,0,good
9000001783-1,2021-04-24,19.0,41.25286478227661,0,good
9000001783-1,2021-04-25,6.0,3.80952380952381,0,good
9000001783-1,2021-04-25,7.0,21.85714285714284,0,good
9000001783-1,2021-04-25,8.0,71.89542483660139,0,good
9000001783-1,2021-04-25,9.0,106.91778341180732,0,good
9000001783-1,2021-04-25,12.0,13.032984714400648,0,good
9000001783-1,2021-04-25,18.0,16.18308132407025,0,good
9000001783-1,2021-04-25,19.0,28.506787330316776,0,good
9000001783-1,2021-04-26,6.0,104.15094339622661,1,bad
9000001783-1,2021-04-26,7.0,121.4232765011118,1,bad
9000001783-1,2021-04-26,8.0,153.0139103554866,1,bad
9000001783-1,2021-04-26,9.0,170.5191360363774,1,bad
9000001783-1,2021-04-26,10.0,131.0371819960858,1,bad
9000001783-1,2021-04-26,11.0,106.93069306930673,1,bad
9000001783-1,2021-04-26,12.0,95.9073359073359,1,bad
9000001783-1,2021-04-26,13.0,119.81424148606798,1,bad
9000001783-1,2021-04-26,14.0,103.3622969399319,1,bad
9000001783-1,2021-04-26,15.0,78.89273356401388,1,bad
9000001783-1,2021-04-26,16.0,79.3810444874275,1,bad
9000001783-1,2021-04-26,17.0,87.90537962609689,1,bad
9000001783-1,2021-04-26,18.0,92.20338983050834,1,bad
9000001783-1,2021-04-26,19.0,59.121171770972,1,bad
9000001783-1,2021-04-27,7.0,26.3888888888889,1,bad
9000001783-1,2021-04-27,8.0,30.7036247334754,1,bad
9000001783-1,2021-04-27,9.0,47.368421052631625,1,bad
9000001783-1,2021-04-27,10.0,65.43075245365316,1,bad
9000001783-1,2021-04-27,11.0,64.61538461538461,1,bad
9000001783-1,2021-04-27,12.0,60.52631578947369,1,bad
9000001783-1,2021-04-27,13.0,58.000732332478975,1,bad
9000001783-1,2021-04-27,14.0,80.6873365707882,1,bad
9000001783-1,2021-04-27,15.0,62.18302094818082,1,bad
9000001783-1,2021-04-27,16.0,93.92471114424148,1,bad
9000001783-1,2021-04-27,17.0,79.00512070226765,1,bad
9000001783-1,2021-04-27,18.0,73.46938775510212,1,bad
9000001783-1,2021-04-27,19.0,45.64183835182248,1,bad
9000001783-1,2021-04-28,6.0,84.9501835343471,1,good
9000001783-1,2021-04-28,7.0,82.3798627002287,1,good
9000001783-1,2021-04-28,8.0,107.25744843391902,1,good
9000001783-1,2021-04-28,9.0,143.4535104364322,1,good
9000001783-1,2021-04-28,10.0,105.31914893617011,1,good
9000001783-1,2021-04-28,11.0,152.34464353793362,1,good
9000001783-1,2021-04-28,12.0,124.62077012835499,1,good
9000001783-1,2021-04-28,13.0,105.3452984783459,1,good
9000001783-1,2021-04-28,14.0,123.59905288082079,1,good
9000001783-1,2021-04-28,15.0,114.9253731343283,1,good
9000001783-1,2021-04-28,16.0,90.60402684563749,1,good
9000001783-1,2021-04-28,17.0,105.26315789473671,1,good
9000001783-1,2021-04-28,18.0,64.35907189045267,1,good
9000001783-1,2021-04-28,19.0,43.77431906614791,1,good
9000001783-1,2021-04-29,7.0,91.4675767918089,1,good
9000001783-1,2021-04-29,8.0,95.03105590062111,1,good
9000001783-1,2021-04-29,9.0,137.2391653290526,1,good
9000001783-1,2021-04-29,10.0,84.5774914740432,1,good
9000001783-1,2021-04-29,11.0,70.6681766704417,1,good
9000001783-1,2021-04-29,12.0,94.6123521681997,1,good
9000001783-1,2021-04-29,13.0,60.53599579611141,1,good
9000001783-1,2021-04-29,14.0,82.4970367443698,1,good
9000001783-1,2021-04-29,15.0,38.96470588235299,1,good
9000001783-1,2021-04-29,16.0,39.0,1,good
9000001783-1,2021-04-29,17.0,42.17102694260051,1,good
9000001783-1,2021-04-29,18.0,74.03958090803259,1,good
9000001783-1,2021-04-29,19.0,35.16483516483517,1,good
9000001783-1,2021-04-30,6.0,85.981308411215,1,bad
9000001783-1,2021-04-30,7.0,134.7670250896056,1,bad
9000001783-1,2021-04-30,8.0,144.24293547026568,1,bad
9000001783-1,2021-04-30,9.0,163.20422535211287,1,bad
9000001783-1,2021-04-30,10.0,137.2262773722625,1,bad
9000001783-1,2021-04-30,11.0,94.60806524694149,1,bad
9000001783-1,2021-04-30,12.0,77.62803234501354,1,bad
9000001783-1,2021-04-30,13.0,90.65800162469537,1,bad
9000001783-1,2021-04-30,14.0,45.093945720250545,1,bad
9000001783-1,2021-04-30,15.0,58.283864004317344,1,bad
9000001783-1,2021-04-30,16.0,23.055809698078733,1,bad
9000001783-1,2021-04-30,17.0,33.067092651757214,1,bad
9000001783-1,2021-04-30,18.0,57.566302652106145,1,bad
9000001783-1,2021-04-30,19.0,40.25344763324635,1,bad
9000001783-1,2021-05-01,6.0,6.40854472630173,0,good
9000001783-1,2021-05-01,7.0,21.45251396648046,0,good
9000001783-1,2021-05-01,8.0,53.888280394304545,0,good
9000001783-1,2021-05-01,9.0,84.91879350348017,0,good
9000001783-1,2021-05-01,10.0,131.0520567892239,0,good
9000001783-1,2021-05-01,11.0,64.4501278772378,0,good
9000001783-1,2021-05-01,13.0,13.30868761552685,0,good
9000001783-1,2021-05-01,14.0,34.310850439882735,0,good
9000001783-1,2021-05-01,15.0,21.209740769835,0,good
9000001783-1,2021-05-01,16.0,28.85496183206104,0,good
9000001783-1,2021-05-01,17.0,19.407008086253317,0,good
9000001783-1,2021-05-01,18.0,25.38975501113582,0,good
9000001783-1,2021-05-01,19.0,33.64485981308413,0,good
9000001783-1,2021-05-02,7.0,15.899889584100109,0,bad
9000001783-1,2021-05-02,8.0,17.04918032786883,0,bad
9000001783-1,2021-05-02,9.0,19.579405366207382,0,bad
9000001783-1,2021-05-02,10.0,34.17305585980291,0,bad
9000001783-1,2021-05-02,11.0,64.023712486106,0,bad
9000001783-1,2021-05-02,12.0,35.82089552238804,0,bad
9000001783-1,2021-05-02,13.0,39.17448405253284,0,bad
9000001783-1,2021-05-02,14.0,51.92307692307698,0,bad
9000001783-1,2021-05-02,15.0,24.333458505444998,0,bad
9000001783-1,2021-05-02,16.0,41.97066566378331,0,bad
9000001783-1,2021-05-02,17.0,45.43429844097994,0,bad
9000001783-1,2021-05-02,18.0,76.70830271858927,0,bad
9000001783-1,2021-05-02,19.0,62.68235294117652,0,bad
9000001783-1,2021-05-03,7.0,133.333333333333,1,good
9000001783-1,2021-05-03,8.0,131.3336035670856,1,good
9000001783-1,2021-05-03,9.0,188.207547169811,1,good
9000001783-1,2021-05-03,10.0,86.3342215454891,1,good
9000001783-1,2021-05-03,11.0,145.60862865947638,1,good
9000001783-1,2021-05-03,17.0,28.021302744776698,1,good
9000001783-1,2021-05-03,18.0,12.8,1,good
9000001783-1,2021-05-03,19.0,20.047732696897363,1,good
9000001783-1,2021-05-04,6.0,178.15249266862128,1,good
9000001783-1,2021-05-04,7.0,208.8,1,good
9000001783-1,2021-05-04,8.0,267.3123486682806,1,good
9000001783-1,2021-05-04,9.0,269.39740055139896,1,good
9000001783-1,2021-05-04,10.0,199.92495309568528,1,good
9000001783-1,2021-05-04,11.0,123.8750661725781,1,good
9000001783-1,2021-05-04,18.0,20.42776080314272,1,good
9000001783-1,2021-05-04,19.0,20.64220183486243,1,good
9000001783-1,2021-05-05,6.0,70.4858593183466,1,bad
9000001783-1,2021-05-05,7.0,170.2605210420849,1,bad
9000001783-1,2021-05-05,8.0,148.9013356311939,1,bad
9000001783-1,2021-05-05,9.0,205.5060728744934,1,bad
9000001783-1,2021-05-05,10.0,92.9782082324455,1,bad
9000001783-1,2021-05-05,11.0,26.387434554973797,1,bad
9000001783-1,2021-05-05,12.0,45.70848146267143,1,bad
9000001783-1,2021-05-05,13.0,136.18157543391152,1,bad
9000001783-1,2021-05-05,14.0,98.22433954092679,1,bad
9000001783-1,2021-05-05,15.0,77.720207253886,1,bad
9000001783-1,2021-05-05,16.0,42.76622825625793,1,bad
9000001783-1,2021-05-05,17.0,75.31380753138077,1,bad
9000001783-1,2021-05-05,18.0,44.10413476263395,1,bad
9000001783-1,2021-05-05,19.0,18.036072144288607,1,bad
9000001783-1,2021-05-06,7.0,128.0575539568345,1,bad
9000001783-1,2021-05-06,8.0,75.92518901711101,1,bad
9000001783-1,2021-05-06,9.0,128.5714285714283,1,bad
9000001783-1,2021-05-06,10.0,91.9557758292032,1,bad
9000001783-1,2021-05-06,11.0,93.28621908127211,1,bad
9000001783-1,2021-05-06,12.0,139.07444668008011,1,bad
9000001783-1,2021-05-06,13.0,148.1191222570535,1,bad
9000001783-1,2021-05-06,14.0,88.7959866220737,1,bad
9000001783-1,2021-05-06,15.0,88.27135267674701,1,bad
9000001783-1,2021-05-06,16.0,34.797891036906805,1,bad
9000001783-1,2021-05-06,17.0,115.5833985904463,1,bad
9000001783-1,2021-05-06,18.0,60.61997703788751,1,bad
9000001783-1,2021-05-06,19.0,57.34974656046337,1,bad
9000001783-1,2021-05-07,6.0,114.67741935483869,1,bad
9000001783-1,2021-05-07,7.0,176.866537717602,1,bad
9000001783-1,2021-05-07,8.0,141.9354838709672,1,bad
9000001783-1,2021-05-07,9.0,93.8650306748466,1,bad
9000001783-1,2021-05-07,10.0,97.4477958236658,1,bad
9000001783-1,2021-05-07,11.0,89.1017964071856,1,bad
9000001783-1,2021-05-07,12.0,96.54611946363269,1,bad
9000001783-2,2021-03-16,15.0,1127.31006160164,1,good
9000001783-2,2021-03-16,16.0,613.207547169811,1,good
9000001783-2,2021-03-16,17.0,706.685633001416,1,good
9000001783-2,2021-03-17,6.0,479.423076923076,1,bad
9000001783-2,2021-03-17,7.0,440.518638573743,1,bad
9000001783-2,2021-03-17,10.0,563.596966413869,1,bad
9000001783-2,2021-03-17,12.0,492.71523178807996,1,bad
9000001783-2,2021-03-17,14.0,606.114961271916,1,bad
9000001783-2,2021-03-17,15.0,583.223684210525,1,bad
9000001783-2,2021-03-17,16.0,458.019801980201,1,bad
9000001783-2,2021-03-17,17.0,1202.6726057906599,1,bad
9000001783-2,2021-03-18,6.0,1090.0862068965598,1,bad
9000001783-2,2021-03-18,7.0,898.067840274785,1,bad
9000001783-2,2021-03-18,8.0,561.987577639751,1,bad
9000001783-2,2021-03-18,9.0,881.950452221792,1,bad
9000001783-2,2021-03-18,10.0,959.2386994448959,1,bad
9000001783-2,2021-03-18,11.0,807.10156895127,1,bad
9000001783-2,2021-03-18,12.0,1159.55056179776,1,bad
9000001783-2,2021-03-18,13.0,1033.90441839495,1,bad
9000001783-2,2021-03-18,14.0,1173.01654645737,1,bad
9000001783-2,2021-03-18,15.0,953.366027641558,1,bad
9000001783-2,2021-03-18,16.0,785.662431941932,1,bad
9000001783-2,2021-03-18,17.0,1029.21161825727,1,bad
9000001783-2,2021-03-19,6.0,740.772999455636,1,bad
9000001783-2,2021-03-19,7.0,818.113834648943,1,bad
9000001783-2,2021-03-19,8.0,540.823970037459,1,bad
9000001783-2,2021-03-19,9.0,820.344413295948,1,bad
9000001783-2,2021-03-19,10.0,1043.26530612245,1,bad
9000001783-2,2021-03-19,11.0,1073.1343283582198,1,bad
9000001783-2,2021-03-19,12.0,1221.78134233856,1,bad
9000001783-2,2021-03-19,13.0,1115.3374233129,1,bad
9000001783-2,2021-03-19,14.0,1232.2147651006599,1,bad
9000001783-2,2021-03-19,15.0,580.990099009903,1,bad
9000001783-2,2021-03-19,16.0,969.3548387096832,1,bad
9000001783-2,2021-03-19,17.0,1198.5559566787101,1,bad
9000001783-2,2021-03-20,7.0,418.0897250361831,0,bad
9000001783-2,2021-03-20,8.0,463.999999999998,0,bad
9000001783-2,2021-03-20,9.0,747.400150715896,0,bad
9000001783-2,2021-03-20,10.0,821.29277566541,0,bad
9000001783-2,2021-03-20,11.0,988.6153846153708,0,bad
9000001783-2,2021-03-20,12.0,924.399690162674,0,bad
9000001783-2,2021-03-20,13.0,1067.26862302484,0,bad
9000001783-2,2021-03-20,14.0,686.87028956763,0,bad
9000001783-2,2021-03-20,15.0,799.100112485943,0,bad
9000001783-2,2021-03-20,16.0,821.028218013152,0,bad
9000001783-2,2021-03-20,17.0,826.586102719026,0,bad
9000001783-2,2021-03-21,6.0,84.1726618705036,0,bad
9000001783-2,2021-03-21,7.0,107.32425469267599,0,bad
9000001783-2,2021-03-21,8.0,159.970620639001,0,bad
9000001783-2,2021-03-21,9.0,278.73500545256303,0,bad
9000001783-2,2021-03-21,10.0,405.7458563535889,0,bad
9000001783-2,2021-03-21,11.0,526.346647123491,0,bad
9000001783-2,2021-03-21,12.0,586.766355140187,0,bad
9000001783-2,2021-03-21,13.0,626.203807390821,0,bad
9000001783-2,2021-03-21,14.0,662.147753236858,0,bad
9000001783-2,2021-03-21,15.0,681.727574750833,0,bad
9000001783-2,2021-03-21,16.0,705.0167224080278,0,bad
9000001783-2,2021-03-21,17.0,744.780114722748,0,bad
9000001783-2,2021-03-22,6.0,843.7500000000031,1,good
9000001783-2,2021-03-22,7.0,887.0667793744659,1,good
9000001783-2,2021-03-22,8.0,541.25874125874,1,good
9000001783-2,2021-03-22,9.0,792.118226600976,1,good
9000001783-2,2021-03-22,10.0,891.3875598086211,1,good
9000001783-2,2021-03-22,11.0,1085.9684593611,1,good
9000001783-2,2021-03-22,12.0,1158.57142857143,1,good
9000001783-2,2021-03-22,13.0,1130.35066505443,1,good
9000001783-2,2021-03-22,14.0,1109.34393638171,1,good
9000001783-2,2021-03-22,15.0,1169.32569413839,1,good
9000001783-2,2021-03-22,16.0,998.345668262958,1,good
9000001783-2,2021-03-22,17.0,968.9345314505881,1,good
9000001783-2,2021-03-23,6.0,541.508601676224,1,good
9000001783-2,2021-03-23,7.0,554.557124518613,1,good
9000001783-2,2021-03-23,8.0,611.320754716979,1,good
9000001783-2,2021-03-23,9.0,781.6818002368781,1,good
9000001783-2,2021-03-23,10.0,983.3528722156972,1,good
9000001783-2,2021-03-23,11.0,1042.3288749016401,1,good
9000001783-2,2021-03-23,12.0,1194.74605954467,1,good
9000001783-2,2021-03-23,14.0,1274.58208315476,1,good
9000001783-2,2021-03-23,15.0,1163.6018957346,1,good
9000001783-2,2021-03-23,16.0,993.855473820843,1,good
9000001783-2,2021-03-23,17.0,935.445205479448,1,good
9000001783-2,2021-03-24,6.0,554.972273567465,1,good
9000001783-2,2021-03-24,7.0,538.922155688624,1,good
9000001783-2,2021-03-24,8.0,531.8352059925151,1,good
9000001783-2,2021-03-24,9.0,861.464585834327,1,good
9000001783-2,2021-03-24,10.0,1033.86075949368,1,good
9000001783-2,2021-03-24,11.0,1015.8628935830901,1,good
9000001783-2,2021-03-24,12.0,1189.7934386391498,1,good
9000001783-2,2021-03-24,13.0,1287.39770867432,1,good
9000001783-2,2021-03-24,14.0,1250.17064846417,1,good
9000001783-2,2021-03-24,16.0,596.695042563846,1,good
9000001783-2,2021-03-24,17.0,604.663212435234,1,good
9000001783-2,2021-03-25,6.0,617.40727139185,1,good
9000001783-2,2021-03-25,7.0,652.84164859002,1,good
9000001783-2,2021-03-25,8.0,622.6787181594091,1,good
9000001783-2,2021-03-25,9.0,867.001157854103,1,good
9000001783-2,2021-03-25,10.0,1152.11378901622,1,good
9000001783-2,2021-03-25,11.0,1060.2739726027198,1,good
9000001783-2,2021-03-25,12.0,1167.68488745981,1,good
9000001783-2,2021-03-25,13.0,1300.24937655858,1,good
9000001783-2,2021-03-25,14.0,1302.1276595744698,1,good
9000001783-2,2021-03-25,16.0,841.558441558439,1,good
9000001783-2,2021-03-25,17.0,779.9227799227831,1,good
9000001783-2,2021-03-26,6.0,702.3738872403578,1,good
9000001783-2,2021-03-26,7.0,959.90318676885,1,good
9000001783-2,2021-03-26,8.0,756.375300721726,1,good
9000001783-2,2021-03-26,9.0,685.332144449402,1,good
9000001783-2,2021-03-26,10.0,3.26530612244898,1,good
9000001783-2,2021-03-26,12.0,1.4388489208633102,1,good
9000001783-2,2021-03-26,14.0,1.63413527008625,1,good
9000001783-2,2021-03-26,16.0,55.785123966942216,1,good
9000001783-2,2021-03-26,17.0,70.1583434835566,1,good
9000001783-2,2021-03-27,7.0,13.9978791092259,0,bad
9000001783-2,2021-03-27,8.0,7.92660550458716,0,bad
9000001783-2,2021-03-27,9.0,5.442176870748299,0,bad
9000001783-2,2021-03-27,10.0,9.48795180722892,0,bad
9000001783-2,2021-03-27,11.0,4.05253283302064,0,bad
9000001783-2,2021-03-27,12.0,2.7660391855551296,0,bad
9000001783-2,2021-03-27,13.0,1.3677811550152,0,bad
9000001783-2,2021-03-27,14.0,6.93374422187981,0,bad
9000001783-2,2021-03-27,15.0,1.36467020470053,0,bad
9000001783-2,2021-03-27,16.0,1.37090632140137,0,bad
9000001783-2,2021-03-28,9.0,5.2805280528052805,0,bad
9000001783-2,2021-03-28,10.0,5.47736782046406,0,bad
9000001783-2,2021-03-28,11.0,2.68756998880179,0,bad
9000001783-2,2021-03-28,12.0,1.3564431047475505,0,bad
9000001783-2,2021-03-28,13.0,1.36157337367625,0,bad
9000001783-2,2021-03-28,15.0,1.36882129277567,0,bad
9000001783-2,2021-03-28,16.0,4.041916167664669,0,bad
9000001783-2,2021-03-28,17.0,2.72211720226843,0,bad
9000001783-2,2021-03-28,18.0,2.7314112291350496,0,bad
9000001783-2,2021-03-29,7.0,4.8021342819030695,1,good
9000001783-2,2021-03-29,8.0,10.165389269866882,1,good
9000001783-2,2021-03-29,9.0,4.260355029585799,1,good
9000001783-2,2021-03-29,10.0,1.40679953106682,1,good
9000001783-2,2021-03-29,11.0,2.7993779160186603,1,good
9000001783-2,2021-03-29,16.0,1.6363636363636398,1,good
9000001783-2,2021-03-29,17.0,44.067796610169495,1,good
9000001783-2,2021-03-29,18.0,45.933014354067,1,good
9000001783-2,2021-03-30,8.0,65.56291390728474,1,good
9000001783-2,2021-03-30,9.0,28.24637112593169,1,good
9000001783-2,2021-03-30,10.0,6.990291262135921,1,good
9000001783-2,2021-03-30,11.0,1.46341463414634,1,good
9000001783-2,2021-03-30,12.0,1.48698884758364,1,good
9000001783-2,2021-03-30,13.0,1.5170670037926697,1,good
9000001783-2,2021-03-30,15.0,5.80645161290322,1,good
9000001783-2,2021-03-30,16.0,1.99115044247788,1,good
9000001783-2,2021-03-30,17.0,73.1064763995609,1,good
9000001783-2,2021-03-30,18.0,56.692913385826714,1,good
9000001783-2,2021-03-31,8.0,55.53539019963699,1,good
9000001783-2,2021-03-31,9.0,33.48160129397494,1,good
9000001783-2,2021-03-31,10.0,1.49750415973378,1,good
9000001783-2,2021-03-31,12.0,3.04826418289586,1,good
9000001783-2,2021-03-31,13.0,1.5234870926788,1,good
9000001783-2,2021-03-31,15.0,1.85375901132853,1,good
9000001783-2,2021-03-31,16.0,9.37011972930765,1,good
9000001783-2,2021-03-31,17.0,62.8336755646817,1,good
9000001783-2,2021-03-31,18.0,50.830564784053195,1,good
9000001783-2,2021-04-01,7.0,1.3677811550152,1,good
9000001783-2,2021-04-01,8.0,55.028157683025,1,good
9000001783-2,2021-04-01,9.0,26.196859440827314,1,good
9000001783-2,2021-04-01,10.0,5.51724137931034,1,good
9000001783-2,2021-04-01,11.0,1.44346431435445,1,good
9000001783-2,2021-04-01,12.0,2.8696691909127097,1,good
9000001783-2,2021-04-01,13.0,1.41955835962145,1,good
9000001783-2,2021-04-01,16.0,5.73248407643312,1,good
9000001783-2,2021-04-01,17.0,24.19151616967664,1,good
9000001783-2,2021-04-01,18.0,11.617587736990721,1,good
9000001783-2,2021-04-02,7.0,2.76497695852534,1,good
9000001783-2,2021-04-02,8.0,6.9713400464756,1,good
9000001783-2,2021-04-02,9.0,8.336549594751059,1,good
9000001783-2,2021-04-02,10.0,1.43827407111466,1,good
9000001783-2,2021-04-02,11.0,2.89040545965476,1,good
9000001783-2,2021-04-02,12.0,1.41287284144427,1,good
9000001783-2,2021-04-02,13.0,7.5,1,good
9000001783-2,2021-04-02,15.0,1.4302741358760402,1,good
9000001783-2,2021-04-02,17.0,2.78422273781902,1,good
9000001783-2,2021-04-02,18.0,2.7334851936218705,1,good
9000001783-2,2021-04-03,8.0,2.71186440677966,0,bad
9000001783-2,2021-04-03,9.0,1.39588987979837,0,bad
9000001783-2,2021-04-03,10.0,2.7366020524515404,0,bad
9000001783-2,2021-04-03,11.0,9.42819729375818,0,bad
9000001783-2,2021-04-03,12.0,4.16988416988417,0,bad
9000001783-2,2021-04-03,13.0,4.20233463035019,0,bad
9000001783-2,2021-04-03,16.0,1.35746606334842,0,bad
9000001783-2,2021-04-03,17.0,9.03387703889586,0,bad
9000001783-2,2021-04-03,18.0,23.27272727272723,0,bad
9000001783-2,2021-04-04,8.0,17.5149700598802,0,good
9000001783-2,2021-04-04,9.0,3.95459538630538,0,good
9000001783-2,2021-04-04,10.0,1.36054421768707,0,good
9000001783-2,2021-04-04,15.0,1.5126050420168102,0,good
9000001783-2,2021-04-04,16.0,3.07823856348868,0,good
9000001783-2,2021-04-04,17.0,8.67469879518072,0,good
9000001783-2,2021-04-04,18.0,22.286421791167996,0,good
9000001783-2,2021-04-05,8.0,20.431328036322398,1,bad
9000001783-2,2021-04-05,9.0,2.5908600215905,1,bad
9000001783-2,2021-04-05,10.0,1.28939828080229,1,bad
9000001783-2,2021-04-05,13.0,1.3124316441852,1,bad
9000001783-2,2021-04-05,14.0,2.67657992565056,1,bad
9000001783-2,2021-04-05,15.0,2.7098231087692897,1,bad
9000001783-2,2021-04-05,16.0,1.37247426610751,1,bad
9000001783-2,2021-04-05,17.0,14.98297389330307,1,bad
9000001783-2,2021-04-05,18.0,10.534016093635689,1,bad
9000001783-2,2021-04-06,12.0,1.38781804163454,1,bad
9000001783-2,2021-04-06,13.0,2.75439938791125,1,bad
9000001783-2,2021-04-06,15.0,1.44636400160707,1,bad
9000001783-2,2021-04-06,16.0,2.8639618138424803,1,bad
9000001783-2,2021-04-06,17.0,1.45102781136638,1,bad
9000001783-2,2021-04-06,18.0,13.10149615851193,1,bad
9000001783-2,2021-04-07,7.0,5.95533498759305,1,bad
9000001783-2,2021-04-07,8.0,2.67459138187221,1,bad
9000001783-2,2021-04-07,9.0,2.69561961812055,1,bad
9000001783-2,2021-04-07,10.0,1.39157325086973,1,bad
9000001783-2,2021-04-07,11.0,2.73452335738702,1,bad
9000001783-2,2021-04-07,12.0,5.47112462006079,1,bad
9000001783-2,2021-04-07,13.0,8.362369337979091,1,bad
9000001783-2,2021-04-07,14.0,5.59223300970873,1,bad
9000001783-2,2021-04-07,15.0,1.4297061159650502,1,bad
9000001783-2,2021-04-07,16.0,7.02850449043342,1,bad
9000001783-2,2021-04-07,17.0,19.459459459459453,1,bad
9000001783-2,2021-04-07,18.0,21.6,1,bad
9000001783-2,2021-04-07,19.0,3.949533735600661,1,bad
9000001783-2,2021-04-08,7.0,14.09001956947163,1,bad
9000001783-2,2021-04-08,8.0,89.12337662337667,1,bad
9000001783-2,2021-04-08,9.0,20.522565320665066,1,bad
9000001783-2,2021-04-08,16.0,3.10478654592496,1,bad
9000001783-2,2021-04-08,17.0,37.89473684210522,1,bad
9000001783-2,2021-04-08,18.0,46.524064171123,1,bad
9000001783-2,2021-04-09,7.0,17.014572666404092,1,good
9000001783-2,2021-04-09,8.0,94.2331288343558,1,good
9000001783-2,2021-04-09,9.0,34.50920245398777,1,good
9000001783-2,2021-04-09,10.0,6.97404106935296,1,good
9000001783-2,2021-04-09,12.0,9.79858464888405,1,good
9000001783-2,2021-04-09,15.0,3.5573122529644303,1,good
9000001783-2,2021-04-09,16.0,7.1884984025559095,1,good
9000001783-2,2021-04-09,17.0,33.795918367347,1,good
9000001783-2,2021-04-09,18.0,19.04761904761907,1,good
9000001783-2,2021-04-10,7.0,2.57142857142857,0,good
9000001783-2,2021-04-10,8.0,27.243243243243292,0,good
9000001783-2,2021-04-10,9.0,3.91730141458107,0,good
9000001783-2,2021-04-10,10.0,4.02384500745156,0,good
9000001783-2,2021-04-10,11.0,6.67408231368187,0,good
9000001783-2,2021-04-10,16.0,1.46281999187322,0,good
9000001783-2,2021-04-10,17.0,45.84819154355572,0,good
9000001783-2,2021-04-10,18.0,45.019404915912105,0,good
9000001783-2,2021-04-11,8.0,1.2875536480686698,0,bad
9000001783-2,2021-04-11,9.0,3.9144617615077895,0,bad
9000001783-2,2021-04-11,10.0,2.68356317554976,0,bad
9000001783-2,2021-04-11,11.0,2.65682656826568,0,bad
9000001783-2,2021-04-11,13.0,1.32401618242001,0,bad
9000001783-2,2021-04-11,14.0,7.94117647058823,0,bad
9000001783-2,2021-04-11,15.0,14.732142857142852,0,bad
9000001783-2,2021-04-11,16.0,4.00296515937732,0,bad
9000001783-2,2021-04-11,17.0,2.70982310876928,0,bad
9000001783-2,2021-04-11,18.0,9.53822861468584,0,bad
9000001783-2,2021-04-12,8.0,15.345268542199499,1,bad
9000001783-2,2021-04-12,9.0,35.294117647058776,1,bad
9000001783-2,2021-04-12,10.0,23.2965359725923,1,bad
9000001783-2,2021-04-12,11.0,30.0797569312571,1,bad
9000001783-2,2021-04-12,12.0,33.2179930795848,1,bad
9000001783-2,2021-04-12,13.0,40.046029919447605,1,bad
9000001783-2,2021-04-12,14.0,37.7769141080451,1,bad
9000001783-2,2021-04-12,15.0,42.122858336815696,1,bad
9000001783-2,2021-04-12,16.0,50.253807106599,1,bad
9000001783-2,2021-04-12,17.0,37.442218798150996,1,bad
9000001783-2,2021-04-12,18.0,38.2107657316149,1,bad
9000001783-2,2021-04-13,8.0,38.769230769230695,1,bad
9000001783-2,2021-04-13,9.0,28.0103742126713,1,bad
9000001783-2,2021-04-13,10.0,36.1069836552749,1,bad
9000001783-2,2021-04-13,11.0,30.999625608386403,1,bad
9000001783-2,2021-04-13,12.0,31.554878048780395,1,bad
9000001783-2,2021-04-13,13.0,42.53048780487801,1,bad
9000001783-2,2021-04-13,14.0,45.105716523101,1,bad
9000001783-2,2021-04-13,15.0,74.64114832535881,1,bad
9000001783-2,2021-04-13,16.0,40.047675804529206,1,bad
9000001783-2,2021-04-13,17.0,27.831465017394695,1,bad
9000001783-2,2021-04-13,18.0,25.811320754717002,1,bad
9000001783-2,2021-04-14,7.0,25.0,1,good
9000001783-2,2021-04-14,8.0,104.6427129592248,1,good
9000001783-2,2021-04-14,9.0,117.2093023255814,1,good
9000001783-2,2021-04-14,10.0,38.22257176563113,1,good
9000001783-2,2021-04-14,11.0,15.50239234449764,1,good
9000001783-2,2021-04-14,13.0,18.978102189781005,1,good
9000001783-2,2021-04-14,14.0,13.08033911990311,1,good
9000001783-2,2021-04-14,15.0,23.695345557122714,1,good
9000001783-2,2021-04-14,16.0,9.13319238900634,1,good
9000001783-2,2021-04-14,17.0,121.46341463414637,1,good
9000001783-2,2021-04-14,18.0,27.3709483793518,1,good
9000001783-2,2021-04-14,19.0,11.70097508125677,1,good
9000001783-2,2021-04-15,7.0,103.4907597535935,1,good
9000001783-2,2021-04-15,8.0,464.615384615386,1,good
9000001783-2,2021-04-15,9.0,108.07302231237321,1,good
9000001783-2,2021-04-15,10.0,22.552858261550607,1,good
9000001783-2,2021-04-15,11.0,18.6704384724187,1,good
9000001783-2,2021-04-15,13.0,13.971539456662352,1,good
9000001783-2,2021-04-15,14.0,24.98760535448684,1,good
9000001783-2,2021-04-15,16.0,16.944801026957634,1,good
9000001783-2,2021-04-15,17.0,41.58415841584163,1,good
9000001783-2,2021-04-15,18.0,23.9574090505768,1,good
9000001783-2,2021-04-15,19.0,11.549037580201649,1,good
9000001783-2,2021-04-16,7.0,144.0594059405942,1,good
9000001783-2,2021-04-16,8.0,439.683201333891,1,good
9000001783-2,2021-04-16,9.0,147.8048780487805,1,good
9000001783-2,2021-04-16,10.0,19.497098646034807,1,good
9000001783-2,2021-04-16,11.0,20.01010611419906,1,good
9000001783-2,2021-04-16,12.0,19.0728476821192,1,good
9000001783-2,2021-04-16,16.0,37.3864128083081,1,good
9000001783-2,2021-04-16,17.0,147.0297029702968,1,good
9000001783-2,2021-04-16,18.0,9.81372103589278,1,good
9000001783-2,2021-04-16,19.0,17.59218125277655,1,good
9000001783-2,2021-04-17,7.0,5.14102106390575,0,good
9000001783-2,2021-04-17,8.0,3.8751345532831,0,good
9000001783-2,2021-04-17,9.0,6.569343065693429,0,good
9000001783-2,2021-04-17,10.0,3.90455531453362,0,good
9000001783-2,2021-04-17,16.0,12.505427702996112,0,good
9000001783-2,2021-04-17,17.0,44.53034402783143,0,good
9000001783-2,2021-04-17,18.0,2.85035629453682,0,good
9000001783-2,2021-04-17,19.0,7.86713286713287,0,good
9000001783-2,2021-04-18,7.0,3.82300884955752,0,bad
9000001783-2,2021-04-18,8.0,7.67863490934945,0,bad
9000001783-2,2021-04-18,9.0,3.85576579792931,0,bad
9000001783-2,2021-04-18,11.0,3.94016782196279,0,bad
9000001783-2,2021-04-18,12.0,5.25739320920044,0,bad
9000001783-2,2021-04-18,13.0,6.50759219088937,0,bad
9000001783-2,2021-04-18,14.0,6.524102935846319,0,bad
9000001783-2,2021-04-18,15.0,11.93809874723655,0,bad
9000001783-2,2021-04-18,16.0,5.24590163934427,0,bad
9000001783-2,2021-04-18,17.0,4.0770101925254805,0,bad
9000001783-2,2021-04-18,19.0,5.47667342799189,0,bad
9000001783-2,2021-04-19,7.0,73.80073800738,1,bad
9000001783-2,2021-04-19,8.0,167.34033953112382,1,bad
9000001783-2,2021-04-19,9.0,31.62719633307866,1,bad
9000001783-2,2021-04-19,10.0,9.6,1,bad
9000001783-2,2021-04-19,11.0,13.81074168797955,1,bad
9000001783-2,2021-04-19,13.0,21.606648199445928,1,bad
9000001783-2,2021-04-19,14.0,23.752577319587658,1,bad
9000001783-2,2021-04-19,15.0,26.6666666666666,1,bad
9000001783-2,2021-04-19,16.0,13.311421528348397,1,bad
9000001783-2,2021-04-19,17.0,12.908366533864552,1,bad
9000001783-2,2021-04-19,18.0,20.68173113749524,1,bad
9000001783-2,2021-04-20,7.0,15.59055118110236,1,bad
9000001783-2,2021-04-20,8.0,7.18849840255591,1,bad
9000001783-2,2021-04-20,9.0,12.65377855887522,1,bad
9000001783-2,2021-04-20,13.0,16.88699360341151,1,bad
9000001783-2,2021-04-20,15.0,69.1729323308271,1,bad
9000001783-2,2021-04-20,16.0,80.9154066203515,1,bad
9000001783-2,2021-04-20,17.0,126.26304801670203,1,bad
9000001783-2,2021-04-20,18.0,14.713896457765692,1,bad
9000001783-2,2021-04-20,19.0,30.366933783213856,1,bad
9000001783-2,2021-04-21,6.0,27.55102040816324,1,bad
9000001783-2,2021-04-21,7.0,22.68609688853877,1,bad
9000001783-2,2021-04-21,8.0,242.1337456513336,1,bad
9000001783-2,2021-04-21,9.0,133.33333333333368,1,bad
9000001783-2,2021-04-21,10.0,21.468505404398023,1,bad
9000001783-2,2021-04-21,11.0,25.87064676616916,1,bad
9000001783-2,2021-04-21,17.0,98.0104712041884,1,bad
9000001783-2,2021-04-21,18.0,10.70973225669358,1,bad
9000001783-2,2021-04-21,19.0,17.211155378486012,1,bad
9000001783-2,2021-04-22,6.0,17.22488038277511,1,good
9000001783-2,2021-04-22,7.0,227.4446680080481,1,good
9000001783-2,2021-04-22,8.0,464.27688504326534,1,good
9000001783-2,2021-04-22,9.0,106.4829821717991,1,good
9000001783-2,2021-04-22,10.0,31.53084539223152,1,good
9000001783-2,2021-04-22,11.0,16.64098613251155,1,good
9000001783-2,2021-04-22,12.0,26.0670731707317,1,good
9000001783-2,2021-04-22,15.0,29.12898619704901,1,good
9000001783-2,2021-04-22,16.0,34.97975708502025,1,good
9000001783-2,2021-04-22,17.0,54.81481481481483,1,good
9000001783-2,2021-04-22,18.0,12.41379310344827,1,good
9000001783-2,2021-04-22,19.0,19.54245831717717,1,good
9000001783-2,2021-04-23,6.0,5.1063829787234,1,good
9000001783-2,2021-04-23,7.0,65.017667844523,1,good
9000001783-2,2021-04-23,8.0,273.6585365853669,1,good
9000001783-2,2021-04-23,9.0,97.4545454545454,1,good
9000001783-2,2021-04-23,18.0,16.1797752808989,1,good
9000001783-2,2021-04-23,19.0,22.429906542056024,1,good
9000001783-2,2021-04-24,6.0,33.4106728538283,0,good
9000001783-2,2021-04-24,7.0,104.7513812154696,0,good
9000001783-2,2021-04-24,8.0,266.2162162162171,0,good
9000001783-2,2021-04-24,9.0,68.99661781285232,0,good
9000001783-2,2021-04-24,10.0,21.15313991920673,0,good
9000001783-2,2021-04-24,11.0,32.2508398656215,0,good
9000001783-2,2021-04-24,12.0,24.3700639338097,0,good
9000001783-2,2021-04-24,13.0,7.5630252100840405,0,good
9000001783-2,2021-04-24,18.0,9.65578900312919,0,good
9000001783-2,2021-04-24,19.0,15.126050420168049,0,good
9000001783-2,2021-04-25,6.0,22.8571428571428,0,good
9000001783-2,2021-04-25,7.0,52.714285714285666,0,good
9000001783-2,2021-04-25,8.0,132.0261437908496,0,good
9000001783-2,2021-04-25,9.0,52.15501629844256,0,good
9000001783-2,2021-04-25,12.0,4.344328238133549,0,good
9000001783-2,2021-04-25,18.0,8.8271352676747,0,good
9000001783-2,2021-04-25,19.0,9.50226244343892,0,good
9000001783-2,2021-04-26,6.0,16.603773584905646,1,bad
9000001783-2,2021-04-26,7.0,29.3550778354337,1,bad
9000001783-2,2021-04-26,8.0,176.66151468315326,1,bad
9000001783-2,2021-04-26,9.0,51.837817355058704,1,bad
9000001783-2,2021-04-26,10.0,2.81800391389432,1,bad
9000001783-2,2021-04-26,11.0,13.7090632140137,1,bad
9000001783-2,2021-04-26,12.0,15.28957528957529,1,bad
9000001783-2,2021-04-26,13.0,9.75232198142415,1,bad
9000001783-2,2021-04-26,14.0,14.960332451832258,1,bad
9000001783-2,2021-04-26,15.0,20.76124567474049,1,bad
9000001783-2,2021-04-26,16.0,11.14119922630561,1,bad
9000001783-2,2021-04-26,17.0,9.61465089660435,1,bad
9000001783-2,2021-04-26,18.0,8.13559322033898,1,bad
9000001783-2,2021-04-26,19.0,9.58721704394141,1,bad
9000001783-2,2021-04-27,7.0,5.55555555555556,1,bad
9000001783-2,2021-04-27,8.0,3.83795309168444,1,bad
9000001783-2,2021-04-27,9.0,3.84068278805121,1,bad
9000001783-2,2021-04-27,10.0,2.61723009814613,1,bad
9000001783-2,2021-04-27,11.0,9.23076923076923,1,bad
9000001783-2,2021-04-27,12.0,11.84210526315789,1,bad
9000001783-2,2021-04-27,13.0,6.59099231050897,1,bad
9000001783-2,2021-04-27,14.0,8.06873365707882,1,bad
9000001783-2,2021-04-27,15.0,7.93825799338478,1,bad
9000001783-2,2021-04-27,16.0,2.68356317554976,1,bad
9000001783-2,2021-04-27,17.0,6.5837600585223095,1,bad
9000001783-2,2021-04-27,18.0,5.44217687074829,1,bad
9000001783-2,2021-04-27,19.0,9.50871632329635,1,bad
9000001783-2,2021-04-28,6.0,11.326691137912963,1,good
9000001783-2,2021-04-28,7.0,15.102974828375263,1,good
9000001783-2,2021-04-28,8.0,20.62643239113826,1,good
9000001783-2,2021-04-28,9.0,6.83111954459203,1,good
9000001783-2,2021-04-28,10.0,5.47112462006079,1,good
9000001783-2,2021-04-28,11.0,12.352268394967588,1,good
9000001783-2,2021-04-28,12.0,18.203033838973163,1,good
9000001783-2,2021-04-28,13.0,11.236831837690211,1,good
9000001783-2,2021-04-28,14.0,17.048145224940768,1,good
9000001783-2,2021-04-28,15.0,20.895522388059707,1,good
9000001783-2,2021-04-28,16.0,25.6711409395973,1,good
9000001783-2,2021-04-28,17.0,19.64912280701757,1,good
9000001783-2,2021-04-28,18.0,17.80144541650817,1,good
9000001783-2,2021-04-28,19.0,10.50583657587549,1,good
9000001783-2,2021-04-29,7.0,23.2081911262798,1,good
9000001783-2,2021-04-29,8.0,29.347826086956577,1,good
9000001783-2,2021-04-29,9.0,18.780096308186202,1,good
9000001783-2,2021-04-29,10.0,8.18491852974612,1,good
9000001783-2,2021-04-29,11.0,12.231030577576451,1,good
9000001783-2,2021-04-29,12.0,14.191852825229962,1,good
9000001783-2,2021-04-29,13.0,7.566999474513921,1,good
9000001783-2,2021-04-29,14.0,21.33544053733704,1,good
9000001783-2,2021-04-29,15.0,25.411764705882298,1,good
9000001783-2,2021-04-29,16.0,18.0,1,good
9000001783-2,2021-04-29,17.0,8.434205388520109,1,good
9000001783-2,2021-04-29,18.0,13.969732246798598,1,good
9000001783-2,2021-04-29,19.0,17.58241758241756,1,good
9000001783-2,2021-04-30,6.0,11.214953271028037,1,bad
9000001783-2,2021-04-30,7.0,100.358422939068,1,bad
9000001783-2,2021-04-30,8.0,63.770560944749,1,bad
9000001783-2,2021-04-30,9.0,31.69014084507043,1,bad
9000001783-2,2021-04-30,10.0,20.437956204379546,1,bad
9000001783-2,2021-04-30,11.0,37.5169913910286,1,bad
9000001783-2,2021-04-30,12.0,29.11051212938005,1,bad
9000001783-2,2021-04-30,13.0,33.63119415109668,1,bad
9000001783-2,2021-04-30,14.0,15.031315240083508,1,bad
9000001783-2,2021-04-30,15.0,21.37075013491631,1,bad
9000001783-2,2021-04-30,16.0,16.468435498627592,1,bad
9000001783-2,2021-04-30,17.0,17.25239616613418,1,bad
9000001783-2,2021-04-30,18.0,11.23244929797192,1,bad
9000001783-2,2021-04-30,19.0,16.10137905329854,1,bad
9000001783-2,2021-05-01,6.0,4.806408544726301,0,good
9000001783-2,2021-05-01,7.0,53.631284916201054,0,good
9000001783-2,2021-05-01,8.0,67.03176341730567,0,good
9000001783-2,2021-05-01,9.0,25.058004640371188,0,good
9000001783-2,2021-05-01,10.0,3.9315617036767403,0,good
9000001783-2,2021-05-01,11.0,3.0690537084399,0,good
9000001783-2,2021-05-01,13.0,59.889094269870654,0,good
9000001783-2,2021-05-01,14.0,3.9589442815249196,0,good
9000001783-2,2021-05-01,15.0,19.795758051846008,0,good
9000001783-2,2021-05-01,16.0,15.1145038167939,0,good
9000001783-2,2021-05-01,17.0,18.02079322294954,0,good
9000001783-2,2021-05-01,18.0,13.363028953229401,0,good
9000001783-2,2021-05-01,19.0,2.69158878504673,0,good
9000001783-2,2021-05-02,7.0,14.57489878542512,0,bad
9000001783-2,2021-05-02,8.0,18.3606557377049,0,bad
9000001783-2,2021-05-02,9.0,10.4423495286439,0,bad
9000001783-2,2021-05-02,10.0,6.57174151150055,0,bad
9000001783-2,2021-05-02,11.0,4.00148203038162,0,bad
9000001783-2,2021-05-02,12.0,11.02181400688864,0,bad
9000001783-2,2021-05-02,13.0,6.75422138836773,0,bad
9000001783-2,2021-05-02,14.0,5.76923076923077,0,bad
9000001783-2,2021-05-02,15.0,14.870446864438609,0,bad
9000001783-2,2021-05-02,16.0,9.47724708537044,0,bad
9000001783-2,2021-05-02,17.0,5.345211581291759,0,bad
9000001783-2,2021-05-02,18.0,10.58045554739163,0,bad
9000001783-2,2021-05-02,19.0,1.6941176470588202,0,bad
9000001783-2,2021-05-03,7.0,36.6300366300366,1,good
9000001783-2,2021-05-03,8.0,21.8889339278475,1,good
9000001783-2,2021-05-03,9.0,26.88679245283017,1,good
9000001783-2,2021-05-03,10.0,15.07422915873615,1,good
9000001783-2,2021-05-03,11.0,9.707241910631737,1,good
9000001783-2,2021-05-03,17.0,39.81974600573541,1,good
9000001783-2,2021-05-03,18.0,14.399999999999999,1,good
9000001783-2,2021-05-03,19.0,11.455847255369932,1,good
9000001783-2,2021-05-04,6.0,50.14662756598245,1,good
9000001783-2,2021-05-04,7.0,200.16,1,good
9000001783-2,2021-05-04,8.0,342.85714285714243,1,good
9000001783-2,2021-05-04,9.0,89.3265064986215,1,good
9000001783-2,2021-05-04,10.0,21.613508442776798,1,good
9000001783-2,2021-05-04,11.0,41.9269454737956,1,good
9000001783-2,2021-05-04,18.0,23.570493234395478,1,good
9000001783-2,2021-05-04,19.0,17.889908256880727,1,good
9000001783-2,2021-05-05,6.0,45.68527918781727,1,bad
9000001783-2,2021-05-05,7.0,297.234468937875,1,bad
9000001783-2,2021-05-05,8.0,88.4101680310211,1,bad
9000001783-2,2021-05-05,9.0,96.19433198380571,1,bad
9000001783-2,2021-05-05,10.0,50.84745762711867,1,bad
9000001783-2,2021-05-05,11.0,49.00523560209419,1,bad
9000001783-2,2021-05-05,12.0,47.5368207211782,1,bad
9000001783-2,2021-05-05,13.0,46.461949265687615,1,bad
9000001783-2,2021-05-05,14.0,26.5049805110437,1,bad
9000001783-2,2021-05-05,15.0,18.65284974093268,1,bad
9000001783-2,2021-05-05,16.0,12.21892235893084,1,bad
9000001783-2,2021-05-05,17.0,16.43210346139214,1,bad
9000001783-2,2021-05-05,18.0,9.64777947932619,1,bad
9000001783-2,2021-05-05,19.0,16.23246492985972,1,bad
9000001783-2,2021-05-06,7.0,30.215827338129547,1,bad
9000001783-2,2021-05-06,8.0,12.892956625547152,1,bad
9000001783-2,2021-05-06,9.0,24.018838304552588,1,bad
9000001783-2,2021-05-06,10.0,30.19443385436525,1,bad
9000001783-2,2021-05-06,11.0,21.20141342756183,1,bad
9000001783-2,2021-05-06,12.0,43.4607645875251,1,bad
9000001783-2,2021-05-06,13.0,38.0877742946708,1,bad
9000001783-2,2021-05-06,14.0,40.635451505016704,1,bad
9000001783-2,2021-05-06,15.0,19.125459746628493,1,bad
9000001783-2,2021-05-06,16.0,18.980667838312808,1,bad
9000001783-2,2021-05-06,17.0,14.09553641346907,1,bad
9000001783-2,2021-05-06,18.0,17.910447761194042,1,bad
9000001783-2,2021-05-06,19.0,19.55104996379437,1,bad
9000001783-2,2021-05-07,6.0,21.77419354838713,1,bad
9000001783-2,2021-05-07,7.0,32.030947775628604,1,bad
9000001783-2,2021-05-07,8.0,24.3727598566308,1,bad
9000001783-2,2021-05-07,9.0,12.42331288343561,1,bad
9000001783-2,2021-05-07,10.0,13.92111368909513,1,bad
9000001783-2,2021-05-07,11.0,15.808383233532982,1,bad
9000001783-2,2021-05-07,12.0,19.01665989435189,1,bad
9000000656-1,2020-09-03,12.0,343.411479385609,1,good
9000000656-1,2020-09-03,13.0,274.903474903475,1,good
9000000656-1,2020-09-03,14.0,277.777777777778,1,good
9000000656-1,2020-09-03,15.0,265.281899109792,1,good
9000000656-1,2020-09-03,17.0,297.398448197169,1,good
9000000656-1,2020-09-03,18.0,285.840317600353,1,good
9000000656-1,2020-09-04,7.0,463.745019920318,1,good
9000000656-1,2020-09-04,8.0,358.3648750946241,1,good
9000000656-1,2020-09-04,9.0,306.382978723403,1,good
9000000656-1,2020-09-04,10.0,285.485631138595,1,good
9000000656-1,2020-09-04,11.0,308.44553243573995,1,good
9000000656-1,2020-09-04,12.0,290.21372328459,1,good
9000000656-1,2020-09-04,13.0,311.318355235268,1,good
9000000656-1,2020-09-04,14.0,297.35849056603803,1,good
9000000656-1,2020-09-04,16.0,366.293142088748,1,good
9000000656-1,2020-09-04,17.0,315.761353517364,1,good
9000000656-1,2020-09-04,18.0,279.16489135066104,1,good
9000000656-1,2020-09-05,7.0,108.691674290942,0,good
9000000656-1,2020-09-05,8.0,175.65303104977798,0,good
9000000656-1,2020-09-05,10.0,298.031297324584,0,good
9000000656-1,2020-09-05,11.0,246.793454223796,0,good
9000000656-1,2020-09-05,12.0,239.999999999999,0,good
9000000656-1,2020-09-05,13.0,231.63538873994702,0,good
9000000656-1,2020-09-05,14.0,177.40585774058601,0,good
9000000656-1,2020-09-05,16.0,202.116889093419,0,good
9000000656-1,2020-09-05,17.0,189.055604589585,0,good
9000000656-1,2020-09-05,18.0,218.56027753686,0,good
9000000656-1,2020-09-06,7.0,84.375,0,good
9000000656-1,2020-09-06,8.0,107.911547911548,0,good
9000000656-1,2020-09-06,9.0,147.98927613941,0,good
9000000656-1,2020-09-06,10.0,227.301022676746,0,good
9000000656-1,2020-09-06,11.0,214.07172038129798,0,good
9000000656-1,2020-09-06,12.0,114.910362920857,0,good
9000000656-1,2020-09-06,13.0,60.586319218240995,0,good
9000000656-1,2020-09-06,14.0,51.314031180400896,0,good
9000000656-1,2020-09-06,17.0,213.573033707865,0,good
9000000656-1,2020-09-06,18.0,182.716049382716,0,good
9000000656-1,2020-09-07,7.0,479.897128161166,1,good
9000000656-1,2020-09-07,8.0,386.732001507728,1,good
9000000656-1,2020-09-07,9.0,265.3333333333333,1,good
9000000656-1,2020-09-07,10.0,243.93149664929274,1,good
9000000656-1,2020-09-07,11.0,333.611849601215,1,good
9000000656-1,2020-09-07,12.0,296.092296241162,1,good
9000000656-1,2020-09-07,13.0,295.7389635316701,1,good
9000000656-1,2020-09-07,14.0,230.8118081180809,1,good
9000000656-1,2020-09-07,15.0,298.7023200943774,1,good
9000000656-1,2020-09-07,16.0,266.1654135338353,1,good
9000000656-1,2020-09-07,17.0,316.097560975609,1,good
9000000656-1,2020-09-07,18.0,264.1580432737543,1,good
9000000656-1,2020-09-08,7.0,412.82167042889296,1,good
9000000656-1,2020-09-08,8.0,380.07434944238105,1,good
9000000656-1,2020-09-08,11.0,306.988352745425,1,good
9000000656-1,2020-09-08,12.0,284.60264900662173,1,good
9000000656-1,2020-09-08,13.0,287.3115115851413,1,good
9000000656-1,2020-09-08,14.0,266.2213740458017,1,good
9000000656-1,2020-09-08,16.0,347.6268412438613,1,good
9000000656-1,2020-09-08,17.0,284.973166368515,1,good
9000000656-1,2020-09-08,18.0,263.1016042780748,1,good
9000000656-1,2020-09-09,7.0,454.55345358556895,1,good
9000000656-1,2020-09-09,8.0,401.4035087719298,1,good
9000000656-1,2020-09-09,9.0,276.92307692307696,1,good
9000000656-1,2020-09-09,10.0,312.091254752851,1,good
9000000656-1,2020-09-09,11.0,349.31506849315,1,good
9000000656-1,2020-09-09,12.0,264.1957005189031,1,good
9000000656-1,2020-09-09,13.0,268.6373467916364,1,good
9000000656-1,2020-09-09,14.0,290.62950504564986,1,good
9000000656-1,2020-09-09,16.0,309.60947784115683,1,good
9000000656-1,2020-09-09,17.0,318.0788400543727,1,good
9000000656-1,2020-09-09,18.0,291.89189189189295,1,good
9000000656-1,2020-09-10,7.0,409.941256213285,1,good
9000000656-1,2020-09-10,8.0,381.73784977908804,1,good
9000000656-1,2020-09-10,9.0,274.73309608540904,1,good
9000000656-1,2020-09-10,10.0,341.39137193937,1,good
9000000656-1,2020-09-10,11.0,341.586360266864,1,good
9000000656-1,2020-09-10,12.0,259.2319054652884,1,good
9000000656-1,2020-09-10,13.0,274.0627390971688,1,good
9000000656-1,2020-09-10,14.0,303.09614340032607,1,good
9000000656-1,2020-09-10,16.0,336.42172523961585,1,good
9000000656-1,2020-09-10,17.0,368.3274021352304,1,good
9000000656-1,2020-09-10,18.0,287.4345549738216,1,good
9000000656-1,2020-09-11,7.0,385.7142857142869,1,good
9000000656-1,2020-09-11,8.0,233.10533515731817,1,good
9000000656-1,2020-09-11,9.0,302.90394638868094,1,good
9000000656-1,2020-09-11,10.0,322.005988023952,1,good
9000000656-1,2020-09-11,11.0,301.040462427746,1,good
9000000656-1,2020-09-11,12.0,276.799999999999,1,good
9000000656-1,2020-09-11,13.0,323.98276687410277,1,good
9000000656-1,2020-09-11,16.0,268.06761078117836,1,good
9000000656-1,2020-09-11,17.0,385.09425690486717,1,good
9000000656-1,2020-09-11,18.0,264.79859894921196,1,good
9000000656-1,2020-09-12,7.0,132.51533742331281,0,good
9000000656-1,2020-09-12,8.0,226.10402355250312,0,good
9000000656-1,2020-09-12,9.0,217.5913396481732,0,good
9000000656-1,2020-09-12,10.0,272.9241877256311,0,good
9000000656-1,2020-09-12,11.0,294.736842105263,0,good
9000000656-1,2020-09-12,12.0,244.85294117647078,0,good
9000000656-1,2020-09-12,13.0,184.656556645852,0,good
9000000656-1,2020-09-12,14.0,157.12707182320457,0,good
9000000656-1,2020-09-12,15.0,161.19402985074677,0,good
9000000656-1,2020-09-12,16.0,169.6,0,good
9000000656-1,2020-09-12,17.0,204.52729693741622,0,good
9000000656-1,2020-09-12,18.0,203.09372156505887,0,good
9000000656-1,2020-09-13,7.0,69.37901498929332,0,good
9000000656-1,2020-09-13,8.0,97.8260869565218,0,good
9000000656-1,2020-09-13,9.0,154.83870967741933,0,good
9000000656-1,2020-09-13,10.0,185.2941176470592,0,good
9000000656-1,2020-09-13,11.0,194.95181275814608,0,good
9000000656-1,2020-09-13,12.0,180.163785259327,0,good
9000000656-1,2020-09-13,13.0,185.07734303912667,0,good
9000000656-1,2020-09-13,16.0,149.79865771812035,0,good
9000000656-1,2020-09-13,17.0,198.5650224215251,0,good
9000000656-1,2020-09-13,18.0,187.0763669227291,0,good
9000000656-1,2020-09-14,7.0,505.43046357616,1,good
9000000656-1,2020-09-14,9.0,287.52079866888596,1,good
9000000656-1,2020-09-14,10.0,290.169491525423,1,good
9000000656-1,2020-09-14,11.0,302.5210084033615,1,good
9000000656-1,2020-09-14,12.0,291.3767019667165,1,good
9000000656-1,2020-09-14,13.0,280.6638363566178,1,good
9000000656-1,2020-09-14,14.0,284.8790322580639,1,good
9000000656-1,2020-09-14,16.0,343.8042620363053,1,good
9000000656-1,2020-09-14,17.0,340.1446654611207,1,good
9000000656-1,2020-09-14,18.0,290.5037895675431,1,good
9000000656-1,2020-09-15,7.0,333.4410339256878,1,good
9000000656-1,2020-09-15,8.0,245.93639575971702,1,good
9000000656-1,2020-09-15,9.0,243.27917282127,1,good
9000000656-1,2020-09-15,10.0,322.488755622188,1,good
9000000656-1,2020-09-15,11.0,312.7491538172246,1,good
9000000656-1,2020-09-15,12.0,299.1142977646565,1,good
9000000656-1,2020-09-15,13.0,302.05011389521525,1,good
9000000656-1,2020-09-15,14.0,234.06113537117838,1,good
9000000656-1,2020-09-15,16.0,293.5430463576146,1,good
9000000656-1,2020-09-15,17.0,352.593917710197,1,good
9000000656-1,2020-09-15,18.0,289.15662650602377,1,good
9000000656-1,2020-09-16,7.0,460.498793242154,1,good
9000000656-1,2020-09-16,8.0,416.96113074205,1,good
9000000656-1,2020-09-16,9.0,260.240963855421,1,good
9000000656-1,2020-09-16,10.0,314.8968678380444,1,good
9000000656-1,2020-09-16,12.0,268.946894689469,1,good
9000000656-1,2020-09-16,13.0,282.239999999999,1,good
9000000656-1,2020-09-16,15.0,309.0552724421803,1,good
9000000656-1,2020-09-16,16.0,370.4225352112671,1,good
9000000656-1,2020-09-16,17.0,365.4320987654329,1,good
9000000656-1,2020-09-16,18.0,321.9917012448127,1,good
9000000656-1,2020-09-17,7.0,491.12582781457195,1,good
9000000656-1,2020-09-17,8.0,390.0839664134337,1,good
9000000656-1,2020-09-17,9.0,305.2233156699468,1,good
9000000656-1,2020-09-17,10.0,303.35025380710607,1,good
9000000656-1,2020-09-17,11.0,313.564969062351,1,good
9000000656-1,2020-09-17,12.0,339.9635036496337,1,good
9000000656-1,2020-09-17,14.0,337.3759647188537,1,good
9000000656-1,2020-09-17,16.0,353.3470225872691,1,good
9000000656-1,2020-09-17,17.0,373.8148984198635,1,good
9000000656-1,2020-09-17,18.0,290.16829052258606,1,good
9000000656-1,2020-09-18,7.0,502.49252243270297,1,good
9000000656-1,2020-09-18,8.0,402.721088435374,1,good
9000000656-1,2020-09-18,9.0,333.82070026933394,1,good
9000000656-1,2020-09-18,10.0,370.70938215103,1,good
9000000656-1,2020-09-18,11.0,375.1037344398333,1,good
9000000656-1,2020-09-18,12.0,306.849315068493,1,good
9000000656-1,2020-09-18,13.0,385.01052631578864,1,good
9000000656-1,2020-09-18,14.0,295.4682779456186,1,good
9000000656-1,2020-09-18,16.0,330.7656612529003,1,good
9000000656-1,2020-09-18,17.0,359.2156862745092,1,good
9000000656-1,2020-09-18,18.0,260.5370960400541,1,good
9000000656-1,2020-09-19,7.0,134.67153284671542,0,good
9000000656-1,2020-09-19,9.0,257.4855619724569,0,good
9000000656-1,2020-09-19,10.0,292.328398384926,0,good
9000000656-1,2020-09-19,13.0,206.8778280542983,0,good
9000000656-1,2020-09-19,14.0,205.99907706506596,0,good
9000000656-1,2020-09-19,16.0,190.2036323610347,0,good
9000000656-1,2020-09-19,17.0,184.81449525452982,0,good
9000000656-1,2020-09-19,18.0,217.71058315334807,0,good
9000000656-1,2020-09-20,7.0,84.375,0,good
9000000656-1,2020-09-20,8.0,91.5107913669065,0,good
9000000656-1,2020-09-20,9.0,166.5480427046263,0,good
9000000656-1,2020-09-20,10.0,216.90962099125358,0,good
9000000656-1,2020-09-20,11.0,210.5849582172699,0,good
9000000656-1,2020-09-20,12.0,230.0549176235653,0,good
9000000656-1,2020-09-20,13.0,245.45454545454666,0,good
9000000656-1,2020-09-20,16.0,187.85286569717758,0,good
9000000656-1,2020-09-20,17.0,209.23076923076937,0,good
9000000656-1,2020-09-20,18.0,211.3989637305697,0,good
9000000656-1,2020-09-21,7.0,499.0728476821211,1,good
9000000656-1,2020-09-21,8.0,409.029345372462,1,good
9000000656-1,2020-09-21,9.0,290.8438061041288,1,good
9000000656-1,2020-09-21,10.0,298.75518672199144,1,good
9000000656-1,2020-09-21,11.0,317.7449168207028,1,good
9000000656-1,2020-09-21,13.0,289.31008339651197,1,good
9000000656-1,2020-09-21,14.0,281.9277108433734,1,good
9000000656-1,2020-09-21,15.0,318.5078909612622,1,good
9000000656-1,2020-09-21,16.0,379.41908713693,1,good
9000000656-1,2020-09-21,17.0,380.87649402390406,1,good
9000000656-1,2020-09-21,18.0,312.8320576316973,1,good
9000000656-1,2020-09-22,7.0,523.7510955302353,1,good
9000000656-1,2020-09-22,8.0,452.42121445042204,1,good
9000000656-1,2020-09-22,9.0,323.0061349693264,1,good
9000000656-1,2020-09-22,10.0,329.56478239119554,1,good
9000000656-1,2020-09-22,13.0,326.46696758309395,1,good
9000000656-1,2020-09-22,14.0,304.7990635973481,1,good
9000000656-1,2020-09-22,15.0,350.41716328963,1,good
9000000656-1,2020-09-22,16.0,392.337164750958,1,good
9000000656-1,2020-09-22,17.0,346.216955332726,1,good
9000000656-1,2020-09-22,18.0,274.976569821931,1,good
9000000656-1,2020-09-23,7.0,438.7499999999987,1,good
9000000656-1,2020-09-23,8.0,403.178206583427,1,good
9000000656-1,2020-09-23,9.0,334.6733668341704,1,good
9000000656-1,2020-09-23,10.0,350.1892505677508,1,good
9000000656-1,2020-09-23,14.0,369.5980899323526,1,good
9000000656-1,2020-09-23,15.0,339.412673879443,1,good
9000000656-1,2020-09-23,16.0,366.937901498929,1,good
9000000656-1,2020-09-23,17.0,406.927985414767,1,good
9000000656-1,2020-09-23,18.0,338.012762078395,1,good
9000000656-1,2020-09-24,7.0,518.3098591549309,1,good
9000000656-1,2020-09-24,8.0,409.230769230769,1,good
9000000656-1,2020-09-24,9.0,335.230212105536,1,good
9000000656-1,2020-09-24,10.0,350.02068680182003,1,good
9000000656-1,2020-09-24,11.0,362.5257944696649,1,good
9000000656-1,2020-09-24,16.0,344.3609022556398,1,good
9000000656-1,2020-09-24,17.0,361.7150281507134,1,good
9000000656-1,2020-09-24,18.0,362.27368421052626,1,good
9000000656-1,2020-09-25,8.0,380.728554641597,1,good
9000000656-1,2020-09-25,9.0,329.9357601713058,1,good
9000000656-1,2020-09-25,10.0,259.4024604569425,1,good
9000000656-1,2020-09-25,11.0,311.71240819482057,1,good
9000000656-1,2020-09-25,12.0,337.9591836734707,1,good
9000000656-1,2020-09-25,13.0,369.3527080581238,1,good
9000000656-1,2020-09-25,14.0,353.2012897282349,1,good
9000000656-1,2020-09-25,15.0,316.8411037107512,1,good
9000000656-1,2020-09-25,16.0,330.305838739574,1,good
9000000656-1,2020-09-25,17.0,400.7390300230945,1,good
9000000656-1,2020-09-26,7.0,139.1752577319587,0,bad
9000000656-1,2020-09-26,8.0,232.36363636363637,0,bad
9000000656-1,2020-09-26,9.0,273.0923694779113,0,bad
9000000656-1,2020-09-26,10.0,321.4578587699324,0,bad
9000000656-1,2020-09-26,11.0,335.3424657534251,0,bad
9000000656-1,2020-09-26,14.0,214.8108684070324,0,bad
9000000656-1,2020-09-26,16.0,237.3443983402488,0,bad
9000000656-1,2020-09-26,17.0,295.16129032258095,0,bad
9000000656-1,2020-09-26,18.0,215.5893536121676,0,bad
9000000656-1,2020-09-27,7.0,80.6813088301211,0,bad
9000000656-1,2020-09-27,8.0,102.11616389013969,0,bad
9000000656-1,2020-09-27,9.0,188.4297520661154,0,bad
9000000656-1,2020-09-27,11.0,287.007874015748,0,bad
9000000656-1,2020-09-27,15.0,216.66666666666669,0,bad
9000000656-1,2020-09-27,16.0,254.00271370420558,0,bad
9000000656-1,2020-09-27,17.0,241.55483572420098,0,bad
9000000656-1,2020-09-28,8.0,456.492027334851,1,good
9000000656-1,2020-09-28,9.0,295.7045968349663,1,good
9000000656-1,2020-09-28,10.0,316.37995512341104,1,good
9000000656-1,2020-09-28,11.0,299.33184855233856,1,good
9000000656-1,2020-09-28,12.0,317.8476695718091,1,good
9000000656-1,2020-09-28,13.0,335.04672897196167,1,good
9000000656-1,2020-09-28,14.0,334.47098976109174,1,good
9000000656-1,2020-09-28,15.0,292.307692307692,1,good
9000000656-1,2020-09-28,16.0,364.444444444445,1,good
9000000656-1,2020-09-28,17.0,380.63083074189194,1,good
9000000656-1,2020-09-29,7.0,535.238095238097,1,good
9000000656-1,2020-09-29,8.0,457.1873782625653,1,good
9000000656-1,2020-09-29,9.0,312.9840546697037,1,good
9000000656-1,2020-09-30,7.0,534.7887992406284,1,good
9000000656-1,2020-09-30,8.0,400.8998875140596,1,good
9000000656-1,2020-09-30,9.0,310.4387291981842,1,good
9000000656-1,2020-09-30,10.0,303.030303030304,1,good
9000000656-1,2020-09-30,11.0,363.829787234042,1,good
9000000656-1,2020-09-30,12.0,333.9923954372622,1,good
9000000656-1,2020-09-30,13.0,284.6124180485938,1,good
9000000656-1,2020-09-30,16.0,359.3830334190241,1,good
9000000656-1,2020-09-30,17.0,323.2198142414876,1,good
9000000656-1,2020-09-30,18.0,336.63771078180895,1,good
9000000656-1,2020-10-01,7.0,496.6025378632812,1,good
9000000656-1,2020-10-01,8.0,416.26258858635015,1,good
9000000656-1,2020-10-01,9.0,352.8081417263479,1,good
9000000656-1,2020-10-01,10.0,395.88734912829676,1,good
9000000656-1,2020-10-01,11.0,319.00826446281,1,good
9000000656-1,2020-10-01,12.0,282.24852071005864,1,good
9000000656-1,2020-10-01,13.0,263.1048387096777,1,good
9000000656-1,2020-10-01,14.0,313.4523291249465,1,good
9000000656-1,2020-10-01,15.0,330.75898801597947,1,good
9000000656-1,2020-10-01,16.0,343.8380281690146,1,good
9000000656-1,2020-10-01,17.0,378.01608579088617,1,good
9000000656-1,2020-10-02,7.0,507.4056378404189,1,good
9000000656-1,2020-10-02,8.0,458.106554235339,1,good
9000000656-1,2020-10-02,9.0,359.600443951165,1,good
9000000656-1,2020-10-02,10.0,420.85308056872,1,good
9000000656-1,2020-10-02,14.0,449.7886331611083,1,good
9000000656-1,2020-10-02,15.0,427.52120640904803,1,good
9000000656-1,2020-10-02,16.0,381.508940252943,1,good
9000000656-1,2020-10-02,17.0,427.2069464544139,1,good
9000000656-1,2020-10-03,8.0,251.1627906976741,0,good
9000000656-1,2020-10-03,9.0,344.98669032830526,0,good
9000000656-1,2020-10-03,10.0,446.5779467680593,0,good
9000000656-1,2020-10-03,11.0,436.57034580767504,0,good
9000000656-1,2020-10-03,12.0,368.62376702677227,0,good
9000000656-1,2020-10-03,13.0,232.85248953001434,0,good
9000000656-1,2020-10-03,14.0,263.65280289330894,0,good
9000000656-1,2020-10-03,15.0,228.38886353263277,0,good
9000000656-1,2020-10-03,16.0,223.67906066536216,0,good
9000000656-1,2020-10-04,8.0,122.22222222222219,0,good
9000000656-1,2020-10-04,9.0,180.8,0,good
9000000656-1,2020-10-04,10.0,255.9017112768746,0,good
9000000656-1,2020-10-04,11.0,309.4054054054048,0,good
9000000656-1,2020-10-04,12.0,231.98090692124129,0,good
9000000656-1,2020-10-04,13.0,249.4348894348886,0,good
9000000656-1,2020-10-04,14.0,273.98230088495546,0,good
9000000656-1,2020-10-04,15.0,225.2069917203304,0,good
9000000656-1,2020-10-04,16.0,248.90387858347353,0,good
9000000656-1,2020-10-04,17.0,350.200803212851,0,good
9000000656-1,2020-10-05,8.0,442.811501597443,1,good
9000000656-1,2020-10-05,9.0,351.8276260100028,1,good
9000000656-1,2020-10-05,10.0,458.081773022545,1,good
9000000656-1,2020-10-05,11.0,341.993020550602,1,good
9000000656-1,2020-10-05,12.0,331.03448275862047,1,good
9000000656-1,2020-10-05,13.0,343.6363636363633,1,good
9000000656-1,2020-10-05,14.0,382.67083519428206,1,good
9000000656-1,2020-10-05,15.0,364.23982869378943,1,good
9000000656-1,2020-10-05,16.0,353.4109816971702,1,good
9000000656-1,2020-10-05,17.0,455.6552962298005,1,good
9000000656-1,2020-10-06,8.0,507.02290076335925,1,good
9000000656-1,2020-10-06,9.0,414.7917477617748,1,good
9000000656-1,2020-10-06,10.0,411.21338912134047,1,good
9000000656-1,2020-10-06,11.0,424.1281809613569,1,good
9000000656-1,2020-10-06,12.0,376.9053117782919,1,good
9000000656-1,2020-10-06,13.0,332.3344610923158,1,good
9000000656-1,2020-10-06,14.0,377.74968394437406,1,good
9000000656-1,2020-10-06,15.0,351.6202647193053,1,good
9000000656-1,2020-10-06,16.0,428.0254777070053,1,good
9000000656-1,2020-10-06,17.0,456.9105691056912,1,good
9000000656-1,2020-10-07,8.0,378.28615742536,1,bad
9000000656-1,2020-10-07,9.0,334.1176470588233,1,bad
9000000656-1,2020-10-07,10.0,369.66161026837904,1,bad
9000000656-1,2020-10-07,11.0,418.95375284306294,1,bad
9000000656-1,2020-10-07,12.0,374.15336706889894,1,bad
9000000656-1,2020-10-07,13.0,367.31875719217595,1,bad
9000000656-1,2020-10-07,14.0,408.247422680412,1,bad
9000000656-1,2020-10-07,15.0,410.0549882168121,1,bad
9000000656-1,2020-10-07,16.0,400.16842105263134,1,bad
9000000656-1,2020-10-07,17.0,395.0617283950613,1,bad
9000000656-1,2020-10-08,8.0,501.52671755725333,1,bad
9000000656-1,2020-10-08,9.0,429.29447852760984,1,bad
9000000656-1,2020-10-08,10.0,428.8757396449705,1,bad
9000000656-1,2020-10-08,11.0,446.5437788018438,1,bad
9000000656-1,2020-10-08,12.0,418.4560780834063,1,bad
9000000656-1,2020-10-08,13.0,407.8612716763006,1,bad
9000000656-1,2020-10-08,16.0,505.3435114503833,1,bad
9000000656-1,2020-10-08,17.0,526.1410788381731,1,bad
9000000656-1,2020-10-09,8.0,513.6970621900035,1,good
9000000656-1,2020-10-09,9.0,385.8608893956664,1,good
9000000656-1,2020-10-09,10.0,345.2054794520545,1,good
9000000656-1,2020-10-09,11.0,367.78295888088087,1,good
9000000656-1,2020-10-09,13.0,484.42756375474653,1,good
9000000656-1,2020-10-09,15.0,439.42133815551483,1,good
9000000656-1,2020-10-09,16.0,477.89010989010916,1,good
9000000656-1,2020-10-09,17.0,418.17330210772775,1,good
9000000656-1,2020-10-10,8.0,277.5365529463891,0,good
9000000656-1,2020-10-10,9.0,338.9558232931721,0,good
9000000656-1,2020-10-10,10.0,380.6932865291776,0,good
9000000656-1,2020-10-10,11.0,361.426684280052,0,good
9000000656-1,2020-10-10,12.0,382.7184466019424,0,good
9000000656-1,2020-10-10,13.0,391.01123595505646,0,good
9000000656-1,2020-10-10,15.0,336.3020329138427,0,good
9000000656-1,2020-10-10,16.0,325.7362355953912,0,good
9000000656-1,2020-10-10,17.0,341.8635755684345,0,good
9000000656-1,2020-10-11,8.0,151.4893617021282,0,bad
9000000656-1,2020-10-11,9.0,204.7177759056442,0,bad
9000000656-1,2020-10-11,10.0,238.2120946538118,0,bad
9000000656-1,2020-10-11,11.0,283.9572192513369,0,bad
9000000656-1,2020-10-11,12.0,243.2,0,bad
9000000656-1,2020-10-11,13.0,238.49597135183438,0,bad
9000000656-1,2020-10-11,14.0,248.6055776892435,0,bad
9000000656-1,2020-10-11,15.0,216.44562334217522,0,bad
9000000656-1,2020-10-11,16.0,252.85907248987002,0,bad
9000000656-1,2020-10-11,17.0,271.9612590799024,0,bad
9000000656-1,2020-10-12,8.0,490.546528803544,1,good
9000000656-1,2020-10-12,9.0,352.941176470588,1,good
9000000656-1,2020-10-12,10.0,384.10896708286,1,good
9000000656-1,2020-10-12,11.0,382.08505833646893,1,good
9000000656-1,2020-10-12,12.0,392.174913693901,1,good
9000000656-1,2020-10-12,13.0,441.43183549124177,1,good
9000000656-1,2020-10-12,14.0,459.097978227061,1,good
9000000656-1,2020-10-12,15.0,413.092029264536,1,good
9000000656-1,2020-10-12,16.0,460.17391304347905,1,good
9000000656-1,2020-10-12,17.0,375.21126760563334,1,good
9000000656-1,2020-10-13,8.0,276.40195709446704,1,bad
9000000656-1,2020-10-13,9.0,440.51756007393703,1,bad
9000000656-1,2020-10-13,10.0,406.03545831761494,1,bad
9000000656-1,2020-10-13,11.0,492.744951383695,1,bad
9000000656-1,2020-10-13,13.0,354.6798029556658,1,bad
9000000656-1,2020-10-13,16.0,466.695766041031,1,bad
9000000656-1,2020-10-14,7.0,466.0550458715602,1,good
9000000656-1,2020-10-14,8.0,338.823529411766,1,good
9000000656-1,2020-10-14,9.0,230.5214723926384,1,good
9000000656-1,2020-10-14,10.0,414.545454545456,1,good
9000000656-1,2020-10-14,11.0,413.28,1,good
9000000656-1,2020-10-14,13.0,392.9471032745598,1,good
9000000656-1,2020-10-14,16.0,439.13405495420426,1,good
9000000656-1,2020-10-14,17.0,502.1677662582479,1,good
9000000656-1,2020-10-15,8.0,469.6875,1,bad
9000000656-1,2020-10-15,9.0,394.427710843373,1,bad
9000000656-1,2020-10-15,10.0,401.834862385322,1,bad
9000000656-1,2020-10-15,11.0,436.32166217776,1,bad
9000000656-1,2020-10-15,12.0,406.42939150402003,1,bad
9000000656-1,2020-10-15,13.0,454.20560747663404,1,bad
9000000656-1,2020-10-15,14.0,375.59322033898405,1,bad
9000000656-1,2020-10-15,15.0,440.588690937259,1,bad
9000000656-1,2020-10-15,16.0,380.07662835249005,1,bad
9000000656-1,2020-10-15,17.0,419.435736677117,1,bad
9000000656-1,2020-10-16,8.0,470.1724137931051,1,bad
9000000656-1,2020-10-16,9.0,423.104693140793,1,bad
9000000656-1,2020-10-16,10.0,395.739825028529,1,bad
9000000656-1,2020-10-16,11.0,411.35175504107497,1,bad
9000000656-1,2020-10-16,12.0,390.461538461538,1,bad
9000000656-1,2020-10-16,15.0,422.22222222222206,1,bad
9000000656-1,2020-10-16,16.0,443.4389140271479,1,bad
9000000656-1,2020-10-16,17.0,441.509433962265,1,bad
9000000656-1,2020-10-17,8.0,219.29746554024078,0,bad
9000000656-1,2020-10-17,9.0,295.0819672131148,0,bad
9000000656-1,2020-10-17,10.0,345.0479233226828,0,bad
9000000656-1,2020-10-17,11.0,339.39962476547794,0,bad
9000000656-1,2020-10-17,12.0,328.5106382978724,0,bad
9000000656-1,2020-10-17,14.0,310.4360607545324,0,bad
9000000656-1,2020-10-17,15.0,289.2545982575029,0,bad
9000000656-1,2020-10-17,16.0,300.82191780821995,0,bad
9000000656-1,2020-10-17,17.0,271.5035799522675,0,bad
9000000656-1,2020-10-18,8.0,107.9677708146821,0,good
9000000656-1,2020-10-18,9.0,182.03160270880318,0,good
9000000656-1,2020-10-18,10.0,165.3543307086608,0,good
9000000656-1,2020-10-18,12.0,345.3874538745379,0,good
9000000656-1,2020-10-18,13.0,258.28877005347516,0,good
9000000656-1,2020-10-18,14.0,303.52580480327066,0,good
9000000656-1,2020-10-18,15.0,289.58677685950386,0,good
9000000656-1,2020-10-18,16.0,313.4515119916573,0,good
9000000656-1,2020-10-18,17.0,325.260170293283,0,good
9000000656-1,2020-10-19,8.0,461.364493026762,1,good
9000000656-1,2020-10-19,9.0,292.6503340757238,1,good
9000000656-1,2020-10-19,10.0,396.330275229359,1,good
9000000656-1,2020-10-19,12.0,361.0619469026549,1,good
9000000656-1,2020-10-19,13.0,433.29989969909593,1,good
9000000656-1,2020-10-19,14.0,383.3412210127774,1,good
9000000656-1,2020-10-19,15.0,321.3771016813444,1,good
9000000656-1,2020-10-19,16.0,419.878296146045,1,good
9000000656-1,2020-10-20,8.0,419.40412528647903,1,good
9000000656-1,2020-10-20,9.0,402.834763148079,1,good
9000000656-1,2020-10-20,10.0,360.00000000000006,1,good
9000000656-1,2020-10-20,12.0,410.816657652786,1,good
9000000656-1,2020-10-21,8.0,398.19746005735396,1,good
9000000656-1,2020-10-21,9.0,367.290790982041,1,good
9000000656-1,2020-10-21,10.0,334.69387755102144,1,good
9000000656-1,2020-10-21,11.0,527.646374563783,1,good
9000000656-1,2020-10-21,13.0,338.8614970865092,1,good
9000000656-1,2020-10-21,15.0,381.77299088649556,1,good
9000000656-1,2020-10-21,16.0,424.11347517730434,1,good
9000000656-1,2020-10-21,17.0,457.961246840775,1,good
9000000656-1,2020-10-22,8.0,464.12556053811596,1,good
9000000656-1,2020-10-22,9.0,386.14525139664875,1,good
9000000656-1,2020-10-22,10.0,426.7821977156351,1,good
9000000656-1,2020-10-22,11.0,403.82493563810203,1,good
9000000656-1,2020-10-22,15.0,370.6544393497304,1,good
9000000656-1,2020-10-22,16.0,399.8093422306969,1,good
9000000656-1,2020-10-22,17.0,431.62790697674404,1,good
9000000656-1,2020-10-23,8.0,423.768333960135,1,good
9000000656-1,2020-10-23,9.0,413.043478260869,1,good
9000000656-1,2020-10-23,10.0,495.172413793102,1,good
9000000656-1,2020-10-23,11.0,472.229140722291,1,good
9000000656-1,2020-10-23,12.0,463.306955435235,1,good
9000000656-1,2020-10-23,13.0,381.3260102000785,1,good
9000000656-1,2020-10-23,14.0,565.6276326874479,1,good
9000000656-1,2020-10-23,15.0,573.368146214098,1,good
9000000656-1,2020-10-23,16.0,504.82033304119,1,good
9000000656-1,2020-10-23,17.0,457.06806282722494,1,good
9000000656-1,2020-10-24,8.0,193.3751119068933,0,bad
9000000656-1,2020-10-24,9.0,241.5907207953602,0,bad
9000000656-1,2020-10-24,10.0,281.505999172527,0,bad
9000000656-1,2020-10-24,11.0,349.385749385749,0,bad
9000000656-1,2020-10-24,12.0,293.54304635761497,0,bad
9000000656-1,2020-10-24,13.0,230.3282093892821,0,bad
9000000656-1,2020-10-24,14.0,269.2436974789916,0,bad
9000000656-1,2020-10-24,15.0,265.4036243822071,0,bad
9000000656-1,2020-10-24,16.0,237.60896637608909,0,bad
9000000656-1,2020-10-25,7.0,63.1011235955057,0,good
9000000656-1,2020-10-25,8.0,129.4627383015599,0,good
9000000656-1,2020-10-25,9.0,185.1339671564392,0,good
9000000656-1,2020-10-25,10.0,247.01195219123545,0,good
9000000656-1,2020-10-25,11.0,339.0064794816417,0,good
9000000656-1,2020-10-25,12.0,318.13953488372056,0,good
9000000656-1,2020-10-25,13.0,288.0681818181827,0,good
9000000656-1,2020-10-25,14.0,314.3114311431144,0,good
9000000656-1,2020-10-25,15.0,244.7227191413241,0,good
9000000656-1,2020-10-25,16.0,341.26984126984195,0,good
9000000656-1,2020-10-26,7.0,400.525624178714,1,good
9000000656-1,2020-10-26,8.0,353.327716933445,1,good
9000000656-1,2020-10-26,10.0,414.32926829268297,1,good
9000000656-1,2020-10-26,11.0,361.643835616437,1,good
9000000656-1,2020-10-26,12.0,412.05646699733006,1,good
9000000656-1,2020-10-26,13.0,498.051441932971,1,good
9000000656-1,2020-10-26,14.0,387.93103448275906,1,good
9000000656-1,2020-10-26,15.0,347.694753577106,1,good
9000000656-1,2020-10-26,16.0,433.17073170731703,1,good
9000000656-1,2020-10-27,8.0,328.31541218637904,1,good
9000000656-1,2020-10-27,9.0,283.306836248012,1,good
9000000656-1,2020-10-27,10.0,359.31688804554096,1,good
9000000656-1,2020-10-27,11.0,347.500953834415,1,good
9000000656-1,2020-10-27,12.0,356.341738803161,1,good
9000000656-1,2020-10-27,13.0,341.284403669725,1,good
9000000656-1,2020-10-27,14.0,351.76424970919004,1,good
9000000656-1,2020-10-27,15.0,314.26229508196803,1,good
9000000656-1,2020-10-27,16.0,366.300366300365,1,good
9000000656-1,2020-10-28,7.0,392.934782608695,1,good
9000000656-1,2020-10-28,8.0,365.59302766199403,1,good
9000000656-1,2020-10-28,9.0,375.31050056454603,1,good
9000000656-1,2020-10-28,10.0,404.115996258185,1,good
9000000656-1,2020-10-28,14.0,363.1123919308368,1,good
9000000656-1,2020-10-28,15.0,374.24967377120504,1,good
9000000656-1,2020-10-28,16.0,353.396132870599,1,good
9000000656-1,2020-10-29,7.0,420.437956204379,1,good
9000000656-1,2020-10-29,8.0,397.079169869331,1,good
9000000656-1,2020-10-29,9.0,340.46052631579,1,good
9000000656-1,2020-10-29,10.0,409.22818791946304,1,good
9000000656-1,2020-10-29,11.0,410.562571756603,1,good
9000000656-1,2020-10-29,14.0,385.975609756098,1,good
9000000656-1,2020-10-29,15.0,304.4117647058816,1,good
9000000656-1,2020-10-29,16.0,443.357233234923,1,good
9000000656-1,2020-10-30,7.0,372.73918741808495,1,good
9000000656-1,2020-10-30,8.0,367.80185758513903,1,good
9000000656-1,2020-10-30,9.0,394.82902418682204,1,good
9000000656-1,2020-10-30,10.0,409.51557093425504,1,good
9000000656-1,2020-10-30,14.0,365.0,1,good
9000000656-1,2020-10-30,15.0,346.600496277915,1,good
9000000656-1,2020-10-30,16.0,478.444084278768,1,good
9000000656-1,2020-10-31,7.0,90.8220965637234,0,good
9000000656-1,2020-10-31,8.0,126.87224669603529,0,good
9000000656-1,2020-10-31,10.0,274.749236807675,0,good
9000000656-1,2020-10-31,14.0,405.80551523947685,0,good
9000000656-1,2020-10-31,16.0,373.97691500524706,0,good
9000000656-1,2020-11-01,7.0,49.533954727030604,0,good
9000000656-1,2020-11-01,8.0,81.3375508359692,0,good
9000000656-1,2020-11-01,9.0,185.80645161290278,0,good
9000000656-1,2020-11-01,10.0,221.733391992961,0,good
9000000656-1,2020-11-01,11.0,253.5773710482528,0,good
9000000656-1,2020-11-01,14.0,284.6117647058814,0,good
9000000656-1,2020-11-01,15.0,315.590551181102,0,good
9000000656-1,2020-11-01,16.0,361.39767054908486,0,good
9000000656-1,2020-11-02,7.0,461.9816673941521,1,good
9000000656-1,2020-11-02,8.0,439.66309341500903,1,good
9000000656-1,2020-11-02,9.0,323.320754716981,1,good
9000000656-1,2020-11-02,14.0,435.9375,1,good
9000000656-1,2020-11-02,15.0,341.581395348837,1,good
9000000656-1,2020-11-02,16.0,438.190045248868,1,good
9000000656-1,2020-11-03,7.0,471.01556708673206,1,good
9000000656-1,2020-11-03,8.0,355.3145336225595,1,good
9000000656-1,2020-11-03,9.0,371.944561108778,1,good
9000000656-1,2020-11-03,14.0,370.5069124423969,1,good
9000000656-1,2020-11-03,15.0,314.77832512315274,1,good
9000000656-1,2020-11-03,16.0,346.924939467311,1,good
9000000656-1,2020-11-04,7.0,362.468422952003,1,good
9000000656-1,2020-11-04,8.0,422.287390029324,1,good
9000000656-1,2020-11-04,9.0,343.11045437754,1,good
9000000656-1,2020-11-04,10.0,372.785046728972,1,good
9000000656-1,2020-11-04,11.0,391.36363636363694,1,good
9000000656-1,2020-11-04,12.0,374.061433447098,1,good
9000000656-1,2020-11-04,13.0,352.555598907531,1,good
9000000656-1,2020-11-04,14.0,364.060676779465,1,good
9000000656-1,2020-11-04,15.0,357.74530271398805,1,good
9000000656-1,2020-11-05,7.0,433.26039387308504,1,bad
9000000656-1,2020-11-05,8.0,416.26591230551696,1,bad
9000000656-1,2020-11-05,9.0,368.534482758621,1,bad
9000000656-1,2020-11-05,10.0,422.92263610315104,1,bad
9000000656-1,2020-11-05,11.0,402.50922509225006,1,bad
9000000656-1,2020-11-05,12.0,388.247939806521,1,bad
9000000656-1,2020-11-05,13.0,349.60629921259897,1,bad
9000000656-1,2020-11-05,14.0,361.631419939578,1,bad
9000000656-1,2020-11-05,15.0,336.12449055205605,1,bad
9000000656-1,2020-11-05,16.0,433.30585325639004,1,bad
9000000656-1,2020-11-06,7.0,445.9680560966135,1,good
9000000656-1,2020-11-06,8.0,254.74201474201402,1,good
9000000656-1,2020-11-06,9.0,307.677450507001,1,good
9000000656-1,2020-11-06,14.0,420.7565470417082,1,good
9000000656-1,2020-11-06,15.0,382.78481012658193,1,good
9000000656-1,2020-11-06,16.0,441.36780650542096,1,good
9000000656-1,2020-11-07,7.0,154.627098789535,0,bad
9000000656-1,2020-11-07,8.0,203.11578947368412,0,bad
9000000656-1,2020-11-07,9.0,293.0741190765487,0,bad
9000000656-1,2020-11-07,10.0,284.68468468468467,0,bad
9000000656-1,2020-11-08,8.0,70.32805012900849,0,bad
9000000656-1,2020-11-08,9.0,149.3661160199768,0,bad
9000000656-1,2020-11-08,10.0,173.8122827346464,0,bad
9000000656-1,2020-11-08,11.0,225.3588516746417,0,bad
9000000656-1,2020-11-08,12.0,311.5681233933161,0,bad
9000000656-1,2020-11-08,13.0,326.6903914590741,0,bad
9000000656-1,2020-11-08,14.0,324.9865663621711,0,bad
9000000656-1,2020-11-09,7.0,433.71343579573596,1,bad
9000000656-1,2020-11-09,8.0,406.407322654463,1,bad
9000000656-1,2020-11-09,9.0,364.893203883495,1,bad
9000000656-1,2020-11-09,10.0,392.217898832684,1,bad
9000000656-1,2020-11-09,11.0,319.626168224299,1,bad
9000000656-1,2020-11-09,12.0,405.12223515716,1,bad
9000000656-1,2020-11-09,13.0,388.353863381858,1,bad
9000000656-1,2020-11-09,14.0,408.930669800234,1,bad
9000000656-1,2020-11-09,15.0,328.31541218638,1,bad
9000000656-1,2020-11-10,8.0,392.70239452679505,1,bad
9000000656-1,2020-11-10,9.0,363.850977499077,1,bad
9000000656-1,2020-11-10,10.0,378.220858895706,1,bad
9000000656-1,2020-11-10,11.0,364.23529411764605,1,bad
9000000656-1,2020-11-10,12.0,354.09836065573904,1,bad
9000000656-1,2020-11-10,13.0,370.364098221847,1,bad
9000000656-1,2020-11-10,14.0,375.63946406821003,1,bad
9000000656-1,2020-11-10,15.0,419.84334203655396,1,bad
9000000656-1,2020-11-11,8.0,453.79259802125205,1,bad
9000000656-1,2020-11-11,9.0,341.459799925899,1,bad
9000000656-1,2020-11-11,10.0,389.081519734414,1,bad
9000000656-1,2020-11-11,11.0,367.123287671232,1,bad
9000000656-1,2020-11-11,12.0,384.2164599774529,1,bad
9000000656-1,2020-11-11,13.0,350.676459219173,1,bad
9000000656-1,2020-11-11,14.0,402.888086642599,1,bad
9000000656-1,2020-11-11,15.0,315.628970775095,1,bad
9000000656-1,2020-11-12,7.0,405.381165919282,1,bad
9000000656-1,2020-11-12,8.0,389.31297709923695,1,bad
9000000656-1,2020-11-12,9.0,356.242171189979,1,bad
9000000656-1,2020-11-12,10.0,349.533735600658,1,bad
9000000656-1,2020-11-12,11.0,479.999999999999,1,bad
9000000656-1,2020-11-12,12.0,329.119638826186,1,bad
9000000656-1,2020-11-12,13.0,448.584905660378,1,bad
9000000656-1,2020-11-12,14.0,337.87375415282395,1,bad
9000000656-1,2020-11-12,15.0,434.113447044825,1,bad
9000000656-1,2020-11-13,7.0,474.4186046511629,1,bad
9000000656-1,2020-11-13,8.0,427.20887245841107,1,bad
9000000656-1,2020-11-13,9.0,377.651083238312,1,bad
9000000656-1,2020-11-13,10.0,418.126428027419,1,bad
9000000656-1,2020-11-13,11.0,390.127265715389,1,bad
9000000656-1,2020-11-13,12.0,369.064748201439,1,bad
9000000656-1,2020-11-13,13.0,466.26936829558997,1,bad
9000000656-1,2020-11-13,14.0,412.892423608204,1,bad
9000000656-1,2020-11-13,15.0,368.57899382171297,1,bad
9000000656-1,2020-11-13,16.0,429.033840117706,1,bad
9000000656-1,2020-11-14,7.0,133.4634146341465,0,good
9000000656-1,2020-11-14,8.0,205.63380281690138,0,good
9000000656-1,2020-11-14,9.0,278.3425886373351,0,good
9000000656-1,2020-11-15,8.0,68.170829975826,0,bad
9000000656-1,2020-11-15,9.0,148.6590038314177,0,bad
9000000656-1,2020-11-15,10.0,171.5857011915672,0,bad
9000000656-1,2020-11-15,11.0,225.7656781720948,0,bad
9000000656-1,2020-11-15,14.0,273.5782586814297,0,bad
9000000656-1,2020-11-16,8.0,486.93467336683295,1,bad
9000000656-1,2020-11-16,9.0,367.346938775509,1,bad
9000000656-1,2020-11-16,10.0,347.0557582074,1,bad
9000000656-1,2020-11-16,11.0,378.94736842105203,1,bad
9000000656-1,2020-11-16,12.0,348.62842892768106,1,bad
9000000656-1,2020-11-16,13.0,326.197183098591,1,bad
9000000656-1,2020-11-16,14.0,348.66008462623404,1,bad
9000000656-1,2020-11-17,8.0,456.70615208253696,1,good
9000000656-1,2020-11-17,9.0,366.652977412731,1,good
9000000656-1,2020-11-17,13.0,396.79054054054006,1,good
9000000656-1,2020-11-17,14.0,367.69596199525,1,good
9000000656-1,2020-11-17,15.0,367.666989351404,1,good
9000000656-1,2020-11-18,8.0,477.938305349473,1,bad
9000000656-1,2020-11-18,9.0,390.91940976163403,1,bad
9000000656-1,2020-11-18,10.0,403.056935422239,1,bad
9000000656-1,2020-11-18,14.0,447.5138121546942,1,bad
9000000656-1,2020-11-18,15.0,396.377502383223,1,bad
9000000656-1,2020-11-19,8.0,403.275027912171,1,bad
9000000656-1,2020-11-19,9.0,352.542372881356,1,bad
9000000656-1,2020-11-19,10.0,380.742987111448,1,bad
9000000656-1,2020-11-19,11.0,424.390243902439,1,bad
9000000656-1,2020-11-19,12.0,448.40506329114004,1,bad
9000000656-1,2020-11-20,8.0,363.397620024621,1,bad
9000000656-1,2020-11-20,9.0,427.97202797202607,1,bad
9000000656-1,2020-11-20,10.0,402.08919244676497,1,bad
9000000656-1,2020-11-20,11.0,429.806504734459,1,bad
9000000656-1,2020-11-20,12.0,466.15174920490597,1,bad
9000000656-1,2020-11-20,13.0,393.604148660328,1,bad
9000000656-1,2020-11-20,14.0,423.219512195122,1,bad
9000000656-1,2020-11-21,14.0,380.40726472206796,0,bad
9000000656-1,2020-11-22,7.0,41.50375939849628,0,bad
9000000656-1,2020-11-23,12.0,397.527812113722,1,bad
9000000656-1,2020-11-23,13.0,422.13883677298196,1,bad
9000000656-1,2020-11-23,14.0,448.74418604651197,1,bad
9000000656-1,2020-11-23,15.0,380.090497737556,1,bad
9000000656-1,2020-11-24,8.0,388.173913043478,1,bad
9000000656-1,2020-11-24,9.0,363.76306620209,1,bad
9000000656-1,2020-11-24,10.0,365.67910734898,1,bad
9000000656-1,2020-11-24,11.0,397.36638264911,1,bad
9000000656-1,2020-11-24,12.0,411.329812770044,1,bad
9000000656-1,2020-11-24,14.0,477.96070100902705,1,bad
9000000656-1,2020-11-24,15.0,440.573318632856,1,bad
9000000656-1,2020-11-25,10.0,379.66963151207,1,bad
9000000656-1,2020-11-25,14.0,391.6398713826356,1,bad
9000000656-1,2020-11-26,8.0,469.698257543561,1,bad
9000000656-1,2020-11-26,9.0,407.359705611775,1,bad
9000000656-1,2020-11-26,10.0,472.9707112970731,1,bad
9000000656-1,2020-11-26,11.0,390.68541300527306,1,bad
9000000656-1,2020-11-26,12.0,469.148936170213,1,bad
9000000656-1,2020-11-26,13.0,456.314312441533,1,bad
9000000656-1,2020-11-26,14.0,429.98500749625305,1,bad
9000000656-1,2020-11-27,8.0,435.29411764706003,1,bad
9000000656-1,2020-11-27,9.0,461.73578452330094,1,bad
9000000656-1,2020-11-27,10.0,363.854389721627,1,bad
9000000656-1,2020-11-27,11.0,457.894736842104,1,bad
9000000656-1,2020-11-27,12.0,451.555555555555,1,bad
9000000656-1,2020-11-28,9.0,246.01366742596835,0,bad
9000000656-1,2020-11-28,10.0,288.75177978168017,0,bad
9000000656-1,2020-11-28,11.0,357.352941176471,0,bad
9000000656-1,2020-11-29,8.0,52.9411764705883,0,bad
9000000656-1,2020-11-29,9.0,101.5673981191222,0,bad
9000000656-1,2020-11-29,10.0,179.1387559808614,0,bad
9000000656-1,2020-11-29,11.0,192.40759240759212,0,bad
9000000656-1,2020-11-30,8.0,493.4579439252356,1,bad
9000000656-1,2020-11-30,9.0,265.5615416493989,1,bad
9000000656-1,2020-12-01,8.0,448.934490923441,1,bad
9000000656-1,2020-12-01,9.0,412.747765254566,1,bad
9000000656-1,2020-12-01,10.0,438.714733542321,1,bad
9000000656-1,2020-12-01,11.0,485.65906455353604,1,bad
9000000656-1,2020-12-01,12.0,455.464159811984,1,bad
9000000656-1,2020-12-01,13.0,461.324041811846,1,bad
9000000656-1,2020-12-01,14.0,406.98135660452397,1,bad
9000000656-1,2020-12-01,15.0,477.77777777777806,1,bad
9000000656-1,2020-12-02,8.0,505.47358400761595,1,bad
9000000656-1,2020-12-02,9.0,409.411764705881,1,bad
9000000656-1,2020-12-02,10.0,387.845303867403,1,bad
9000000656-1,2020-12-02,11.0,372.661870503597,1,bad
9000000656-1,2020-12-02,12.0,384.301412872842,1,bad
9000000656-1,2020-12-02,13.0,354.9918166939433,1,bad
9000000656-1,2020-12-02,14.0,352.6229508196732,1,bad
9000000656-1,2020-12-02,15.0,397.2514147130143,1,bad
9000000656-1,2020-12-02,16.0,448.4789956542736,1,bad
9000000656-1,2020-12-03,8.0,408.71386677838444,1,bad
9000000656-1,2020-12-03,9.0,353.91705069124396,1,bad
9000000656-1,2020-12-03,10.0,310.2259670624288,1,bad
9000000656-1,2020-12-03,11.0,374.1007194244605,1,bad
9000000656-1,2020-12-03,12.0,383.4568864611798,1,bad
9000000656-1,2020-12-03,13.0,386.9615832363222,1,bad
9000000656-1,2020-12-03,14.0,362.650135606354,1,bad
9000000656-1,2020-12-03,15.0,395.087163232963,1,bad
9000000656-1,2020-12-03,16.0,464.017185821697,1,bad
9000000656-1,2020-12-04,8.0,500.908340214699,1,bad
9000000656-1,2020-12-04,9.0,408.02833530106295,1,bad
9000000656-1,2020-12-04,10.0,403.08880308880396,1,bad
9000000656-1,2020-12-04,11.0,430.740911182697,1,bad
9000000656-1,2020-12-04,12.0,432.453721937771,1,bad
9000000656-1,2020-12-04,13.0,456.35738831615,1,bad
9000000656-1,2020-12-04,14.0,470.65175472425904,1,bad
9000000656-1,2020-12-04,15.0,498.160535117055,1,bad
9000000656-1,2020-12-05,8.0,131.3343328335832,0,bad
9000000656-1,2020-12-05,9.0,251.961823966066,0,bad
9000000656-1,2020-12-05,10.0,299.6858638743454,0,bad
9000000656-1,2020-12-05,12.0,410.03861003861107,0,bad
9000000656-1,2020-12-05,13.0,309.224011713031,0,bad
9000000656-1,2020-12-05,14.0,345.712885840275,0,bad
9000000656-1,2020-12-05,15.0,308.416833667335,0,bad
9000000656-1,2020-12-06,8.0,54.37583296312751,0,bad
9000000656-1,2020-12-06,9.0,102.5591501690005,0,bad
9000000656-1,2020-12-06,10.0,165.70561456752623,0,bad
9000000656-1,2020-12-06,11.0,204.0971891376849,0,bad
9000000656-1,2020-12-06,12.0,240.3508771929824,0,bad
9000000656-1,2020-12-06,13.0,244.3359375,0,bad
9000000656-1,2020-12-06,14.0,191.2280701754383,0,bad
9000000656-1,2020-12-06,15.0,218.0716809692073,0,bad
9000000656-1,2020-12-07,8.0,531.753554502372,1,bad
9000000656-1,2020-12-07,9.0,431.104199066875,1,bad
9000000656-1,2020-12-07,10.0,437.689969604863,1,bad
9000000656-1,2020-12-07,11.0,436.06428851430906,1,bad
9000000656-1,2020-12-07,12.0,479.549718574111,1,bad
9000000656-1,2020-12-07,13.0,443.0550059358919,1,bad
9000000656-1,2020-12-07,14.0,373.205741626795,1,bad
9000000656-1,2020-12-07,15.0,424.950651401501,1,bad
9000000656-1,2020-12-08,8.0,481.509433962264,1,bad
9000000656-1,2020-12-08,9.0,411.981566820275,1,bad
9000000656-1,2020-12-08,10.0,431.086439333861,1,bad
9000000656-1,2020-12-08,11.0,415.655577299412,1,bad
9000000656-1,2020-12-08,12.0,443.16322555512204,1,bad
9000000656-1,2020-12-08,13.0,422.068965517241,1,bad
9000000656-1,2020-12-08,14.0,419.265692854324,1,bad
9000000656-1,2020-12-08,15.0,436.191974822974,1,bad
9000000656-1,2020-12-09,9.0,404.096100827098,1,bad
9000000656-1,2020-12-09,10.0,406.231003039513,1,bad
9000000656-1,2020-12-09,11.0,407.339449541285,1,bad
9000000656-1,2020-12-09,12.0,412.86323130569497,1,bad
9000000656-1,2020-12-09,13.0,415.884476534296,1,bad
9000000656-1,2020-12-09,14.0,428.358208955225,1,bad
9000000656-1,2020-12-09,15.0,472.88746495795,1,bad
9000000656-1,2020-12-10,8.0,464.67172845020093,1,bad
9000000656-1,2020-12-10,9.0,380.300751879699,1,bad
9000000656-1,2020-12-10,10.0,387.845303867403,1,bad
9000000656-1,2020-12-10,11.0,418.40539468465,1,bad
9000000656-1,2020-12-10,12.0,425.94339622641496,1,bad
9000000656-1,2020-12-10,13.0,444.009397024277,1,bad
9000000656-1,2020-12-10,14.0,473.15112540193,1,bad
9000000656-1,2020-12-10,15.0,456.418383518224,1,bad
9000000656-1,2020-12-10,16.0,496.303696303696,1,bad
9000000656-1,2020-12-11,8.0,443.83561643835696,1,bad
9000000656-1,2020-12-11,9.0,456.08342989571406,1,bad
9000000656-1,2020-12-11,10.0,429.37062937062797,1,bad
9000000656-1,2020-12-11,11.0,401.981707317074,1,bad
9000000656-1,2020-12-11,12.0,443.661971830986,1,bad
9000000656-1,2020-12-11,13.0,476.30769230769204,1,bad
9000000656-1,2020-12-11,14.0,504.50310559006004,1,bad
9000000656-1,2020-12-11,15.0,488.812980358668,1,bad
9000000656-1,2020-12-12,9.0,225.110782865583,0,bad
9000000656-1,2020-12-12,10.0,268.65671641791096,0,bad
9000000656-1,2020-12-12,11.0,393.452094366876,0,bad
9000000656-1,2020-12-12,12.0,410.0147275405001,0,bad
9000000656-1,2020-12-12,13.0,371.209057824505,0,bad
9000000656-1,2020-12-12,14.0,355.79766536964996,0,bad
9000000656-1,2020-12-12,15.0,278.155339805825,0,bad
9000000656-1,2020-12-13,9.0,87.888942077549,0,bad
9000000656-1,2020-12-13,10.0,178.0979827089337,0,bad
9000000656-1,2020-12-13,11.0,205.4867256637171,0,bad
9000000656-1,2020-12-13,12.0,324.8740265689423,0,bad
9000000656-1,2020-12-13,13.0,286.94457169033444,0,bad
9000000656-1,2020-12-13,14.0,328.87151929653226,0,bad
9000000656-1,2020-12-13,15.0,347.75751601774226,0,bad
9000000656-1,2020-12-14,8.0,460.176991150443,1,bad
9000000656-1,2020-12-14,9.0,410.355486862441,1,bad
9000000656-1,2020-12-14,10.0,404.93066255778206,1,bad
9000000656-1,2020-12-14,11.0,418.411967779056,1,bad
9000000656-1,2020-12-14,12.0,486.71659440283804,1,bad
9000000656-1,2020-12-14,13.0,476.269901440485,1,bad
9000000656-1,2020-12-14,14.0,441.929055400557,1,bad
9000000656-1,2020-12-14,15.0,411.797528895974,1,bad
9000000656-1,2020-12-15,9.0,432.0,1,bad
9000000656-1,2020-12-15,10.0,392.932862190813,1,bad
9000000656-1,2020-12-15,11.0,415.80547112462,1,bad
9000000656-1,2020-12-15,12.0,457.57009345794495,1,bad
9000000656-1,2020-12-15,13.0,463.35260115607,1,bad
9000000656-1,2020-12-15,14.0,410.03861003861095,1,bad
9000000656-1,2020-12-15,15.0,441.76829268292795,1,bad
9000000656-1,2020-12-16,8.0,486.486486486485,1,bad
9000000656-1,2020-12-16,9.0,438.92307692307696,1,bad
9000000656-1,2020-12-16,10.0,482.875918051797,1,bad
9000000656-1,2020-12-16,11.0,470.407378939277,1,bad
9000000656-1,2020-12-16,12.0,490.52466718872495,1,bad
9000000656-1,2020-12-16,13.0,413.476263399695,1,bad
9000000656-1,2020-12-16,14.0,477.70554493307804,1,bad
9000000656-1,2020-12-16,15.0,390.18987341772095,1,bad
9000000656-1,2020-12-16,16.0,470.72111207645696,1,bad
9000000656-1,2020-12-17,8.0,431.46067415730505,1,bad
9000000656-1,2020-12-17,9.0,377.129148340663,1,bad
9000000656-1,2020-12-17,11.0,472.949002217296,1,bad
9000000656-1,2020-12-17,13.0,484.77429227237803,1,bad
9000000656-1,2020-12-17,14.0,447.85373608903,1,bad
9000000656-1,2020-12-17,15.0,476.552795031054,1,bad
9000000656-1,2020-12-17,16.0,481.1374407582921,1,bad
9000000656-1,2020-12-18,8.0,511.231101511881,1,bad
9000000656-1,2020-12-18,9.0,309.8875533152387,1,bad
9000000656-1,2020-12-18,10.0,486.412213740458,1,bad
9000000656-1,2020-12-18,11.0,432.164634146342,1,bad
9000000656-1,2020-12-18,12.0,513.501144164761,1,bad
9000000656-1,2020-12-18,13.0,433.55136590996403,1,bad
9000000656-1,2020-12-18,14.0,494.332445796882,1,bad
9000000656-1,2020-12-18,15.0,439.35242839352406,1,bad
9000000656-1,2020-12-19,9.0,257.5132021123386,0,bad
9000000656-1,2020-12-19,10.0,356.1895996318449,0,bad
9000000656-1,2020-12-19,11.0,422.297624818225,0,bad
9000000656-1,2020-12-19,12.0,371.871968962173,0,bad
9000000656-1,2020-12-19,13.0,379.9610894941634,0,bad
9000000656-1,2020-12-19,14.0,411.142061281338,0,bad
9000000656-1,2020-12-19,15.0,386.301369863015,0,bad
9000000656-1,2020-12-20,9.0,128.50768468021812,0,bad
9000000656-1,2020-12-20,10.0,193.84615384615358,0,bad
9000000656-1,2020-12-20,11.0,270.1720841300191,0,bad
9000000656-1,2020-12-20,12.0,349.069539666993,0,bad
9000000656-1,2020-12-20,13.0,307.317073170732,0,bad
9000000656-1,2020-12-20,14.0,323.52941176470597,0,bad
9000000656-1,2020-12-20,15.0,288.721804511278,0,bad
9000000656-1,2020-12-21,9.0,471.74333204483895,1,bad
9000000656-1,2020-12-21,10.0,448.438102583881,1,bad
9000000656-1,2020-12-21,11.0,465.334900117507,1,bad
9000000656-1,2020-12-21,12.0,496.9936708860761,1,bad
9000000656-1,2020-12-21,13.0,470.24901703800697,1,bad
9000000656-1,2020-12-21,14.0,429.28176795579895,1,bad
9000000656-1,2020-12-21,15.0,473.55257063455406,1,bad
9000000656-1,2020-12-22,9.0,487.58782201405097,1,bad
9000000656-1,2020-12-22,10.0,429.07385697538007,1,bad
9000000656-1,2020-12-22,11.0,462.26787830896797,1,bad
9000000656-1,2020-12-22,12.0,441.225626740948,1,bad
9000000656-1,2020-12-22,13.0,487.603960396038,1,bad
9000000656-1,2020-12-22,14.0,450.886175659709,1,bad
9000000656-1,2020-12-22,15.0,492.126909518212,1,bad
9000000656-1,2020-12-23,9.0,430.574257425741,1,good
9000000656-1,2020-12-23,10.0,517.0432784373791,1,good
9000000656-1,2020-12-23,11.0,527.682737169519,1,good
9000000656-1,2020-12-23,12.0,507.872174590802,1,good
9000000656-1,2020-12-23,13.0,491.67974882260705,1,good
9000000656-1,2020-12-23,14.0,539.930421337456,1,good
9000000656-1,2020-12-23,15.0,490.134175217047,1,good
9000000656-1,2020-12-24,9.0,449.395973154363,1,bad
9000000656-1,2020-12-24,10.0,487.709497206704,1,bad
9000000656-1,2020-12-24,11.0,475.881261595547,1,bad
9000000656-1,2020-12-24,12.0,481.1455847255361,1,bad
9000000656-1,2020-12-24,13.0,456.387665198238,1,bad
9000000656-1,2020-12-24,14.0,442.34404536861894,1,bad
9000000656-1,2020-12-24,15.0,452.714617169374,1,bad
9000000656-1,2020-12-25,9.0,92.9698708751793,1,bad
9000000656-1,2020-12-25,10.0,154.43279313632019,1,bad
9000000656-1,2020-12-25,11.0,206.87706076307072,1,bad
9000000656-1,2020-12-25,12.0,236.93181818181802,1,bad
9000000656-1,2020-12-25,13.0,306.12244897959204,1,bad
9000000656-1,2020-12-25,14.0,288.536812674743,1,bad
9000000656-1,2020-12-25,15.0,268.047337278106,1,bad
9000000656-1,2020-12-26,9.0,114.1210374639769,0,bad
9000000656-1,2020-12-26,10.0,193.45794392523348,0,bad
9000000656-1,2020-12-26,14.0,269.3877551020405,0,bad
9000000656-1,2020-12-26,15.0,330.21276595744666,0,bad
9000000656-1,2020-12-26,16.0,366.8454412481708,0,bad
9000000656-1,2020-12-27,9.0,106.6921606118548,0,bad
9000000656-1,2020-12-27,10.0,193.11023622047222,0,bad
9000000656-1,2020-12-27,11.0,234.5508390918061,0,bad
9000000656-1,2020-12-27,12.0,271.2213383247549,0,bad
9000000656-1,2020-12-27,13.0,252.4177949709866,0,bad
9000000656-1,2020-12-27,14.0,322.07792207792147,0,bad
9000000656-1,2020-12-27,15.0,264.7807637906649,0,bad
9000000656-1,2020-12-27,16.0,292.5110132158591,0,bad
9000000656-1,2020-12-28,9.0,334.3373493975903,1,bad
9000000656-1,2020-12-28,10.0,393.98084815321397,1,bad
9000000656-1,2020-12-28,11.0,387.244169443121,1,bad
9000000656-1,2020-12-28,12.0,451.47956787224,1,bad
9000000656-1,2020-12-28,13.0,407.286673058485,1,bad
9000000656-1,2020-12-28,14.0,341.20628484541373,1,bad
9000000656-1,2020-12-28,15.0,362.88271314177996,1,bad
9000000656-1,2020-12-28,16.0,479.53667953668014,1,bad
9000000656-1,2020-12-29,9.0,289.261233815689,1,bad
9000000656-1,2020-12-29,10.0,413.551401869158,1,bad
9000000656-1,2020-12-29,11.0,368.0000000000004,1,bad
9000000656-1,2020-12-29,12.0,411.18210862619696,1,bad
9000000656-1,2020-12-29,13.0,435.779325120514,1,bad
9000000656-1,2020-12-29,14.0,385.089141004862,1,bad
9000000656-1,2020-12-29,15.0,377.25426482534397,1,bad
9000000656-1,2020-12-30,9.0,362.234042553191,1,bad
9000000656-1,2020-12-30,10.0,341.19922630561,1,bad
9000000656-1,2020-12-30,11.0,490.619469026548,1,bad
9000000656-1,2020-12-30,12.0,553.34831460674,1,bad
9000000656-1,2020-12-30,13.0,492.66697804764306,1,bad
9000000656-1,2020-12-30,14.0,520.961538461537,1,bad
9000000656-1,2020-12-30,15.0,447.34774066797695,1,bad
9000000656-1,2020-12-30,16.0,408.41720036596405,1,bad
9000000656-1,2020-12-31,9.0,279.296346414073,1,bad
9000000656-1,2020-12-31,10.0,357.831325301206,1,bad
9000000656-1,2020-12-31,11.0,450.59708093764004,1,bad
9000000656-1,2020-12-31,12.0,457.04347826086905,1,bad
9000000656-1,2020-12-31,13.0,480.653950953679,1,bad
9000000656-1,2020-12-31,14.0,382.095062298107,1,bad
9000000656-1,2020-12-31,15.0,367.94625719769704,1,bad
9000000656-1,2020-12-31,16.0,395.355587808417,1,bad
9000000656-1,2021-01-01,9.0,68.5873605947956,1,bad
9000000656-1,2021-01-01,10.0,134.0876944837343,1,bad
9000000656-1,2021-01-01,11.0,172.5072604065829,1,bad
9000000656-1,2021-01-01,12.0,243.92523364486001,1,bad
9000000656-1,2021-01-01,13.0,261.90917516218724,1,bad
9000000656-1,2021-01-01,14.0,266.2873399715504,1,bad
9000000656-1,2021-01-01,15.0,275.2730883813303,1,bad
9000000656-1,2021-01-01,16.0,273.5999999999999,1,bad
9000000656-1,2021-01-02,9.0,71.09826589595369,0,bad
9000000656-1,2021-01-02,10.0,166.31376323387929,0,bad
9000000656-1,2021-01-02,11.0,193.72197309417012,0,bad
9000000656-1,2021-01-02,12.0,260.7476635514016,0,bad
9000000656-1,2021-01-02,13.0,251.72413793103408,0,bad
9000000656-1,2021-01-02,14.0,277.57805108798533,0,bad
9000000656-1,2021-01-02,15.0,194.285714285714,0,bad
9000000656-1,2021-01-03,9.0,90.25543992431409,0,bad
9000000656-1,2021-01-03,10.0,130.0998573466477,0,bad
9000000656-1,2021-01-03,11.0,229.3208430913353,0,bad
9000000656-1,2021-01-03,12.0,265.44578313252975,0,bad
9000000656-1,2021-01-03,13.0,315.06713078070595,0,bad
9000000656-1,2021-01-03,14.0,278.15750371471006,0,bad
9000000656-1,2021-01-03,15.0,285.1485148514847,0,bad
9000000656-1,2021-01-04,9.0,363.393558523173,1,bad
9000000656-1,2021-01-04,10.0,316.40625,1,bad
9000000656-1,2021-01-04,11.0,353.95683453237405,1,bad
9000000656-1,2021-01-04,12.0,419.85815602836897,1,bad
9000000656-1,2021-01-04,13.0,385.55228895422,1,bad
9000000656-1,2021-01-04,14.0,367.883211678832,1,bad
9000000656-1,2021-01-04,15.0,376.012708498808,1,bad
9000000656-1,2021-01-04,16.0,429.991281604184,1,bad
9000000656-1,2021-01-05,9.0,426.923076923075,1,bad
9000000656-1,2021-01-05,10.0,403.049759229534,1,bad
9000000656-1,2021-01-05,11.0,451.83973834832295,1,bad
9000000656-1,2021-01-05,12.0,386.64521319388496,1,bad
9000000656-1,2021-01-05,13.0,423.52941176470404,1,bad
9000000656-1,2021-01-05,14.0,430.40262941659705,1,bad
9000000656-1,2021-01-05,15.0,423.52941176470694,1,bad
9000000656-1,2021-01-06,9.0,398.2738328756385,1,bad
9000000656-1,2021-01-06,10.0,379.175010012014,1,bad
9000000656-1,2021-01-06,11.0,329.70645792563516,1,bad
9000000656-1,2021-01-06,12.0,432.81884646628697,1,bad
9000000656-1,2021-01-06,13.0,411.90276613579306,1,bad
9000000656-1,2021-01-06,14.0,419.52040387042626,1,bad
9000000656-1,2021-01-06,15.0,361.84773310521825,1,bad
9000000656-1,2021-01-06,16.0,423.61623616236193,1,bad
9000000656-1,2021-01-07,9.0,400.0000000000001,1,bad
9000000656-1,2021-01-07,10.0,328.06804374240596,1,bad
9000000656-1,2021-01-07,11.0,339.236393176278,1,bad
9000000656-1,2021-01-07,12.0,438.01192842942356,1,bad
9000000656-1,2021-01-07,13.0,429.4946147473072,1,bad
9000000656-1,2021-01-07,14.0,425.5102040816315,1,bad
9000000656-1,2021-01-07,15.0,374.4819179195459,1,bad
9000000656-1,2021-01-07,16.0,426.277372262773,1,bad
9000000656-1,2021-01-08,9.0,357.0370370370383,1,bad
9000000656-1,2021-01-08,10.0,354.336425978217,1,bad
9000000656-1,2021-01-08,11.0,394.00749063670503,1,bad
9000000656-1,2021-01-08,12.0,402.612244897961,1,bad
9000000656-1,2021-01-08,13.0,411.346384338795,1,bad
9000000656-1,2021-01-08,14.0,424.22744128553904,1,bad
9000000656-1,2021-01-08,15.0,373.469387755101,1,bad
9000000656-1,2021-01-08,16.0,430.796304443466,1,bad
9000000656-1,2021-01-09,9.0,154.4327931363204,0,bad
9000000656-1,2021-01-09,14.0,370.7462686567169,0,bad
9000000656-1,2021-01-09,15.0,379.7631862217436,0,bad
9000000656-1,2021-01-10,9.0,105.83788324233508,0,bad
9000000656-1,2021-01-10,10.0,154.82189400521267,0,bad
9000000656-1,2021-01-10,11.0,220.3448275862069,0,bad
9000000656-1,2021-01-10,12.0,238.6002120890781,0,bad
9000000656-1,2021-01-10,14.0,282.2458270106218,0,bad
9000000656-1,2021-01-10,15.0,250.4184100418411,0,bad
9000000656-1,2021-01-10,16.0,271.0498409331923,0,bad
9000000656-1,2021-01-11,9.0,486.78806664083595,1,bad
9000000656-1,2021-01-11,10.0,399.287305122495,1,bad
9000000656-1,2021-01-11,11.0,458.60805860805704,1,bad
9000000656-1,2021-01-11,12.0,443.69747899159466,1,bad
9000000656-1,2021-01-11,13.0,426.56826568265757,1,bad
9000000656-1,2021-01-11,14.0,383.64136846244537,1,bad
9000000656-1,2021-01-11,15.0,409.953606073387,1,bad
9000000656-1,2021-01-11,16.0,445.1612903225793,1,bad
9000000656-1,2021-01-12,9.0,417.91975068173133,1,bad
9000000656-1,2021-01-12,10.0,337.73043834494166,1,bad
9000000656-1,2021-01-12,11.0,374.794520547946,1,bad
9000000656-1,2021-01-12,13.0,500.66225165562594,1,bad
9000000656-1,2021-01-12,14.0,453.7067545304789,1,bad
9000000656-1,2021-01-12,15.0,397.3834832379392,1,bad
9000000656-1,2021-01-12,16.0,390.3973509933759,1,bad
9000000656-1,2021-01-13,9.0,398.6776859504118,1,bad
9000000656-1,2021-01-13,10.0,235.15666489644178,1,bad
9000000656-1,2021-01-13,15.0,392.1875,1,bad
9000000656-1,2021-01-13,16.0,393.96811719086645,1,bad
9000000656-1,2021-01-14,8.0,452.74238227146907,1,bad
9000000656-1,2021-01-14,9.0,326.204081632654,1,bad
9000000656-1,2021-01-14,10.0,342.199488491049,1,bad
9000000656-1,2021-01-14,11.0,365.654450261781,1,bad
9000000656-1,2021-01-14,12.0,325.020242914979,1,bad
9000000656-1,2021-01-14,13.0,355.64818674447804,1,bad
9000000656-1,2021-01-14,14.0,392.462987886944,1,bad
9000000656-1,2021-01-14,15.0,317.6470588235292,1,bad
9000000656-1,2021-01-14,16.0,419.347037484884,1,bad
9000000656-1,2021-01-15,8.0,449.04458598726205,1,bad
9000000656-1,2021-01-15,9.0,313.88589881593066,1,bad
9000000656-1,2021-01-15,11.0,476.123170116104,1,bad
9000000656-1,2021-01-15,12.0,415.508021390374,1,bad
9000000656-1,2021-01-15,13.0,423.64425162689804,1,bad
9000000656-1,2021-01-15,15.0,471.0638297872343,1,bad
9000000656-1,2021-01-15,16.0,420.218863991663,1,bad
9000000656-1,2021-01-16,10.0,247.48810153358,0,bad
9000000656-1,2021-01-16,15.0,279.2452830188671,0,bad
9000000656-1,2021-01-16,16.0,368.7532333160897,0,bad
9000000656-1,2021-01-17,9.0,118.75,0,bad
9000000656-1,2021-01-17,10.0,172.2640673460348,0,bad
9000000656-1,2021-01-17,11.0,251.3761467889905,0,bad
9000000656-1,2021-01-17,12.0,294.0798531436442,0,bad
9000000656-1,2021-01-17,15.0,266.38874413757236,0,bad
9000000656-1,2021-01-18,9.0,453.46294046172443,1,bad
9000000656-1,2021-01-18,10.0,399.78009895547035,1,bad
9000000656-1,2021-01-18,11.0,438.2476832350463,1,bad
9000000656-1,2021-01-18,12.0,439.5789473684201,1,bad
9000000656-1,2021-01-18,14.0,431.0772927513009,1,bad
9000000656-1,2021-01-18,15.0,372.611464968154,1,bad
9000000656-1,2021-01-18,16.0,345.902301170771,1,bad
9000000656-1,2021-01-19,9.0,414.98981670061204,1,bad
9000000656-1,2021-01-19,10.0,416.00653327888926,1,bad
9000000656-1,2021-01-19,11.0,435.521235521235,1,bad
9000000656-1,2021-01-19,13.0,444.46630595179687,1,bad
9000000656-1,2021-01-19,14.0,429.8722044728423,1,bad
9000000656-1,2021-01-19,15.0,393.12883435582785,1,bad
9000000656-1,2021-01-19,16.0,423.003723624329,1,bad
9000000656-1,2021-01-20,9.0,423.4420140321918,1,bad
9000000656-1,2021-01-20,10.0,435.705669481301,1,bad
9000000656-1,2021-01-20,11.0,433.3748443337486,1,bad
9000000656-1,2021-01-20,12.0,429.828236279851,1,bad
9000000656-1,2021-01-20,13.0,469.08127208480596,1,bad
9000000656-1,2021-01-20,14.0,459.89010989011,1,bad
9000000656-1,2021-01-20,15.0,458.33729216152096,1,bad
9000000656-1,2021-01-20,16.0,476.129032258066,1,bad
9000000656-1,2021-01-21,9.0,414.66854724964696,1,bad
9000000656-1,2021-01-21,10.0,409.599999999999,1,bad
9000000656-1,2021-01-21,11.0,357.51724137931154,1,bad
9000000656-1,2021-01-21,12.0,472.18604651162894,1,bad
9000000656-1,2021-01-21,13.0,477.1257485029936,1,bad
9000000656-1,2021-01-21,14.0,396.24949041989447,1,bad
9000000656-1,2021-01-21,15.0,404.246631278073,1,bad
9000000656-1,2021-01-21,16.0,421.165770979744,1,bad
9000000656-1,2021-01-22,9.0,440.530007794232,1,bad
9000000656-1,2021-01-22,10.0,399.50495049505,1,bad
9000000656-1,2021-01-22,11.0,464.2186165670359,1,bad
9000000656-1,2021-01-22,12.0,460.77003121748004,1,bad
9000000656-1,2021-01-22,13.0,462.7492130115435,1,bad
9000000656-1,2021-01-22,14.0,453.029518384257,1,bad
9000000656-1,2021-01-22,15.0,429.69432314410403,1,bad
9000000656-1,2021-01-22,16.0,464.63054187191995,1,bad
9000000656-1,2021-01-23,9.0,174.4749596122781,0,bad
9000000656-1,2021-01-23,10.0,282.1192052980132,0,bad
9000000656-1,2021-01-23,12.0,392.0215633423185,0,bad
9000000656-1,2021-01-23,14.0,317.24879097259617,0,bad
9000000656-1,2021-01-23,15.0,281.0985460420041,0,bad
9000000656-1,2021-01-23,16.0,268.6010362694301,0,bad
9000000656-1,2021-01-24,9.0,80.0671422576584,0,bad
9000000656-1,2021-01-24,10.0,198.40134623474933,0,bad
9000000656-1,2021-01-24,11.0,226.6889074228517,0,bad
9000000656-1,2021-01-24,12.0,268.0017414018284,0,bad
9000000656-1,2021-01-24,13.0,349.72458688032094,0,bad
9000000656-1,2021-01-24,14.0,281.63916977115497,0,bad
9000000656-1,2021-01-24,15.0,227.66798418972377,0,bad
9000000656-1,2021-01-24,16.0,272.72727272727207,0,bad
9000000656-1,2021-01-25,9.0,435.368754956384,1,bad
9000000656-1,2021-01-25,10.0,398.27383287563845,1,bad
9000000656-1,2021-01-25,11.0,473.492513152571,1,bad
9000000656-1,2021-01-25,12.0,474.77227722772096,1,bad
9000000656-1,2021-01-25,13.0,454.6805349182755,1,bad
9000000656-1,2021-01-25,14.0,500.56179775281004,1,bad
9000000656-1,2021-01-25,15.0,404.1864890580396,1,bad
9000000656-1,2021-01-25,16.0,393.0275229357817,1,bad
9000000656-1,2021-01-26,9.0,424.6453182002434,1,bad
9000000656-1,2021-01-26,10.0,430.59397884458957,1,bad
9000000656-1,2021-01-26,11.0,387.1886120996433,1,bad
9000000656-1,2021-01-26,12.0,424.7191011235968,1,bad
9000000656-1,2021-01-26,13.0,450.7826086956534,1,bad
9000000656-1,2021-01-26,14.0,427.3092369477898,1,bad
9000000656-1,2021-01-26,15.0,373.2283464566931,1,bad
9000000656-1,2021-01-26,16.0,370.63166529942595,1,bad
9000000656-1,2021-01-27,9.0,421.1106734935008,1,bad
9000000656-1,2021-01-27,10.0,380.6167400881057,1,bad
9000000656-1,2021-01-27,11.0,501.9364833462427,1,bad
9000000656-1,2021-01-27,12.0,423.4251968503932,1,bad
9000000656-1,2021-01-27,15.0,415.7043879907617,1,bad
9000000656-1,2021-01-27,16.0,471.9424460431678,1,bad
9000000656-1,2021-01-27,17.0,464.2622950819656,1,bad
9000000656-1,2021-01-28,8.0,504.58221024259,1,bad
9000000656-1,2021-01-28,9.0,440.32825322391557,1,bad
9000000656-1,2021-01-28,10.0,420.1708011386729,1,bad
9000000656-1,2021-01-28,11.0,439.4973070017945,1,bad
9000000656-1,2021-01-28,12.0,435.3197042192232,1,bad
9000000656-1,2021-01-28,13.0,494.9822204662166,1,bad
9000000656-1,2021-01-28,14.0,410.9253974724829,1,bad
9000000656-1,2021-01-28,15.0,446.45375362919924,1,bad
9000000656-1,2021-01-28,16.0,397.1119133574013,1,bad
9000000656-1,2021-01-29,9.0,409.75609756097504,1,bad
9000000656-1,2021-01-29,10.0,379.5620437956196,1,bad
9000000656-1,2021-01-29,11.0,426.60217654171606,1,bad
9000000656-1,2021-01-29,12.0,540.1483924155,1,bad
9000000656-1,2021-01-29,13.0,513.461538461536,1,bad
9000000656-1,2021-01-29,14.0,423.97636133389597,1,bad
9000000656-1,2021-01-29,15.0,458.181818181818,1,bad
9000000656-1,2021-01-29,16.0,428.571428571428,1,bad
9000000656-1,2021-01-30,13.0,396.09756097560916,0,bad
9000000656-1,2021-01-30,14.0,396.4931506849315,0,bad
9000000656-1,2021-01-30,15.0,315.0905432595582,0,bad
9000000656-1,2021-01-30,16.0,349.89200863930927,0,bad
9000000656-1,2021-01-31,9.0,86.34976013955522,0,bad
9000000656-1,2021-01-31,10.0,132.1100917431196,0,bad
9000000656-1,2021-01-31,11.0,207.2394243349321,0,bad
9000000656-1,2021-01-31,12.0,225.3756260434057,0,bad
9000000656-1,2021-01-31,13.0,266.7367314766159,0,bad
9000000656-1,2021-01-31,15.0,263.9999999999999,0,bad
9000000656-1,2021-01-31,16.0,253.4934497816594,0,bad
9000000656-1,2021-02-01,9.0,454.99207606973005,1,bad
9000000656-1,2021-02-01,10.0,428.3955683217074,1,bad
9000000656-1,2021-02-01,11.0,491.20287253141703,1,bad
9000000656-1,2021-02-01,12.0,441.4407122622428,1,bad
9000000656-1,2021-02-01,13.0,482.0734341252718,1,bad
9000000656-1,2021-02-01,15.0,422.8287841191051,1,bad
9000000656-1,2021-02-01,16.0,398.2978723404247,1,bad
9000000656-1,2021-02-01,17.0,482.5862068965535,1,bad
9000000656-1,2021-02-02,9.0,451.199999999999,1,bad
9000000656-1,2021-02-02,10.0,404.5714285714282,1,bad
9000000656-1,2021-02-02,11.0,456.9875776397498,1,bad
9000000656-1,2021-02-02,12.0,401.593625498007,1,bad
9000000656-1,2021-02-02,13.0,472.6477024070021,1,bad
9000000656-1,2021-02-02,15.0,413.40416836943285,1,bad
9000000656-1,2021-02-02,16.0,566.1290322580612,1,bad
9000000656-1,2021-02-02,17.0,449.9999999999992,1,bad
9000000656-1,2021-02-03,9.0,477.823577906018,1,good
9000000656-1,2021-02-03,10.0,428.0759702725029,1,good
9000000656-1,2021-02-03,11.0,446.04437002930104,1,good
9000000656-1,2021-02-03,12.0,449.62531223979994,1,good
9000000656-1,2021-02-03,13.0,435.13174404015155,1,good
9000000656-1,2021-02-03,14.0,482.155408043734,1,good
9000000656-1,2021-02-03,15.0,490.84188911704496,1,good
9000000656-1,2021-02-03,16.0,485.3767820773942,1,good
9000000656-1,2021-02-04,8.0,463.404255319149,1,good
9000000656-1,2021-02-04,9.0,420.664206642066,1,good
9000000656-1,2021-02-04,10.0,470.868014268727,1,good
9000000656-1,2021-02-04,11.0,432.402234636871,1,good
9000000656-1,2021-02-04,12.0,447.552447552446,1,good
9000000656-1,2021-02-04,13.0,512.081060015588,1,good
9000000656-1,2021-02-04,14.0,431.54121863799367,1,good
9000000656-1,2021-02-04,15.0,419.68535699878987,1,good
9000000656-1,2021-02-04,16.0,436.99421965318004,1,good
9000000656-1,2021-02-04,17.0,426.3157894736837,1,good
9000000656-1,2021-02-05,9.0,393.84359400998403,1,good
9000000656-1,2021-02-05,10.0,436.574970941495,1,good
9000000656-1,2021-02-05,11.0,458.39900456242196,1,good
9000000656-1,2021-02-05,12.0,476.792223572296,1,good
9000000656-1,2021-02-05,13.0,429.89439480097406,1,good
9000000656-1,2021-02-05,14.0,462.47559547052043,1,good
9000000656-1,2021-02-05,15.0,454.58248472504965,1,good
9000000656-1,2021-02-05,16.0,453.9864512767057,1,good
9000000656-1,2021-02-06,9.0,211.99563794983632,0,good
9000000656-1,2021-02-06,10.0,353.37423312883436,0,good
9000000656-1,2021-02-06,11.0,438.6164171399083,0,good
9000000656-1,2021-02-06,12.0,420.03004506760135,0,good
9000000656-1,2021-02-06,13.0,414.7549267306717,0,good
9000000656-1,2021-02-06,14.0,446.1038961038973,0,good
9000000656-1,2021-02-06,15.0,335.31218014329556,0,good
9000000656-1,2021-02-07,8.0,39.759036144578296,0,bad
9000000656-1,2021-02-07,9.0,81.6753926701571,0,bad
9000000656-1,2021-02-07,10.0,165.2250661959402,0,bad
9000000656-1,2021-02-07,11.0,290.0642609985168,0,bad
9000000656-1,2021-02-07,12.0,315.5015197568376,0,bad
9000000656-1,2021-02-07,13.0,325.8867125463205,0,bad
9000000656-1,2021-02-07,14.0,253.810264385692,0,bad
9000000656-1,2021-02-07,15.0,208.7506589351607,0,bad
9000000656-1,2021-02-07,16.0,239.6166134185297,0,bad
9000000656-1,2021-02-08,9.0,141.1764705882353,1,bad
9000000656-1,2021-02-08,10.0,230.2016724053126,1,bad
9000000656-1,2021-02-08,11.0,299.09909909909993,1,bad
9000000656-1,2021-02-08,12.0,323.3644859813078,1,bad
9000000656-1,2021-02-08,14.0,383.21971683272307,1,bad
9000000656-1,2021-02-08,16.0,347.11729622266364,1,bad
9000000656-1,2021-02-08,17.0,305.1749630359777,1,bad
9000000656-1,2021-02-09,9.0,458.39416058394,1,bad
9000000656-1,2021-02-09,10.0,436.893203883495,1,bad
9000000656-1,2021-02-09,11.0,417.77777777777897,1,bad
9000000656-1,2021-02-09,12.0,396.207749381699,1,bad
9000000656-1,2021-02-09,13.0,419.30594335859695,1,bad
9000000656-1,2021-02-09,14.0,465.98611678236097,1,bad
9000000656-1,2021-02-09,15.0,479.600333055787,1,bad
9000000656-1,2021-02-09,16.0,450.90325170614,1,bad
9000000656-1,2021-02-09,17.0,423.05986696230696,1,bad
9000000656-1,2021-02-10,9.0,495.684340320593,1,bad
9000000656-1,2021-02-10,10.0,417.434210526316,1,bad
9000000656-1,2021-02-10,11.0,379.943388596847,1,bad
9000000656-1,2021-02-10,12.0,473.94957983193,1,bad
9000000656-1,2021-02-10,13.0,448.55305466238104,1,bad
9000000656-1,2021-02-10,14.0,461.1134365843441,1,bad
9000000656-1,2021-02-10,15.0,478.41518778373995,1,bad
9000000656-1,2021-02-10,16.0,432.728806410798,1,bad
9000000656-1,2021-02-11,9.0,456.48,1,bad
9000000656-1,2021-02-11,10.0,491.70024174053196,1,bad
9000000656-1,2021-02-11,11.0,440.694789081885,1,bad
9000000656-1,2021-02-11,12.0,450.000000000001,1,bad
9000000656-1,2021-02-11,13.0,376.489663558979,1,bad
9000000656-1,2021-02-11,14.0,473.72175980975004,1,bad
9000000656-1,2021-02-11,15.0,478.0206185567002,1,bad
9000000656-1,2021-02-11,16.0,457.8461538461547,1,bad
9000000656-1,2021-02-11,17.0,466.5306122448971,1,bad
9000000656-1,2021-02-12,8.0,553.0332681017624,1,bad
9000000656-1,2021-02-12,11.0,454.81188118811616,1,bad
9000000656-1,2021-02-12,12.0,420.1438848920877,1,bad
9000000656-1,2021-02-12,14.0,419.31818181818136,1,bad
9000000656-1,2021-02-12,15.0,416.98113207547175,1,bad
9000000656-1,2021-02-12,16.0,427.0901447921549,1,bad
9000000656-1,2021-02-12,17.0,477.0622671633838,1,bad
9000000656-1,2021-02-13,10.0,279.704016913319,0,bad
9000000656-1,2021-02-13,14.0,419.6791443850283,0,bad
9000000656-1,2021-02-13,16.0,353.6572343833419,0,bad
9000000656-1,2021-02-13,17.0,382.8220858895702,0,bad
9000000656-1,2021-02-14,8.0,69.4835680751174,0,bad
9000000656-1,2021-02-14,9.0,68.4283727399165,0,bad
9000000656-1,2021-02-14,10.0,148.9655172413792,0,bad
9000000656-1,2021-02-14,11.0,319.89596879063697,0,bad
9000000656-1,2021-02-14,12.0,359.2356687898097,0,bad
9000000656-1,2021-02-14,13.0,329.20353982300963,0,bad
9000000656-1,2021-02-14,14.0,345.42728635682215,0,bad
9000000656-1,2021-02-14,16.0,338.34586466165547,0,bad
9000000656-1,2021-02-14,17.0,353.3849129593815,0,bad
9000000656-1,2021-02-15,9.0,280.597014925373,1,bad
9000000656-1,2021-02-15,10.0,318.472330475449,1,bad
9000000656-1,2021-02-15,11.0,445.12315270936,1,bad
9000000656-1,2021-02-15,12.0,450.35516969218554,1,bad
9000000656-1,2021-02-15,13.0,448.3353884093724,1,bad
9000000656-1,2021-02-15,14.0,433.09744148067364,1,bad
9000000656-1,2021-02-15,16.0,449.6202531645581,1,bad
9000000656-1,2021-02-15,17.0,476.32311977716,1,bad
9000000656-1,2021-02-16,8.0,501.5172413793093,1,bad
9000000656-1,2021-02-16,9.0,485.321507760533,1,bad
9000000656-1,2021-02-16,10.0,332.882273342355,1,bad
9000000656-1,2021-02-16,11.0,495.036615134256,1,bad
9000000656-1,2021-02-16,12.0,505.90631364562,1,bad
9000000656-1,2021-02-16,13.0,423.9520958083827,1,bad
9000000656-1,2021-02-16,14.0,497.67220902612706,1,bad
9000000656-1,2021-02-16,16.0,405.0365556458152,1,bad
9000000656-1,2021-02-16,17.0,451.0363887609408,1,bad
9000000656-1,2021-02-17,9.0,518.006430868169,1,bad
9000000656-1,2021-02-17,10.0,485.147713476326,1,bad
9000000656-1,2021-02-17,11.0,447.63061968408203,1,bad
9000000656-1,2021-02-17,12.0,455.3947912360473,1,bad
9000000656-1,2021-02-17,16.0,439.0243902439019,1,bad
9000000656-1,2021-02-17,17.0,540.8827463218919,1,bad
9000000656-1,2021-02-18,8.0,451.8218623481788,1,good
9000000656-1,2021-02-18,9.0,413.3511348464624,1,good
9000000656-1,2021-02-18,10.0,444.537463373797,1,good
9000000656-1,2021-02-18,13.0,428.7474332648891,1,good
9000000656-1,2021-02-18,14.0,506.5693430656919,1,good
9000000656-1,2021-02-18,15.0,453.688524590165,1,good
9000000656-1,2021-02-18,16.0,461.34766432410055,1,good
9000000656-1,2021-02-18,17.0,489.1754951635205,1,good
9000000656-1,2021-02-19,9.0,506.532663316582,1,bad
9000000656-1,2021-02-19,10.0,515.5234657039726,1,bad
9000000656-1,2021-02-19,11.0,485.24240809802683,1,bad
9000000656-1,2021-02-19,12.0,559.4217862674266,1,bad
9000000656-1,2021-02-19,13.0,485.2109791069254,1,bad
9000000656-1,2021-02-19,14.0,518.0595189563815,1,bad
9000000656-1,2021-02-19,15.0,520.2112337974078,1,bad
9000000656-1,2021-02-19,16.0,453.64372469635504,1,bad
9000000656-1,2021-02-19,17.0,521.1995863495342,1,bad
9000000656-1,2021-02-20,8.0,200.8188331627431,0,good
9000000656-1,2021-02-20,12.0,478.44698855151984,0,good
9000000656-1,2021-02-20,16.0,328.8715192965333,0,good
9000000656-1,2021-02-20,17.0,384.6889952153106,0,good
9000000656-1,2021-02-21,8.0,64.0069384215091,0,good
9000000656-1,2021-02-21,9.0,155.51753635585982,0,good
9000000656-1,2021-02-21,11.0,340.9031126698825,0,good
9000000656-1,2021-02-21,14.0,315.2432432432429,0,good
9000000656-1,2021-02-21,15.0,353.36225596529243,0,good
9000000656-1,2021-02-21,16.0,333.94495412844014,0,good
9000000656-1,2021-02-22,8.0,448.409893992934,1,good
9000000656-1,2021-02-22,9.0,426.3718910382959,1,good
9000000656-1,2021-02-22,10.0,511.004784688994,1,good
9000000656-1,2021-02-22,11.0,473.0550284629973,1,good
9000000656-1,2021-02-22,12.0,418.84126236457973,1,good
9000000656-1,2021-02-22,13.0,541.450313339304,1,good
9000000656-1,2021-02-22,14.0,444.0337484933721,1,good
9000000656-1,2021-02-22,15.0,480.81149619611097,1,good
9000000656-1,2021-02-22,16.0,416.8734491315113,1,good
9000000656-1,2021-02-22,17.0,474.65181058496,1,good
9000000656-1,2021-02-23,8.0,499.0825688073401,1,good
9000000656-1,2021-02-23,10.0,375.031004547333,1,good
9000000656-1,2021-02-23,11.0,412.551159618007,1,good
9000000656-1,2021-02-23,12.0,493.2101245480127,1,good
9000000656-1,2021-02-23,13.0,447.26324934839374,1,good
9000000656-1,2021-02-23,14.0,449.59422903516565,1,good
9000000656-1,2021-02-23,16.0,442.64705882353167,1,good
9000000656-1,2021-02-23,17.0,416.4609053497937,1,good
9000000656-1,2021-02-24,8.0,400.5633802816893,1,good
9000000656-1,2021-02-24,10.0,397.293868921776,1,good
9000000656-1,2021-02-24,11.0,456.71641791044897,1,good
9000000656-1,2021-02-24,12.0,465.39379474940307,1,good
9000000656-1,2021-02-24,13.0,444.4049733570176,1,good
9000000656-1,2021-02-24,16.0,382.4239497827138,1,good
9000000656-1,2021-02-24,17.0,398.1981981981986,1,good
9000000656-1,2021-02-25,8.0,523.2989690721662,1,good
9000000656-1,2021-02-25,9.0,374.47236180904497,1,good
9000000656-1,2021-02-25,10.0,428.41628959276,1,good
9000000656-1,2021-02-25,11.0,465.43933054393506,1,good
9000000656-1,2021-02-25,12.0,514.900398406373,1,good
9000000656-1,2021-02-25,13.0,455.3230209281148,1,good
9000000656-1,2021-02-25,14.0,412.73885350318426,1,good
9000000656-1,2021-02-25,16.0,452.7927182457617,1,good
9000000656-1,2021-02-25,17.0,409.6602537863269,1,good
9000000656-1,2021-02-26,9.0,286.1924686192467,1,good
9000000656-1,2021-02-26,10.0,399.83108108108,1,good
9000000656-1,2021-02-26,11.0,456.585365853659,1,good
9000000656-1,2021-02-26,12.0,501.70380078637004,1,good
9000000656-1,2021-02-26,13.0,544.1354292623921,1,good
9000000656-1,2021-02-26,14.0,470.2290076335889,1,good
9000000656-1,2021-02-26,16.0,505.4922279792722,1,good
9000000656-1,2021-02-26,17.0,552.639225181601,1,good
9000000656-1,2021-02-27,8.0,193.1527848748086,0,good
9000000656-1,2021-02-27,10.0,377.40358500814864,0,good
9000000656-1,2021-02-27,14.0,353.7572254335273,0,good
9000000656-1,2021-02-27,16.0,368.1203007518799,0,good
9000000656-1,2021-02-27,17.0,364.4859813084105,0,good
9000000656-1,2021-02-28,8.0,63.968410661401755,0,bad
9000000656-1,2021-02-28,9.0,60.1001669449081,0,bad
9000000656-1,2021-02-28,10.0,194.4723618090458,0,bad
9000000656-1,2021-02-28,11.0,326.86002522068054,0,bad
9000000656-1,2021-02-28,12.0,366.9741697416955,0,bad
9000000656-1,2021-02-28,14.0,362.7009646302245,0,bad
9000000656-1,2021-02-28,16.0,429.7674418604631,0,bad
9000000656-1,2021-02-28,17.0,405.3811659192842,0,bad
9000000656-1,2021-03-01,8.0,318.51851851851853,1,good
9000000656-1,2021-03-01,9.0,244.83627204030188,1,good
9000000656-1,2021-03-01,10.0,352.13830755232004,1,good
9000000656-1,2021-03-01,11.0,449.25619834710596,1,good
9000000656-1,2021-03-01,12.0,444.444444444445,1,good
9000000656-1,2021-03-01,13.0,515.3024911032002,1,good
9000000656-1,2021-03-01,14.0,448.5294117647074,1,good
9000000656-1,2021-03-01,16.0,455.2587646076782,1,good
9000000656-1,2021-03-01,17.0,405.1347881899866,1,good
9000000656-1,2021-03-01,18.0,498.0735551663718,1,good
9000000656-1,2021-03-02,8.0,423.7424547283719,1,good
9000000656-1,2021-03-02,9.0,272.305815372102,1,good
9000000656-1,2021-03-02,10.0,411.50541651101804,1,good
9000000656-1,2021-03-02,11.0,450.000000000001,1,good
9000000656-1,2021-03-02,12.0,453.5433070866141,1,good
9000000656-1,2021-03-02,13.0,421.9308700834337,1,good
9000000656-1,2021-03-02,14.0,350.667714061273,1,good
9000000656-1,2021-03-02,16.0,438.50085178875497,1,good
9000000656-1,2021-03-02,17.0,403.3826638477814,1,good
9000000656-1,2021-03-02,18.0,494.7643979057605,1,good
9000000656-1,2021-03-03,8.0,375.1341681574247,1,good
9000000656-1,2021-03-03,9.0,303.57615894039805,1,good
9000000656-1,2021-03-03,10.0,401.526717557252,1,good
9000000656-1,2021-03-03,11.0,397.383483237939,1,good
9000000656-1,2021-03-03,12.0,456.9118835893272,1,good
9000000656-1,2021-03-03,13.0,365.10186005314426,1,good
9000000656-1,2021-03-03,14.0,484.9740932642507,1,good
9000000656-1,2021-03-03,16.0,459.25304238355085,1,good
9000000656-1,2021-03-03,17.0,463.4632819582974,1,good
9000000656-1,2021-03-03,18.0,451.7036235803148,1,good
9000000656-1,2021-03-04,8.0,404.09874243129997,1,good
9000000656-1,2021-03-04,10.0,426.75210252302804,1,good
9000000656-1,2021-03-04,11.0,447.824175824175,1,good
9000000656-1,2021-03-04,12.0,465.1485148514868,1,good
9000000656-1,2021-03-04,13.0,493.1769722814494,1,good
9000000656-1,2021-03-04,14.0,449.8180347755771,1,good
9000000656-1,2021-03-04,16.0,458.12926535527697,1,good
9000000656-1,2021-03-04,17.0,438.8720173535774,1,good
9000000656-1,2021-03-04,18.0,548.8876831253373,1,good
9000000656-1,2021-03-05,8.0,458.83893496289926,1,bad
9000000656-1,2021-03-05,9.0,471.898290223586,1,bad
9000000656-1,2021-03-05,10.0,466.208012950222,1,bad
9000000656-1,2021-03-05,11.0,498.5374771480799,1,bad
9000000656-1,2021-03-05,12.0,478.8264058679724,1,bad
9000000656-1,2021-03-05,13.0,437.9178082191785,1,bad
9000000656-1,2021-03-05,14.0,506.8921775898536,1,bad
9000000656-1,2021-03-05,16.0,416.2237762237746,1,bad
9000000656-1,2021-03-05,17.0,634.8547717842318,1,bad
9000000656-1,2021-03-06,8.0,75.63025210084031,0,bad
9000000656-1,2021-03-06,9.0,183.1815747188002,0,bad
9000000656-1,2021-03-06,10.0,388.035069623518,0,bad
9000000656-1,2021-03-06,12.0,442.6550598476596,0,bad
9000000656-1,2021-03-06,13.0,473.88949079090105,0,bad
9000000656-1,2021-03-06,14.0,396.82034976152556,0,bad
9000000656-1,2021-03-06,16.0,357.8528827037766,0,bad
9000000656-1,2021-03-06,17.0,370.2446330504248,0,bad
9000000656-1,2021-03-06,18.0,443.75963020030673,0,bad
9000000656-1,2021-03-07,8.0,58.79873551106423,0,bad
9000000656-1,2021-03-07,9.0,85.78856152513,0,bad
9000000656-1,2021-03-07,10.0,190.2122130792551,0,bad
9000000656-1,2021-03-07,11.0,259.06099166300936,0,bad
9000000656-1,2021-03-07,12.0,340.21978021977935,0,bad
9000000656-1,2021-03-07,13.0,382.5098382160027,0,bad
9000000656-1,2021-03-07,14.0,333.54632587859476,0,bad
9000000656-1,2021-03-07,16.0,415.245737211633,0,bad
9000000656-1,2021-03-07,17.0,354.43298969072225,0,bad
9000000656-1,2021-03-07,18.0,495.8199356913177,0,bad
9000000656-1,2021-03-08,8.0,401.2433392539968,1,good
9000000656-1,2021-03-08,9.0,461.39011651265605,1,good
9000000656-1,2021-03-08,10.0,430.43478260869597,1,good
9000000656-1,2021-03-08,11.0,505.59356136820895,1,good
9000000656-1,2021-03-08,12.0,458.709677419353,1,good
9000000656-1,2021-03-08,13.0,462.1621621621609,1,good
9000000656-1,2021-03-08,14.0,375.6154747948415,1,good
9000000656-1,2021-03-08,16.0,466.18705035971334,1,good
9000000656-1,2021-03-08,17.0,453.7949400798945,1,good
9000000656-1,2021-03-08,18.0,501.711491442544,1,good
9000000656-1,2021-03-09,8.0,441.811256876852,1,bad
9000000656-1,2021-03-09,9.0,484.61538461538305,1,bad
9000000656-1,2021-03-09,10.0,431.677852348995,1,bad
9000000656-1,2021-03-09,12.0,457.189676362148,1,bad
9000000656-1,2021-03-09,13.0,403.1771247021452,1,bad
9000000656-1,2021-03-09,14.0,409.9644128113863,1,bad
9000000656-1,2021-03-09,16.0,362.8136569313038,1,bad
9000000656-1,2021-03-09,17.0,432.85502226620486,1,bad
9000000656-1,2021-03-09,18.0,494.61499748364395,1,bad
9000000656-1,2021-03-10,9.0,348.066298342541,1,bad
9000000656-1,2021-03-10,10.0,406.73076923076803,1,bad
9000000656-1,2021-03-10,11.0,500.12330456227,1,bad
9000000656-1,2021-03-10,12.0,475.04488330341,1,bad
9000000656-1,2021-03-10,13.0,430.1523656776272,1,bad
9000000656-1,2021-03-10,14.0,441.137855579869,1,bad
9000000656-1,2021-03-10,16.0,366.7640918580366,1,bad
9000000656-1,2021-03-10,17.0,453.4289556252786,1,bad
9000000656-1,2021-03-10,18.0,574.507772020724,1,bad
9000000656-1,2021-03-11,8.0,414.513788098693,1,bad
9000000656-1,2021-03-11,9.0,479.225494150867,1,bad
9000000656-1,2021-03-11,10.0,338.3527033855481,1,bad
9000000656-1,2021-03-11,13.0,503.71113340019906,1,bad
9000000656-1,2021-03-11,14.0,437.59398496240703,1,bad
9000000656-1,2021-03-11,15.0,450.18389865141,1,bad
9000000656-1,2021-03-11,16.0,409.29095354523304,1,bad
9000000656-1,2021-03-11,17.0,557.9040852575499,1,bad
9000000656-1,2021-03-11,18.0,474.5798319327741,1,bad
9000000656-1,2021-03-12,8.0,437.526652452025,1,bad
9000000656-1,2021-03-12,9.0,433.698399326032,1,bad
9000000656-1,2021-03-12,10.0,449.447400736798,1,bad
9000000656-1,2021-03-12,11.0,431.884057971015,1,bad
9000000656-1,2021-03-12,12.0,527.94117647059,1,bad
9000000656-1,2021-03-12,13.0,413.320079522862,1,bad
9000000656-1,2021-03-12,14.0,389.42731277533096,1,bad
9000000656-1,2021-03-12,15.0,497.356608478803,1,bad
9000000656-1,2021-03-12,16.0,461.494796594135,1,bad
9000000656-1,2021-03-12,17.0,558.415841584159,1,bad
9000000656-1,2021-03-12,18.0,381.11332007952296,1,bad
9000000656-1,2021-03-13,8.0,199.46207638515372,0,bad
9000000656-1,2021-03-13,9.0,242.8424304840364,0,bad
9000000656-1,2021-03-13,13.0,350.88389870998554,0,bad
9000000656-1,2021-03-13,14.0,340.2323125659978,0,bad
9000000656-1,2021-03-13,15.0,305.2093973442288,0,bad
9000000656-1,2021-03-13,17.0,336.2740010378834,0,bad
9000000656-1,2021-03-13,18.0,377.9005524861881,0,bad
9000000656-1,2021-03-14,8.0,71.2421052631579,0,bad
9000000656-1,2021-03-14,9.0,115.97938144329913,0,bad
9000000656-1,2021-03-14,10.0,172.1413721413724,0,bad
9000000656-1,2021-03-14,11.0,236.1921097770155,0,bad
9000000656-1,2021-03-14,12.0,250.95057034220582,0,bad
9000000656-1,2021-03-14,13.0,303.3799008562411,0,bad
9000000656-1,2021-03-14,14.0,272.8462377317343,0,bad
9000000656-1,2021-03-14,15.0,256.17250673854505,0,bad
9000000656-1,2021-03-14,16.0,266.1629789530492,0,bad
9000000656-1,2021-03-14,17.0,279.782608695653,0,bad
9000000656-1,2021-03-14,18.0,266.807834833245,0,bad
9000000656-1,2021-03-15,8.0,525.936199722608,1,good
9000000656-1,2021-03-15,9.0,509.826589595376,1,good
9000000656-1,2021-03-15,10.0,438.291605301914,1,good
9000000656-1,2021-03-15,11.0,525.6712199717401,1,good
9000000656-1,2021-03-15,12.0,476.406313233508,1,good
9000000656-1,2021-03-15,13.0,414.98054474708186,1,good
9000000656-1,2021-03-15,14.0,429.18660287081326,1,good
9000000656-1,2021-03-15,16.0,400.59084194977765,1,good
9000000656-1,2021-03-15,17.0,463.12997347480234,1,good
9000000656-1,2021-03-15,18.0,441.8338108882511,1,good
9000000656-1,2021-03-16,9.0,408.67810292633703,1,good
9000000656-1,2021-03-16,10.0,463.73365041617103,1,good
9000000656-1,2021-03-16,11.0,435.51219512194996,1,good
9000000656-1,2021-03-16,12.0,525.940212150433,1,good
9000000656-1,2021-03-16,13.0,533.4051724137905,1,good
9000000656-1,2021-03-16,14.0,429.0,1,good
9000000656-1,2021-03-16,15.0,382.5426944971544,1,good
9000000656-1,2021-03-16,17.0,512.188491164476,1,good
9000000656-1,2021-03-16,18.0,505.26315789473506,1,good
9000000656-1,2021-03-17,9.0,392.122186495176,1,bad
9000000656-1,2021-03-17,10.0,472.727272727274,1,bad
9000000656-1,2021-03-17,11.0,493.548387096774,1,bad
9000000656-1,2021-03-17,12.0,451.973684210526,1,bad
9000000656-1,2021-03-17,13.0,430.5306122448996,1,bad
9000000656-1,2021-03-17,14.0,401.96516301920417,1,bad
9000000656-1,2021-03-17,15.0,505.23731587561207,1,bad
9000000656-1,2021-03-17,16.0,450.18820577164496,1,bad
9000000656-1,2021-03-17,17.0,514.2857142857168,1,bad
9000000656-1,2021-03-17,18.0,464.117647058821,1,bad
9000000656-1,2021-03-18,8.0,366.0,1,bad
9000000656-1,2021-03-18,9.0,450.000000000001,1,bad
9000000656-1,2021-03-18,10.0,418.299595141699,1,bad
9000000656-1,2021-03-18,11.0,463.758662861802,1,bad
9000000656-1,2021-03-18,12.0,461.881188118811,1,bad
9000000656-1,2021-03-18,13.0,352.7710843373493,1,bad
9000000656-1,2021-03-18,14.0,378.70722433460077,1,bad
9000000656-1,2021-03-18,15.0,502.85714285714494,1,bad
9000000656-1,2021-03-18,16.0,390.4881101376724,1,bad
9000000656-1,2021-03-18,17.0,482.92682926829207,1,bad
9000000656-1,2021-03-18,18.0,639.252336448597,1,bad
9000000656-1,2021-03-19,9.0,390.2912621359218,1,bad
9000000656-1,2021-03-19,10.0,502.15231788079194,1,bad
9000000656-1,2021-03-19,11.0,512.4945581192881,1,bad
9000000656-1,2021-03-19,12.0,429.987293519693,1,bad
9000000656-1,2021-03-19,13.0,450.74875207986554,1,bad
9000000656-1,2021-03-19,14.0,485.4669703872418,1,bad
9000000656-1,2021-03-19,15.0,496.4856230031967,1,bad
9000000656-1,2021-03-19,16.0,557.57575757576,1,bad
9000000656-1,2021-03-19,17.0,641.7626439659477,1,bad
9000000656-1,2021-03-19,18.0,503.96196513470704,1,bad
9000000656-1,2021-03-20,8.0,165.0,0,bad
9000000656-1,2021-03-20,12.0,431.3278008298758,0,bad
9000000656-1,2021-03-20,13.0,414.814814814814,0,bad
9000000656-1,2021-03-20,14.0,391.82320441988884,0,bad
9000000656-1,2021-03-20,15.0,405.27182866556944,0,bad
9000000656-1,2021-03-20,16.0,373.1359069275531,0,bad
9000000656-1,2021-03-20,17.0,383.3865814696487,0,bad
9000000656-1,2021-03-21,7.0,80.03784295175022,0,bad
9000000656-1,2021-03-21,8.0,47.153652392947194,0,bad
9000000656-1,2021-03-21,9.0,124.24639580602869,0,bad
9000000656-1,2021-03-21,10.0,255.093002657218,0,bad
9000000656-1,2021-03-21,12.0,375.2618453865339,0,bad
9000000656-1,2021-03-21,13.0,383.52553542009963,0,bad
9000000656-1,2021-03-21,14.0,402.1378941742372,0,bad
9000000656-1,2021-03-21,17.0,452.70639693821715,0,bad
9000000656-1,2021-03-21,18.0,393.5946990612918,0,bad
9000000656-1,2021-03-22,7.0,410.12658227848283,1,good
9000000656-1,2021-03-22,8.0,461.44638403990007,1,good
9000000656-1,2021-03-22,9.0,473.841059602647,1,good
9000000656-1,2021-03-22,10.0,542.5307557117769,1,good
9000000656-1,2021-03-22,13.0,448.39285714285575,1,good
9000000656-1,2021-03-22,14.0,405.69752827817496,1,good
9000000656-1,2021-03-22,15.0,429.52029520295275,1,good
9000000656-1,2021-03-22,16.0,384.1191066997509,1,good
9000000656-1,2021-03-22,17.0,465.037406483792,1,good
9000000656-1,2021-03-22,18.0,468.7690742624644,1,good
9000000656-1,2021-03-23,8.0,195.3346855983773,1,good
9000000656-1,2021-03-23,9.0,421.8298555377222,1,good
9000000656-1,2021-03-23,10.0,513.0293159609107,1,good
9000000656-1,2021-03-23,11.0,518.5678601165699,1,good
9000000656-1,2021-03-23,12.0,413.355048859936,1,good
9000000656-1,2021-03-23,13.0,454.5454545454522,1,good
9000000656-1,2021-03-23,14.0,401.9940179461623,1,good
9000000656-1,2021-03-23,16.0,418.335343787695,1,good
9000000656-1,2021-03-23,17.0,492.7329469460555,1,good
9000000656-1,2021-03-23,18.0,476.211213935764,1,good
9000000656-1,2021-03-24,8.0,198.6337362059902,1,good
9000000656-1,2021-03-24,9.0,226.94684796044479,1,good
9000000656-1,2021-03-24,10.0,440.5797101449258,1,good
9000000656-1,2021-03-24,11.0,440.3714170367376,1,good
9000000656-1,2021-03-24,12.0,431.5958299919828,1,good
9000000656-1,2021-03-24,13.0,468.7960687960698,1,good
9000000656-1,2021-03-24,14.0,442.1052631578946,1,good
9000000656-1,2021-03-24,16.0,453.665548634405,1,good
9000000656-1,2021-03-24,17.0,477.7479892761404,1,good
9000000656-1,2021-03-24,18.0,554.282711508147,1,good
9000000656-1,2021-03-25,7.0,294.0736785904958,1,good
9000000656-1,2021-03-25,8.0,205.7702776265646,1,good
9000000656-1,2021-03-25,9.0,386.567164179105,1,good
9000000656-1,2021-03-25,10.0,376.316864026134,1,good
9000000656-1,2021-03-25,11.0,428.15533980582484,1,good
9000000656-1,2021-03-25,12.0,452.5382755842071,1,good
9000000656-1,2021-03-25,13.0,431.7642243143665,1,good
9000000656-1,2021-03-25,14.0,400.3587443946196,1,good
9000000656-1,2021-03-25,16.0,513.5215453194634,1,good
9000000656-1,2021-03-25,17.0,515.1859956236302,1,good
9000000656-1,2021-03-25,18.0,533.8329764453949,1,good
9000000656-1,2021-03-26,9.0,375.493670886077,1,good
9000000656-1,2021-03-26,10.0,380.01019887812197,1,good
9000000656-1,2021-03-26,11.0,380.198019801979,1,good
9000000656-1,2021-03-26,12.0,510.323574730353,1,good
9000000656-1,2021-03-26,13.0,455.4455445544563,1,good
9000000656-1,2021-03-26,14.0,462.8083491461092,1,good
9000000656-1,2021-03-26,17.0,534.4294003868478,1,good
9000000656-1,2021-03-26,18.0,543.4632461766167,1,good
9000000656-1,2021-03-27,7.0,124.61538461538481,0,bad
9000000656-1,2021-03-27,12.0,399.78436657682084,0,bad
9000000656-1,2021-03-27,16.0,332.9479768786141,0,bad
9000000656-1,2021-03-27,17.0,307.5280298985578,0,bad
9000000656-1,2021-03-27,18.0,373.6564805057957,0,bad
9000000656-1,2021-03-28,9.0,87.5718708536045,0,bad
9000000656-1,2021-03-28,10.0,140.3812824956678,0,bad
9000000656-1,2021-03-28,11.0,224.41960447119558,0,bad
9000000656-1,2021-03-28,12.0,294.6170678336973,0,bad
9000000656-1,2021-03-28,13.0,305.2676659528902,0,bad
9000000656-1,2021-03-28,14.0,227.2157564905998,0,bad
9000000656-1,2021-03-28,15.0,296.3121325494385,0,bad
9000000656-1,2021-03-28,17.0,307.2933549432738,0,bad
9000000656-1,2021-03-28,18.0,335.5763927192485,0,bad
9000000656-1,2021-03-28,19.0,353.0172413793094,0,bad
9000000656-1,2021-03-29,8.0,463.5479388605835,1,good
9000000656-1,2021-03-29,9.0,562.807017543859,1,good
9000000656-1,2021-03-29,10.0,504.644226672348,1,good
9000000656-1,2021-03-29,11.0,463.598326359833,1,good
9000000656-1,2021-03-29,13.0,452.21674876847203,1,good
9000000656-1,2021-03-29,14.0,483.4285714285735,1,good
9000000656-1,2021-03-29,15.0,460.5326876513314,1,good
9000000656-1,2021-03-29,17.0,424.08376963350946,1,good
9000000656-1,2021-03-29,18.0,577.9264214046798,1,good
9000000656-1,2021-03-29,19.0,464.9923116350593,1,good
9000000656-1,2021-03-30,9.0,213.9246119733918,1,good
9000000656-1,2021-03-30,10.0,427.85114045618093,1,good
9000000656-1,2021-03-30,11.0,417.68762677484597,1,good
9000000656-1,2021-03-30,12.0,517.2322609078891,1,good
9000000656-1,2021-03-30,13.0,489.64927288280694,1,good
9000000656-1,2021-03-30,14.0,469.6284329563802,1,good
9000000656-1,2021-03-30,15.0,492.3331951927057,1,good
9000000656-1,2021-03-30,17.0,446.60377358490723,1,good
9000000656-1,2021-03-30,18.0,545.8942065491202,1,good
9000000656-1,2021-03-30,19.0,454.4787847040329,1,good
9000000656-1,2021-03-31,8.0,275.7916241062309,1,good
9000000656-1,2021-03-31,9.0,216.8304143528409,1,good
9000000656-1,2021-03-31,10.0,312.40278346295594,1,good
9000000656-1,2021-03-31,11.0,460.823481451283,1,good
9000000656-1,2021-03-31,12.0,506.45824763471796,1,good
9000000656-1,2021-03-31,13.0,488.3230904302013,1,good
9000000656-1,2021-03-31,14.0,474.46457990115493,1,good
9000000656-1,2021-03-31,15.0,419.9999999999986,1,good
9000000656-1,2021-03-31,17.0,608.9850249584023,1,good
9000000656-1,2021-03-31,18.0,509.92518703242126,1,good
9000000656-1,2021-03-31,19.0,586.1386138613881,1,good
9000000656-1,2021-04-01,9.0,181.1219946571684,1,good
9000000656-1,2021-04-01,10.0,304.51911935110104,1,good
9000000656-1,2021-04-01,11.0,356.421471172962,1,good
9000000656-1,2021-04-01,12.0,373.87423935091203,1,good
9000000656-1,2021-04-01,13.0,413.84615384615455,1,good
9000000656-1,2021-04-01,14.0,414.3259557344057,1,good
9000000656-1,2021-04-01,15.0,414.59854014598386,1,good
9000000656-1,2021-04-01,17.0,417.07317073170873,1,good
9000000656-1,2021-04-01,18.0,415.2439024390249,1,good
9000000656-1,2021-04-01,19.0,341.5919873484451,1,good
9000000656-1,2021-04-02,9.0,457.792207792209,1,good
9000000656-1,2021-04-02,10.0,391.75911251981097,1,good
9000000656-1,2021-04-02,17.0,441.9047619047627,1,good
9000000656-1,2021-04-02,18.0,417.50547045951913,1,good
9000000656-1,2021-04-03,9.0,199.670510708402,0,bad
9000000656-1,2021-04-03,10.0,256.871035940804,0,bad
9000000656-1,2021-04-03,11.0,383.922829581993,0,bad
9000000656-1,2021-04-03,14.0,363.6952998379248,0,bad
9000000656-1,2021-04-03,18.0,285.6259659969088,0,bad
9000000656-1,2021-04-03,19.0,339.8734177215199,0,bad
9000000656-1,2021-04-04,8.0,44.89208633093526,0,good
9000000656-1,2021-04-04,9.0,111.76470588235293,0,good
9000000656-1,2021-04-04,10.0,216.328222130129,0,good
9000000656-1,2021-04-04,11.0,205.61637315564,0,good
9000000656-1,2021-04-04,12.0,289.43862987630746,0,good
9000000656-1,2021-04-04,13.0,302.83261802575055,0,good
9000000656-1,2021-04-04,14.0,330.2752293577974,0,good
9000000656-1,2021-04-04,15.0,339.4182547642928,0,good
9000000656-1,2021-04-04,18.0,356.9807597434636,0,good
9000000656-1,2021-04-04,19.0,350.7893304300487,0,good
9000000656-1,2021-04-05,9.0,58.270106221547806,1,bad
9000000656-1,2021-04-05,10.0,134.41838200095742,1,bad
9000000656-1,2021-04-05,11.0,225.94936708860772,1,bad
9000000656-1,2021-04-05,12.0,351.3513513513519,1,bad
9000000656-1,2021-04-05,13.0,398.57142857142804,1,bad
9000000656-1,2021-04-05,15.0,414.0803173029253,1,bad
9000000656-1,2021-04-05,18.0,402.45022970903415,1,bad
9000000656-1,2021-04-05,19.0,408.4432717678111,1,bad
9000000656-1,2021-04-06,9.0,395.7104557640764,1,bad
9000000656-1,2021-04-06,10.0,284.1646489104113,1,bad
9000000656-1,2021-04-06,11.0,286.3081789426126,1,bad
9000000656-1,2021-04-06,12.0,336.0613810741706,1,bad
9000000656-1,2021-04-06,14.0,332.11642821904377,1,bad
9000000656-1,2021-04-06,16.0,339.7959183673471,1,bad
9000000656-1,2021-04-06,20.0,308.74106652006617,1,bad
9000000656-1,2021-04-07,8.0,408.36382645060047,1,bad
9000000656-1,2021-04-07,11.0,446.778042959427,1,bad
9000000656-1,2021-04-07,12.0,399.53434225844,1,bad
9000000656-1,2021-04-07,13.0,409.18984280531924,1,bad
9000000656-1,2021-04-07,14.0,373.4911242603554,1,bad
9000000656-1,2021-04-07,15.0,388.8062964582407,1,bad
9000000656-1,2021-04-07,16.0,414.4684605205116,1,bad
9000000656-1,2021-04-07,17.0,349.9176276771006,1,bad
9000000656-1,2021-04-07,18.0,368.664464369985,1,bad
9000000656-1,2021-04-07,19.0,346.9059990552662,1,bad
9000000656-1,2021-04-07,20.0,281.8867924528302,1,bad
9000000656-1,2021-04-08,8.0,330.2752293577978,1,bad
9000000656-1,2021-04-08,9.0,244.6601941747572,1,bad
9000000656-1,2021-04-08,10.0,350.73267326732605,1,bad
9000000656-1,2021-04-08,11.0,354.513481828838,1,bad
9000000656-1,2021-04-08,12.0,369.576059850374,1,bad
9000000656-1,2021-04-08,13.0,390.4721395150988,1,bad
9000000656-1,2021-04-08,14.0,424.72727272727235,1,bad
9000000656-1,2021-04-08,15.0,416.23407267578955,1,bad
9000000656-1,2021-04-08,18.0,505.2966101694933,1,bad
9000000656-1,2021-04-08,19.0,403.82775119617156,1,bad
9000000656-1,2021-04-08,20.0,323.6842105263169,1,bad
9000000656-1,2021-04-09,9.0,236.5758754863805,1,good
9000000656-1,2021-04-09,10.0,350.798722044729,1,good
9000000656-1,2021-04-09,11.0,411.889250814334,1,good
9000000656-1,2021-04-09,12.0,406.294964028778,1,good
9000000656-1,2021-04-09,13.0,467.1506352087112,1,good
9000000656-1,2021-04-09,14.0,432.63665594855433,1,good
9000000656-1,2021-04-09,18.0,416.51376146788994,1,good
9000000656-1,2021-04-09,19.0,391.018276762402,1,good
9000000656-1,2021-04-10,8.0,126.4813843733609,0,good
9000000656-1,2021-04-10,15.0,345.0980392156859,0,good
9000000656-1,2021-04-10,19.0,332.0672816060776,0,good
9000000656-1,2021-04-11,8.0,66.61184210526321,0,bad
9000000656-1,2021-04-11,9.0,95.32710280373838,0,bad
9000000656-1,2021-04-11,10.0,143.34301119867231,0,bad
9000000656-1,2021-04-11,11.0,197.9330301777593,0,bad
9000000656-1,2021-04-11,12.0,276.6966475878986,0,bad
9000000656-1,2021-04-11,13.0,332.0816326530621,0,bad
9000000656-1,2021-04-11,14.0,260.89582284851514,0,bad
9000000656-1,2021-04-11,15.0,252.8301886792448,0,bad
9000000656-1,2021-04-11,19.0,318.8900747065091,0,bad
9000000656-1,2021-04-12,9.0,541.309620048502,1,bad
9000000656-1,2021-04-12,10.0,390.291262135922,1,bad
9000000656-1,2021-04-12,11.0,448.70423693953103,1,bad
9000000656-1,2021-04-12,12.0,491.566265060241,1,bad
9000000656-1,2021-04-12,13.0,407.79537149817304,1,bad
9000000656-1,2021-04-12,14.0,342.71398747390504,1,bad
9000000656-1,2021-04-12,15.0,368.013190436935,1,bad
9000000656-1,2021-04-12,16.0,429.52029520295105,1,bad
9000000656-1,2021-04-12,17.0,447.30077120822597,1,bad
9000000656-1,2021-04-12,18.0,381.925343811395,1,bad
9000000656-1,2021-04-12,19.0,407.478524507327,1,bad
9000000656-1,2021-04-13,9.0,473.56701030927695,1,bad
9000000656-1,2021-04-13,10.0,376.92611615962005,1,bad
9000000656-1,2021-04-13,11.0,378.127458693941,1,bad
9000000656-1,2021-04-13,12.0,414.95327102803606,1,bad
9000000656-1,2021-04-13,13.0,421.30750605326904,1,bad
9000000656-1,2021-04-13,14.0,404.0666937779575,1,bad
9000000656-1,2021-04-13,15.0,448.8549618320621,1,bad
9000000656-1,2021-04-13,16.0,428.923582580116,1,bad
9000000656-1,2021-04-13,17.0,466.973321067158,1,bad
9000000656-1,2021-04-13,18.0,415.592203898051,1,bad
9000000656-1,2021-04-13,19.0,411.968503937008,1,bad
9000000656-1,2021-04-13,20.0,405.9574468085109,1,bad
9000000656-1,2021-04-14,8.0,518.9189189189179,1,good
9000000656-1,2021-04-14,9.0,556.427870461236,1,good
9000000656-1,2021-04-14,10.0,468.998793727381,1,good
9000000656-1,2021-04-14,11.0,488.332660476382,1,good
9000000656-1,2021-04-14,12.0,459.743703049051,1,good
9000000656-1,2021-04-14,16.0,462.25680933852084,1,good
9000000656-1,2021-04-14,17.0,571.4563106796139,1,good
9000000656-1,2021-04-14,18.0,496.815286624205,1,good
9000000656-1,2021-04-14,19.0,490.23638232271395,1,good
9000000656-1,2021-04-14,20.0,460.443527591543,1,good
9000000656-1,2021-04-15,9.0,372.0502092050226,1,good
9000000656-1,2021-04-15,10.0,424.66091245376197,1,good
9000000656-1,2021-04-15,11.0,433.444816053511,1,good
9000000656-1,2021-04-15,12.0,480.195201301341,1,good
9000000656-1,2021-04-15,13.0,508.2945013979479,1,good
9000000656-1,2021-04-15,14.0,516.1490683229799,1,good
9000000656-1,2021-04-15,15.0,455.44354838709626,1,good
9000000656-1,2021-04-15,16.0,488.8343558282203,1,good
9000000656-1,2021-04-15,18.0,467.98179059180393,1,good
9000000656-1,2021-04-15,19.0,421.4461387112651,1,good
9000000656-1,2021-04-15,20.0,445.54455445544625,1,good
9000000656-1,2021-04-16,8.0,494.50549450549306,1,good
9000000656-1,2021-04-16,9.0,406.20155038759566,1,good
9000000656-1,2021-04-16,10.0,412.290502793295,1,good
9000000656-1,2021-04-16,11.0,471.570247933883,1,good
9000000656-1,2021-04-16,12.0,521.0734711834571,1,good
9000000656-1,2021-04-16,13.0,501.302931596089,1,good
9000000656-1,2021-04-16,14.0,544.5378151260471,1,good
9000000656-1,2021-04-16,15.0,449.6302382908809,1,good
9000000656-1,2021-04-16,16.0,395.9636730575162,1,good
9000000656-1,2021-04-16,18.0,605.4633101231889,1,good
9000000656-1,2021-04-16,19.0,559.3417231364931,1,good
9000000656-1,2021-04-16,20.0,423.00884955752304,1,good
9000000656-1,2021-04-17,8.0,180.9758501724986,0,good
9000000656-1,2021-04-17,9.0,230.97744360902308,0,good
9000000656-1,2021-04-17,10.0,341.333333333333,0,good
9000000656-1,2021-04-17,12.0,484.651650078575,0,good
9000000656-1,2021-04-17,13.0,484.29667519181623,0,good
9000000656-1,2021-04-17,14.0,480.24439918533466,0,good
9000000656-1,2021-04-17,15.0,434.51665756417077,0,good
9000000656-1,2021-04-17,18.0,476.5520779887138,0,good
9000000656-1,2021-04-17,19.0,455.7635467980288,0,good
9000000656-1,2021-04-17,20.0,369.8113207547169,0,good
9000000656-1,2021-04-18,8.0,55.598455598455594,0,bad
9000000656-1,2021-04-18,9.0,99.06790945406121,0,bad
9000000656-1,2021-04-18,10.0,164.2703400774861,0,bad
9000000656-1,2021-04-18,11.0,249.5641344956407,0,bad
9000000656-1,2021-04-18,13.0,371.8816973853402,0,bad
9000000656-1,2021-04-18,14.0,298.98819561551454,0,bad
9000000656-1,2021-04-18,16.0,284.2105263157897,0,bad
9000000656-1,2021-04-18,17.0,273.75,0,bad
9000000656-1,2021-04-18,18.0,327.6131045241806,0,bad
9000000656-1,2021-04-18,19.0,388.14016172506854,0,bad
9000000656-1,2021-04-18,20.0,328.3451665756404,0,bad
9000000656-1,2021-04-19,8.0,477.266514806377,1,bad
9000000656-1,2021-04-19,9.0,579.193548387094,1,bad
9000000656-1,2021-04-19,10.0,413.114754098362,1,bad
9000000656-1,2021-04-19,12.0,419.07433380084,1,bad
9000000656-1,2021-04-19,13.0,479.58745165449096,1,bad
9000000656-1,2021-04-19,14.0,464.9616368286469,1,bad
9000000656-1,2021-04-19,15.0,442.003231017771,1,bad
9000000656-1,2021-04-19,18.0,450.71923281832574,1,bad
9000000656-1,2021-04-19,19.0,512.0388349514569,1,bad
9000000656-1,2021-04-19,20.0,301.3372956909358,1,bad
9000000656-1,2021-04-20,8.0,532.1739130434789,1,bad
9000000656-1,2021-04-20,9.0,627.4959083469689,1,bad
9000000656-1,2021-04-20,10.0,521.052631578948,1,bad
9000000656-1,2021-04-20,11.0,405.18088432335804,1,bad
9000000656-1,2021-04-20,12.0,468.292682926829,1,bad
9000000656-1,2021-04-20,13.0,458.31622176591503,1,bad
9000000656-1,2021-04-20,15.0,389.7744360902256,1,bad
9000000656-1,2021-04-20,16.0,386.900369003689,1,bad
9000000656-1,2021-04-20,17.0,522.778047595921,1,bad
9000000656-1,2021-04-20,18.0,551.1340206185574,1,bad
9000000656-1,2021-04-20,19.0,495.719443011862,1,bad
9000000656-1,2021-04-20,20.0,434.32137285491405,1,bad
9000000656-1,2021-04-21,8.0,585.350649350648,1,bad
9000000656-1,2021-04-21,9.0,455.89519650654904,1,bad
9000000656-1,2021-04-21,10.0,455.369928400954,1,bad
9000000656-1,2021-04-21,11.0,469.891576313594,1,bad
9000000656-1,2021-04-21,12.0,495.95514617541,1,bad
9000000656-1,2021-04-21,13.0,493.8628158844773,1,bad
9000000656-1,2021-04-21,14.0,466.0478749389373,1,bad
9000000656-1,2021-04-21,15.0,457.8371810449559,1,bad
9000000656-1,2021-04-21,16.0,341.2022817024994,1,bad
9000000656-1,2021-04-21,18.0,424.68596395412135,1,bad
9000000656-1,2021-04-21,19.0,494.56310679611806,1,bad
9000000656-1,2021-04-21,20.0,459.09797822706105,1,bad
9000000656-1,2021-04-22,9.0,551.8360375747211,1,good
9000000656-1,2021-04-22,10.0,637.974683544304,1,good
9000000656-1,2021-04-22,11.0,477.414007459593,1,good
9000000656-1,2021-04-22,12.0,496.95024077046594,1,good
9000000656-1,2021-04-22,13.0,473.4167002823704,1,good
9000000656-1,2021-04-22,14.0,520.2562049639728,1,good
9000000656-1,2021-04-22,15.0,438.9180460234154,1,good
9000000656-1,2021-04-22,16.0,464.5161290322586,1,good
9000000656-1,2021-04-22,17.0,502.837189000438,1,good
9000000656-1,2021-04-22,18.0,520.934858279461,1,good
9000000656-1,2021-04-22,19.0,541.246290801185,1,good
9000000656-1,2021-04-22,20.0,368.0297397769506,1,good
9000000656-1,2021-04-23,8.0,527.453769559033,1,good
9000000656-1,2021-04-23,9.0,705.0777202072511,1,good
9000000656-1,2021-04-23,11.0,559.459459459461,1,good
9000000656-1,2021-04-23,12.0,553.62201537839,1,good
9000000656-1,2021-04-23,13.0,585.807504078306,1,good
9000000656-1,2021-04-23,14.0,524.1050119331736,1,good
9000000656-1,2021-04-23,15.0,521.9330855018579,1,good
9000000656-1,2021-04-23,18.0,540.962566844922,1,good
9000000656-1,2021-04-23,19.0,451.1848341232221,1,good
9000000656-1,2021-04-23,20.0,464.7702407002195,1,good
9000000656-1,2021-04-24,10.0,360.39387308534,0,good
9000000656-1,2021-04-24,15.0,340.46511627906915,0,good
9000000656-1,2021-04-24,17.0,280.6153846153845,0,good
9000000656-1,2021-04-24,18.0,334.8837209302323,0,good
9000000656-1,2021-04-24,19.0,369.42408376963493,0,good
9000000656-1,2021-04-24,20.0,371.66392092257047,0,good
9000000656-1,2021-04-25,8.0,51.979506287843456,0,good
9000000656-1,2021-04-25,9.0,117.3051519154557,0,good
9000000656-1,2021-04-25,10.0,249.02723735408478,0,good
9000000656-1,2021-04-25,11.0,288.26205641492334,0,good
9000000656-1,2021-04-25,14.0,407.06012134583455,0,good
9000000656-1,2021-04-25,15.0,334.1695935775206,0,good
9000000656-1,2021-04-25,18.0,347.44820616472936,0,good
9000000656-1,2021-04-25,19.0,341.2961971076587,0,good
9000000656-1,2021-04-26,8.0,362.5635808748732,1,bad
9000000656-1,2021-04-26,9.0,443.4782608695648,1,bad
9000000656-1,2021-04-26,11.0,524.7929320817207,1,bad
9000000656-1,2021-04-26,14.0,448.8588334742179,1,bad
9000000656-1,2021-04-26,15.0,450.71542130365634,1,bad
9000000656-1,2021-04-26,16.0,435.7594936708877,1,bad
9000000656-1,2021-04-26,17.0,471.9602977667475,1,bad
9000000656-1,2021-04-26,18.0,413.3799301048436,1,bad
9000000656-1,2021-04-26,19.0,429.5987493486183,1,bad
9000000656-1,2021-04-26,20.0,363.07363927427826,1,bad
9000000656-1,2021-04-27,9.0,127.889713679745,1,bad
9000000656-1,2021-04-27,11.0,254.62459194776912,1,bad
9000000656-1,2021-04-27,12.0,302.1363173957275,1,bad
9000000656-1,2021-04-27,13.0,284.8516397709521,1,bad
9000000656-1,2021-04-27,14.0,318.0148883374681,1,bad
9000000656-1,2021-04-27,15.0,360.35678889990083,1,bad
9000000656-1,2021-04-27,16.0,281.4213197969534,1,bad
9000000656-1,2021-04-27,17.0,380.8564231738048,1,bad
9000000656-1,2021-04-27,18.0,335.27575442247587,1,bad
9000000656-1,2021-04-27,19.0,348.70665932856303,1,bad
9000000656-1,2021-04-28,8.0,478.79022877083884,1,good
9000000656-1,2021-04-28,9.0,514.485981308412,1,good
9000000656-1,2021-04-28,10.0,419.90212071778274,1,good
9000000656-1,2021-04-28,11.0,506.02409638553956,1,good
9000000656-1,2021-04-28,12.0,455.6962025316469,1,good
9000000656-1,2021-04-28,13.0,497.11459192085795,1,good
9000000656-1,2021-04-28,16.0,480.7817589576531,1,good
9000000656-1,2021-04-28,17.0,418.3622828784106,1,good
9000000656-1,2021-04-28,18.0,419.87041036717204,1,good
9000000656-1,2021-04-28,20.0,349.6264674493053,1,good
9000000656-1,2021-04-29,8.0,500.70080862533905,1,good
9000000656-1,2021-04-29,9.0,539.220779220781,1,good
9000000656-1,2021-04-29,10.0,366.6843501326257,1,good
9000000656-1,2021-04-29,11.0,498.80643487286,1,good
9000000656-1,2021-04-29,12.0,488.571428571427,1,good
9000000656-1,2021-04-29,13.0,450.4094631483157,1,good
9000000656-1,2021-04-29,14.0,480.35450516986623,1,good
9000000656-1,2021-04-29,15.0,439.88557417245653,1,good
9000000656-1,2021-04-29,19.0,580.1494130202751,1,good
9000000656-1,2021-04-29,20.0,441.13785557986864,1,good
9000000656-1,2021-04-30,8.0,358.75061973227554,1,bad
9000000656-1,2021-04-30,9.0,263.04163126593,1,bad
9000000656-1,2021-04-30,10.0,369.6098562628341,1,bad
9000000656-1,2021-04-30,14.0,473.2480818414331,1,bad
9000000656-1,2021-04-30,15.0,467.7316293929723,1,bad
9000000656-1,2021-04-30,18.0,446.1702127659574,1,bad
9000000656-1,2021-04-30,19.0,511.7256637168133,1,bad
9000000656-1,2021-05-01,8.0,55.8139534883721,0,good
9000000656-1,2021-05-01,13.0,426.4462809917366,0,good
9000000656-1,2021-05-01,19.0,303.7076840408386,0,good
9000000656-1,2021-05-01,20.0,324.7974068071308,0,good
9000000656-1,2021-05-02,9.0,80.80985915492958,0,bad
9000000656-1,2021-05-02,10.0,184.26395939086308,0,bad
9000000656-1,2021-05-02,11.0,221.82284980744538,0,bad
9000000656-1,2021-05-02,12.0,314.1361256544498,0,bad
9000000656-1,2021-05-02,13.0,374.2765273311894,0,bad
9000000656-1,2021-05-02,19.0,387.07627118644064,0,bad
9000000656-1,2021-05-02,20.0,340.27926960257764,0,bad
9000000656-1,2021-05-03,8.0,547.521865889212,1,good
9000000656-1,2021-05-03,9.0,693.3076552720261,1,good
9000000656-1,2021-05-03,12.0,440.9537166900409,1,good
9000000656-1,2021-05-03,13.0,459.903381642513,1,good
9000000656-1,2021-05-03,15.0,473.2113144758728,1,good
9000000656-1,2021-05-03,17.0,482.67090620031684,1,good
9000000656-1,2021-05-03,18.0,365.06550218340516,1,good
9000000656-1,2021-05-03,19.0,469.3222969477514,1,good
9000000656-1,2021-05-03,20.0,424.57879088206107,1,good
9000000656-1,2021-05-04,8.0,575.3498871331814,1,good
9000000656-1,2021-05-04,9.0,534.2126957955472,1,good
9000000656-1,2021-05-04,10.0,469.2501258178162,1,good
9000000656-1,2021-05-04,11.0,407.462686567165,1,good
9000000656-1,2021-05-04,12.0,455.77161770790303,1,good
9000000656-1,2021-05-04,13.0,428.3752860411895,1,good
9000000656-1,2021-05-04,14.0,438.5036496350344,1,good
9000000656-1,2021-05-04,15.0,414.274258219729,1,good
9000000656-1,2021-05-04,16.0,336.3449691991784,1,good
9000000656-1,2021-05-04,17.0,381.6981962164527,1,good
9000000656-1,2021-05-04,18.0,382.0111167256182,1,good
9000000656-1,2021-05-04,19.0,517.5475687103617,1,good
9000000656-1,2021-05-04,20.0,449.0526315789471,1,good
9000000656-1,2021-05-05,9.0,482.58171286718994,1,bad
9000000656-1,2021-05-05,10.0,523.985239852399,1,bad
9000000656-1,2021-05-05,11.0,467.136812411846,1,bad
9000000656-1,2021-05-05,13.0,476.6497461928948,1,bad
9000000656-1,2021-05-05,14.0,535.9223300970864,1,bad
9000000656-1,2021-05-05,15.0,484.4720496894417,1,bad
9000000656-1,2021-05-05,16.0,465.6151419558384,1,bad
9000000656-1,2021-05-05,17.0,548.2084690553727,1,bad
9000000656-1,2021-05-05,18.0,447.4480151228727,1,bad
9000000656-1,2021-05-05,19.0,479.6019900497502,1,bad
9000000656-1,2021-05-05,20.0,483.06709265175937,1,bad
9000000656-1,2021-05-06,8.0,487.704026115342,1,bad
9000000656-1,2021-05-06,9.0,615.536374845871,1,bad
9000000656-1,2021-05-06,10.0,511.330049261084,1,bad
9000000656-1,2021-05-06,11.0,417.045924700042,1,bad
9000000656-1,2021-05-06,12.0,487.808896210873,1,bad
9000000656-1,2021-05-06,13.0,408.71386677838296,1,bad
9000000656-1,2021-05-06,14.0,433.40089177138304,1,bad
9000000656-1,2021-05-06,15.0,448.28897338403,1,bad
9000000656-1,2021-05-06,16.0,401.03145951521503,1,bad
9000000656-1,2021-05-06,17.0,490.16641452345,1,bad
9000000656-1,2021-05-06,18.0,438.16400206291996,1,bad
9000000656-1,2021-05-06,20.0,432.15031315240174,1,bad
9000000656-1,2021-05-07,8.0,497.62419006479706,1,bad
9000000656-1,2021-05-07,9.0,557.003257328989,1,bad
9000000656-1,2021-05-07,10.0,493.825113966017,1,bad
9000000656-1,2021-05-07,11.0,478.969957081547,1,bad
9000000656-1,2021-05-07,12.0,570.8185053380761,1,bad
9000000656-1,2021-05-07,13.0,445.824929407018,1,bad
9000000656-1,2021-05-07,14.0,492.43221367867204,1,bad
9000000656-1,2021-05-07,15.0,421.994884910487,1,bad
9000000656-1,2021-05-07,17.0,513.5107985936731,1,bad
9000000656-1,2021-05-07,18.0,428.225806451612,1,bad
9000000656-1,2021-05-07,19.0,416.862326574172,1,bad
9000000656-1,2021-05-08,8.0,196.1654894046421,0,good
9000000656-1,2021-05-08,15.0,328.29015544041454,0,good
9000000656-1,2021-05-08,18.0,293.57030841610003,0,good
9000000656-1,2021-05-08,19.0,366.92667706708266,0,good
9000000656-1,2021-05-08,20.0,388.29268292682815,0,good
9000000656-1,2021-05-09,7.0,45.67803330689931,0,good
9000000656-1,2021-05-09,9.0,114.65968586387439,0,good
9000000656-1,2021-05-09,10.0,213.22515212981773,0,good
9000000656-1,2021-05-09,11.0,289.98330550918195,0,good
9000000656-1,2021-05-09,12.0,399.49558638083147,0,good
9000000656-1,2021-05-09,13.0,317.7377892030845,0,good
9000000656-1,2021-05-09,14.0,383.55704697986505,0,good
9000000656-1,2021-05-09,15.0,342.65060240963726,0,good
9000000656-1,2021-05-09,16.0,345.2328159645233,0,good
9000000656-1,2021-05-09,18.0,345.47437295529,0,good
9000000656-1,2021-05-09,19.0,390.81419624217256,0,good
9000000656-1,2021-05-09,20.0,397.89473684210463,0,good
9000000656-1,2021-05-10,8.0,484.254431699687,1,good
9000000656-1,2021-05-10,9.0,549.345372460495,1,good
9000000656-1,2021-05-10,10.0,469.86564299424197,1,good
9000000656-1,2021-05-10,11.0,425.895953757225,1,good
9000000656-1,2021-05-10,12.0,410.355486862442,1,good
9000000656-1,2021-05-10,13.0,484.4466114090669,1,good
9000000656-1,2021-05-10,14.0,442.4266144814093,1,good
9000000656-1,2021-05-10,15.0,443.95256916995965,1,good
9000000656-1,2021-05-10,18.0,512.3468426013205,1,good
9000000656-1,2021-05-10,19.0,532.0641282565111,1,good
9000000656-1,2021-05-10,20.0,434.910427193386,1,good
9000000656-1,2021-05-10,21.0,365.10772464529794,1,good
9000000656-1,2021-05-11,8.0,240.7704654895668,1,good
9000000656-1,2021-05-11,9.0,565.959289735814,1,good
9000000656-1,2021-05-11,10.0,408.994082840237,1,good
9000000656-1,2021-05-11,11.0,446.534252128091,1,good
9000000656-1,2021-05-11,12.0,460.29609690444,1,good
9000000656-1,2021-05-11,13.0,506.634499396862,1,good
9000000656-1,2021-05-11,14.0,499.0873533246429,1,good
9000000656-1,2021-05-11,16.0,505.433028509951,1,good
9000000656-1,2021-05-11,18.0,446.19213539074303,1,good
9000000656-1,2021-05-11,19.0,476.41408751333813,1,good
9000000656-1,2021-05-11,20.0,464.21543241843557,1,good
9000000656-1,2021-05-12,8.0,503.77358490566104,1,good
9000000656-1,2021-05-12,9.0,622.720897615706,1,good
9000000656-1,2021-05-12,10.0,518.9631650750325,1,good
9000000656-1,2021-05-12,11.0,437.676348547718,1,good
9000000656-1,2021-05-12,12.0,495.13960703205794,1,good
9000000656-1,2021-05-12,13.0,477.169811320756,1,good
9000000656-1,2021-05-12,14.0,469.759734879867,1,good
9000000656-1,2021-05-12,15.0,430.76923076923003,1,good
9000000656-1,2021-05-12,16.0,479.196316450398,1,good
9000000656-1,2021-05-12,17.0,509.856459330143,1,good
9000000656-1,2021-05-12,18.0,475.50607287449395,1,good
9000000656-1,2021-05-12,19.0,382.8141783029,1,good
9000000656-1,2021-05-12,20.0,442.8019856591275,1,good
9000000656-1,2021-05-12,21.0,366.20021528525285,1,good
9000000656-1,2021-05-13,8.0,551.115723923197,1,good
9000000656-1,2021-05-13,9.0,670.8961141950859,1,good
9000000656-1,2021-05-13,11.0,502.055622732767,1,good
9000000656-1,2021-05-13,12.0,542.054433713783,1,good
9000000656-1,2021-05-13,13.0,531.935176358438,1,good
9000000656-1,2021-05-13,16.0,493.3780385582577,1,good
9000000656-1,2021-05-13,17.0,450.87719298245463,1,good
9000000656-1,2021-05-13,18.0,483.26086956521766,1,good
9000000656-1,2021-05-13,19.0,574.835775644263,1,good
9000000656-1,2021-05-13,20.0,516.122448979591,1,good
9000000656-1,2021-05-14,8.0,582.740126767429,1,bad
9000000656-1,2021-05-14,9.0,559.2377796188899,1,bad
9000000656-1,2021-05-14,10.0,537.599999999998,1,bad
9000000656-1,2021-05-14,11.0,557.17722534082,1,bad
9000000656-1,2021-05-14,12.0,475.339805825242,1,bad
9000000656-1,2021-05-14,13.0,498.8123515439439,1,bad
9000000656-1,2021-05-14,14.0,461.87961985216396,1,bad
9000000656-1,2021-05-14,17.0,495.396669931441,1,bad
9000000656-1,2021-05-14,18.0,441.6624937406102,1,bad
9000000656-1,2021-05-14,19.0,477.1300448430504,1,bad
9000000656-1,2021-05-14,20.0,424.8664400194275,1,bad
9000000656-1,2021-05-14,21.0,383.3970507919155,1,bad
9000000656-1,2021-05-15,8.0,147.5555555555557,0,good
9000000656-1,2021-05-15,9.0,231.3624678663237,0,good
9000000656-1,2021-05-15,13.0,497.6694915254255,0,good
9000000656-1,2021-05-15,19.0,419.97034107760726,0,good
9000000656-1,2021-05-15,20.0,383.05247953779497,0,good
9000000656-1,2021-05-15,21.0,279.3442622950811,0,good
9000000656-1,2021-05-16,8.0,75.5350398657155,0,good
9000000656-1,2021-05-16,9.0,118.3603757472246,0,good
9000000656-1,2021-05-16,14.0,350.8810572687221,0,good
9000000656-1,2021-05-16,17.0,408.2474226804124,0,good
9000000656-1,2021-05-16,19.0,356.673511293634,0,good
9000000656-1,2021-05-16,20.0,346.256817055032,0,good
9000000656-1,2021-05-17,8.0,614.308426073131,1,good
9000000656-1,2021-05-17,9.0,578.519121236779,1,good
9000000656-1,2021-05-17,10.0,489.361702127659,1,good
9000000656-1,2021-05-17,11.0,474.09144196951803,1,good
9000000656-1,2021-05-17,12.0,418.31473643709,1,good
9000000656-1,2021-05-17,13.0,463.525588952071,1,good
9000000656-1,2021-05-17,18.0,462.0167397369489,1,good
9000000656-1,2021-05-17,19.0,496.48854961832,1,good
9000000656-1,2021-05-17,20.0,456.534365924491,1,good
9000000656-1,2021-05-17,21.0,354.12753336628805,1,good
9000000656-1,2021-05-18,8.0,613.901760889711,1,good
9000000656-1,2021-05-18,9.0,588.610871440899,1,good
9000000656-1,2021-05-18,10.0,480.18720748830003,1,good
9000000656-1,2021-05-18,11.0,500.355239786856,1,good
9000000656-1,2021-05-18,12.0,475.79617834395003,1,good
9000000656-1,2021-05-18,13.0,432.0630749014458,1,good
9000000656-1,2021-05-18,14.0,446.5229768198427,1,good
9000000656-1,2021-05-18,15.0,486.1313868613123,1,good
9000000656-1,2021-05-18,16.0,446.24373956594206,1,good
9000000656-1,2021-05-18,17.0,415.5748969308288,1,good
9000000656-1,2021-05-18,18.0,473.32242225859324,1,good
9000000656-1,2021-05-18,19.0,541.7307692307679,1,good
9000000656-1,2021-05-18,20.0,446.0641399416912,1,good
9000000656-1,2021-05-18,21.0,394.251734390485,1,good
9000000656-1,2021-05-19,8.0,565.2892561983481,1,bad
9000000656-1,2021-05-19,9.0,555.376115597111,1,bad
9000000656-1,2021-05-19,10.0,440.328253223914,1,bad
9000000656-1,2021-05-19,11.0,460.498793242155,1,bad
9000000656-1,2021-05-19,12.0,431.550175712611,1,bad
9000000656-1,2021-05-19,13.0,495.21531100478603,1,bad
9000000656-1,2021-05-19,14.0,436.44896362925203,1,bad
9000000656-1,2021-05-19,15.0,384.958871915393,1,bad
9000000656-1,2021-05-19,16.0,361.54145581938604,1,bad
9000000656-1,2021-05-19,17.0,430.17070265978526,1,bad
9000000656-1,2021-05-19,19.0,427.40585774058525,1,bad
9000000656-1,2021-05-19,20.0,424.469659595462,1,bad
9000000656-1,2021-05-19,21.0,367.4641148325357,1,bad
9000000656-1,2021-05-20,8.0,575.2016129032249,1,good
9000000656-1,2021-05-20,10.0,536.878612716764,1,good
9000000656-1,2021-05-20,11.0,490.44326962179605,1,good
9000000656-1,2021-05-20,12.0,477.92848335388504,1,good
9000000656-1,2021-05-20,13.0,493.892433910664,1,good
9000000656-1,2021-05-20,14.0,448.77517691888823,1,good
9000000656-1,2021-05-20,15.0,486.3636363636337,1,good
9000000656-1,2021-05-20,16.0,452.01137748882684,1,good
9000000656-1,2021-05-20,18.0,520.6759443339946,1,good
9000000656-1,2021-05-20,19.0,514.5454545454538,1,good
9000000656-1,2021-05-20,20.0,482.881002087684,1,good
9000000656-1,2021-05-20,21.0,418.6046511627916,1,good
9000000656-1,2021-05-21,7.0,269.85334057577427,1,
9000000656-1,2021-05-21,9.0,478.458498023715,1,
9000000656-1,2021-05-21,10.0,522.445820433435,1,
9000000656-1,2021-05-21,11.0,436.07183798242306,1,
9000000656-1,2021-05-21,12.0,392.362768496419,1,
9000000656-1,2021-05-21,13.0,459.93690851735147,1,
9000000656-1,2021-05-21,14.0,467.9999999999985,1,
9000000656-1,2021-05-21,18.0,454.9058473736364,1,
9000000656-1,2021-05-21,19.0,490.99144438852517,1,
9000000656-1,2021-05-21,20.0,431.25,1,
9000000656-1,2021-05-21,21.0,441.70616113743995,1,
9000000656-1,2021-05-22,9.0,295.68000000000006,0,
9000000656-1,2021-05-22,10.0,335.056876938987,0,
9000000656-1,2021-05-22,11.0,459.4537815126054,0,
9000000656-1,2021-05-22,15.0,410.71237279057266,0,
9000000656-1,2021-05-22,17.0,319.9563794983651,0,
9000000656-1,2021-05-22,19.0,391.6398713826356,0,
9000000656-1,2021-05-23,8.0,74.5470232959447,0,
9000000656-1,2021-05-23,9.0,114.50980392156809,0,
9000000656-1,2021-05-23,10.0,158.4807941303408,0,
9000000656-1,2021-05-23,13.0,404.9766718507003,0,
9000000656-1,2021-05-23,15.0,315.3161592505847,0,
9000000656-1,2021-05-23,16.0,323.75366568914853,0,
9000000656-1,2021-05-23,17.0,355.9376679204737,0,
9000000656-1,2021-05-23,18.0,336.91830403309257,0,
9000000656-1,2021-05-23,19.0,339.9563318777287,0,
9000000656-1,2021-05-23,20.0,382.40343347639504,0,
9000000656-1,2021-05-23,21.0,253.627760252366,0,
9000000656-1,2021-05-24,8.0,479.3877551020397,1,
9000000656-1,2021-05-24,9.0,516.509433962266,1,
9000000656-2,2020-09-03,12.0,336.135812449473,1,good
9000000656-2,2020-09-03,13.0,268.72586872586896,1,good
9000000656-2,2020-09-03,14.0,348.611111111112,1,good
9000000656-2,2020-09-03,15.0,448.66468842729796,1,good
9000000656-2,2020-09-03,17.0,315.472387037881,1,good
9000000656-2,2020-09-03,18.0,314.424349360388,1,good
9000000656-2,2020-09-04,7.0,253.386454183268,1,good
9000000656-2,2020-09-04,8.0,295.68508705526,1,good
9000000656-2,2020-09-04,9.0,290.180032733223,1,good
9000000656-2,2020-09-04,10.0,395.489268825028,1,good
9000000656-2,2020-09-04,11.0,450.91799265605795,1,good
9000000656-2,2020-09-04,12.0,442.744656917883,1,good
9000000656-2,2020-09-04,13.0,491.394658753708,1,good
9000000656-2,2020-09-04,14.0,348.67924528301904,1,good
9000000656-2,2020-09-04,16.0,526.042133572386,1,good
9000000656-2,2020-09-04,17.0,343.009795191452,1,good
9000000656-2,2020-09-04,18.0,283.766510438859,1,good
9000000656-2,2020-09-05,7.0,141.62854528819798,0,good
9000000656-2,2020-09-05,8.0,223.558403154263,0,good
9000000656-2,2020-09-05,10.0,274.40686521958696,0,good
9000000656-2,2020-09-05,11.0,289.783281733747,0,good
9000000656-2,2020-09-05,12.0,359.11111111111,0,good
9000000656-2,2020-09-05,13.0,305.630026809652,0,good
9000000656-2,2020-09-05,14.0,264.435146443515,0,good
9000000656-2,2020-09-05,16.0,150.75931891394399,0,good
9000000656-2,2020-09-05,17.0,196.999117387467,0,good
9000000656-2,2020-09-05,18.0,302.862098872506,0,good
9000000656-2,2020-09-06,7.0,43.75,0,good
9000000656-2,2020-09-06,8.0,111.449631449631,0,good
9000000656-2,2020-09-06,9.0,191.420911528151,0,good
9000000656-2,2020-09-06,10.0,233.70386838595002,0,good
9000000656-2,2020-09-06,11.0,223.876532001815,0,good
9000000656-2,2020-09-06,12.0,91.29864451246159,0,good
9000000656-2,2020-09-06,17.0,266.966292134831,0,good
9000000656-2,2020-09-06,18.0,293.004115226338,0,good
9000000656-2,2020-09-07,7.0,288.5555079297044,1,good
9000000656-2,2020-09-07,8.0,318.88428194496873,1,good
9000000656-2,2020-09-07,9.0,329.3333333333336,1,good
9000000656-2,2020-09-07,10.0,352.4944154877122,1,good
9000000656-2,2020-09-07,11.0,377.3642233194068,1,good
9000000656-2,2020-09-07,12.0,340.3051730554536,1,good
9000000656-2,2020-09-07,13.0,382.8023032629559,1,good
9000000656-2,2020-09-07,14.0,383.57933579335617,1,good
9000000656-2,2020-09-07,15.0,556.350766810851,1,good
9000000656-2,2020-09-07,16.0,551.879699248121,1,good
9000000656-2,2020-09-07,17.0,544.3902439024428,1,good
9000000656-2,2020-09-07,18.0,423.33019755409333,1,good
9000000656-2,2020-09-08,7.0,261.67042889390484,1,good
9000000656-2,2020-09-08,8.0,315.8364312267664,1,good
9000000656-2,2020-09-08,11.0,416.3061564059887,1,good
9000000656-2,2020-09-08,12.0,312.9139072847671,1,good
9000000656-2,2020-09-08,13.0,334.9760941522603,1,good
9000000656-2,2020-09-08,14.0,405.3435114503812,1,good
9000000656-2,2020-09-08,16.0,490.5073649754477,1,good
9000000656-2,2020-09-08,17.0,328.4436493738821,1,good
9000000656-2,2020-09-08,18.0,442.7807486631023,1,good
9000000656-2,2020-09-09,7.0,221.7333919929612,1,good
9000000656-2,2020-09-09,8.0,311.5789473684214,1,good
9000000656-2,2020-09-09,9.0,336.65158371040803,1,good
9000000656-2,2020-09-09,10.0,358.631178707224,1,good
9000000656-2,2020-09-09,11.0,372.6027397260267,1,good
9000000656-2,2020-09-09,12.0,272.2016308376568,1,good
9000000656-2,2020-09-09,13.0,368.5652487382821,1,good
9000000656-2,2020-09-09,14.0,409.9951946179704,1,good
9000000656-2,2020-09-09,16.0,481.7902588854731,1,good
9000000656-2,2020-09-09,17.0,469.77797915722647,1,good
9000000656-2,2020-09-09,18.0,428.10810810810744,1,good
9000000656-2,2020-09-10,7.0,263.5336647085406,1,good
9000000656-2,2020-09-10,8.0,303.5346097201772,1,good
9000000656-2,2020-09-10,9.0,317.4377224199283,1,good
9000000656-2,2020-09-10,10.0,360.97940147687495,1,good
9000000656-2,2020-09-10,11.0,417.6426982950341,1,good
9000000656-2,2020-09-10,12.0,350.9601181683903,1,good
9000000656-2,2020-09-10,13.0,377.35271614383976,1,good
9000000656-2,2020-09-10,14.0,434.11189570885506,1,good
9000000656-2,2020-09-10,16.0,546.3258785942473,1,good
9000000656-2,2020-09-10,17.0,509.2526690391449,1,good
9000000656-2,2020-09-10,18.0,353.40314136125653,1,good
9000000656-2,2020-09-11,7.0,217.9442508710796,1,good
9000000656-2,2020-09-11,8.0,290.560875512996,1,good
9000000656-2,2020-09-11,9.0,390.02233804914204,1,good
9000000656-2,2020-09-11,10.0,354.34131736527,1,good
9000000656-2,2020-09-11,11.0,381.5028901734103,1,good
9000000656-2,2020-09-11,12.0,451.2000000000009,1,good
9000000656-2,2020-09-11,13.0,429.1048348492123,1,good
9000000656-2,2020-09-11,16.0,363.4536317953411,1,good
9000000656-2,2020-09-11,17.0,415.0811047786057,1,good
9000000656-2,2020-09-11,18.0,316.8126094570935,1,good
9000000656-2,2020-09-12,7.0,97.8089395267309,0,good
9000000656-2,2020-09-12,8.0,118.35132482826299,0,good
9000000656-2,2020-09-12,9.0,241.94857916102796,0,good
9000000656-2,2020-09-12,10.0,308.664259927797,0,good
9000000656-2,2020-09-12,11.0,304.4534412955465,0,good
9000000656-2,2020-09-12,12.0,276.2867647058823,0,good
9000000656-2,2020-09-12,13.0,272.9705619982162,0,good
9000000656-2,2020-09-12,14.0,246.6298342541428,0,good
9000000656-2,2020-09-12,15.0,170.14925373134332,0,good
9000000656-2,2020-09-12,16.0,196.8,0,good
9000000656-2,2020-09-12,17.0,273.2356857523294,0,good
9000000656-2,2020-09-12,18.0,294.8134667879898,0,good
9000000656-2,2020-09-13,7.0,46.252676659528916,0,good
9000000656-2,2020-09-13,8.0,113.4782608695653,0,good
9000000656-2,2020-09-13,9.0,141.374474053296,0,good
9000000656-2,2020-09-13,10.0,218.38235294117692,0,good
9000000656-2,2020-09-13,11.0,231.29876089949542,0,good
9000000656-2,2020-09-13,12.0,322.65696087352114,0,good
9000000656-2,2020-09-13,13.0,217.8343949044587,0,good
9000000656-2,2020-09-13,16.0,236.7785234899334,0,good
9000000656-2,2020-09-13,17.0,267.9820627802685,0,good
9000000656-2,2020-09-13,18.0,299.3221870763674,0,good
9000000656-2,2020-09-14,7.0,263.8410596026497,1,good
9000000656-2,2020-09-14,9.0,335.440931780367,1,good
9000000656-2,2020-09-14,10.0,283.3898305084751,1,good
9000000656-2,2020-09-14,11.0,328.8271830471316,1,good
9000000656-2,2020-09-14,12.0,363.54009077155797,1,good
9000000656-2,2020-09-14,13.0,341.798533384792,1,good
9000000656-2,2020-09-14,14.0,406.4516129032259,1,good
9000000656-2,2020-09-14,16.0,592.4230465666924,1,good
9000000656-2,2020-09-14,17.0,524.0506329113919,1,good
9000000656-2,2020-09-14,18.0,430.1382077574685,1,good
9000000656-2,2020-09-15,7.0,176.4135702746368,1,good
9000000656-2,2020-09-15,8.0,291.16607773851604,1,good
9000000656-2,2020-09-15,9.0,353.618906942393,1,good
9000000656-2,2020-09-15,10.0,344.07796101949,1,good
9000000656-2,2020-09-15,11.0,387.2132380594198,1,good
9000000656-2,2020-09-15,12.0,353.7747785744416,1,good
9000000656-2,2020-09-15,13.0,360.8200455580855,1,good
9000000656-2,2020-09-15,14.0,331.8777292576414,1,good
9000000656-2,2020-09-15,16.0,634.7682119205277,1,good
9000000656-2,2020-09-15,17.0,481.39534883720955,1,good
9000000656-2,2020-09-15,18.0,425.7028112449793,1,good
9000000656-2,2020-09-16,7.0,253.41914722445603,1,good
9000000656-2,2020-09-16,8.0,244.5229681978797,1,good
9000000656-2,2020-09-16,9.0,278.42984842596104,1,good
9000000656-2,2020-09-16,10.0,310.771581359817,1,good
9000000656-2,2020-09-16,12.0,333.7533753375338,1,good
9000000656-2,2020-09-16,13.0,337.919999999999,1,good
9000000656-2,2020-09-16,15.0,546.138769110151,1,good
9000000656-2,2020-09-16,16.0,487.3239436619703,1,good
9000000656-2,2020-09-16,17.0,472.4279835390942,1,good
9000000656-2,2020-09-16,18.0,396.68049792531076,1,good
9000000656-2,2020-09-17,7.0,259.0728476821196,1,good
9000000656-2,2020-09-17,8.0,305.157936825271,1,good
9000000656-2,2020-09-17,9.0,257.5321725965175,1,good
9000000656-2,2020-09-17,10.0,374.61928934010103,1,good
9000000656-2,2020-09-17,11.0,351.2613041408851,1,good
9000000656-2,2020-09-17,12.0,315.3284671532834,1,good
9000000656-2,2020-09-17,14.0,418.7431091510467,1,good
9000000656-2,2020-09-17,16.0,515.9753593429188,1,good
9000000656-2,2020-09-17,17.0,364.0632054176067,1,good
9000000656-2,2020-09-17,18.0,381.0451727192208,1,good
9000000656-2,2020-09-18,7.0,285.3439680957133,1,good
9000000656-2,2020-09-18,8.0,295.23809523809547,1,good
9000000656-2,2020-09-18,9.0,322.7395151981525,1,good
9000000656-2,2020-09-18,10.0,361.09839816933595,1,good
9000000656-2,2020-09-18,11.0,356.8464730290445,1,good
9000000656-2,2020-09-18,12.0,410.95890410958947,1,good
9000000656-2,2020-09-18,13.0,406.2315789473681,1,good
9000000656-2,2020-09-18,14.0,444.10876132930474,1,good
9000000656-2,2020-09-18,16.0,452.71461716937233,1,good
9000000656-2,2020-09-18,17.0,404.70588235294036,1,good
9000000656-2,2020-09-18,18.0,332.63541192535166,1,good
9000000656-2,2020-09-19,7.0,129.7445255474452,0,good
9000000656-2,2020-09-19,9.0,239.89338071968103,0,good
9000000656-2,2020-09-19,10.0,261.6419919246301,0,good
9000000656-2,2020-09-19,13.0,275.29411764705833,0,good
9000000656-2,2020-09-19,14.0,205.99907706506679,0,good
9000000656-2,2020-09-19,16.0,223.88552559163386,0,good
9000000656-2,2020-09-19,17.0,215.8757549611737,0,good
9000000656-2,2020-09-19,18.0,230.15118790496766,0,good
9000000656-2,2020-09-20,7.0,67.1875,0,good
9000000656-2,2020-09-20,8.0,84.60431654676259,0,good
9000000656-2,2020-09-20,9.0,166.5480427046263,0,good
9000000656-2,2020-09-20,10.0,162.68221574344028,0,good
9000000656-2,2020-09-20,11.0,187.18662952646298,0,good
9000000656-2,2020-09-20,12.0,309.1362955566651,0,good
9000000656-2,2020-09-20,13.0,256.46853146853215,0,good
9000000656-2,2020-09-20,16.0,230.9666381522668,0,good
9000000656-2,2020-09-20,17.0,267.6923076923082,0,good
9000000656-2,2020-09-20,18.0,324.8704663212427,0,good
9000000656-2,2020-09-21,7.0,279.7350993377484,1,good
9000000656-2,2020-09-21,8.0,292.5507900677212,1,good
9000000656-2,2020-09-21,9.0,226.2118491921007,1,good
9000000656-2,2020-09-21,10.0,301.7427385892115,1,good
9000000656-2,2020-09-21,11.0,405.9149722735667,1,good
9000000656-2,2020-09-21,13.0,317.96815769522397,1,good
9000000656-2,2020-09-21,14.0,433.7349397590352,1,good
9000000656-2,2020-09-21,15.0,475.1793400286965,1,good
9000000656-2,2020-09-21,16.0,476.5145228215785,1,good
9000000656-2,2020-09-21,17.0,460.5577689243025,1,good
9000000656-2,2020-09-21,18.0,429.5362449347126,1,good
9000000656-2,2020-09-22,7.0,247.6774758983347,1,good
9000000656-2,2020-09-22,8.0,345.8877786318208,1,good
9000000656-2,2020-09-22,9.0,277.4539877300615,1,good
9000000656-2,2020-09-22,10.0,315.1575787893939,1,good
9000000656-2,2020-09-22,13.0,348.62535904800995,1,good
9000000656-2,2020-09-22,14.0,417.16738197425104,1,good
9000000656-2,2020-09-22,15.0,583.5518474374261,1,good
9000000656-2,2020-09-22,16.0,625.28735632184,1,good
9000000656-2,2020-09-22,17.0,474.20237010027193,1,good
9000000656-2,2020-09-22,18.0,382.94283036551195,1,good
9000000656-2,2020-09-23,7.0,253.928571428572,1,good
9000000656-2,2020-09-23,8.0,301.0215664018158,1,good
9000000656-2,2020-09-23,9.0,325.6281407035168,1,good
9000000656-2,2020-09-23,10.0,317.48675246025675,1,good
9000000656-2,2020-09-23,14.0,401.114206128135,1,good
9000000656-2,2020-09-23,15.0,616.228748068005,1,good
9000000656-2,2020-09-23,16.0,590.492505353319,1,good
9000000656-2,2020-09-23,17.0,482.406563354603,1,good
9000000656-2,2020-09-23,18.0,413.49134001823097,1,good
9000000656-2,2020-09-24,7.0,306.10328638497685,1,good
9000000656-2,2020-09-24,8.0,333.8461538461539,1,good
9000000656-2,2020-09-24,9.0,236.523538541128,1,good
9000000656-2,2020-09-24,10.0,358.9573851882492,1,good
9000000656-2,2020-09-24,11.0,331.3248039620305,1,good
9000000656-2,2020-09-24,16.0,409.0225563909779,1,good
9000000656-2,2020-09-24,17.0,430.3161541792976,1,good
9000000656-2,2020-09-24,18.0,338.0210526315781,1,good
9000000656-2,2020-09-25,8.0,252.40893066980001,1,good
9000000656-2,2020-09-25,9.0,231.263383297644,1,good
9000000656-2,2020-09-25,10.0,254.65729349736472,1,good
9000000656-2,2020-09-25,11.0,314.49555469656,1,good
9000000656-2,2020-09-25,12.0,434.938775510205,1,good
9000000656-2,2020-09-25,13.0,353.500660501981,1,good
9000000656-2,2020-09-25,14.0,416.213726393366,1,good
9000000656-2,2020-09-25,15.0,679.923882017125,1,good
9000000656-2,2020-09-25,16.0,493.79054680259503,1,good
9000000656-2,2020-09-25,17.0,435.6581986143179,1,good
9000000656-2,2020-09-26,7.0,139.17525773195882,0,bad
9000000656-2,2020-09-26,8.0,163.6363636363639,0,bad
9000000656-2,2020-09-26,9.0,242.5702811244975,0,bad
9000000656-2,2020-09-26,10.0,290.2961275626421,0,bad
9000000656-2,2020-09-26,11.0,272.8767123287681,0,bad
9000000656-2,2020-09-26,14.0,247.416089504529,0,bad
9000000656-2,2020-09-26,16.0,292.1161825726136,0,bad
9000000656-2,2020-09-26,17.0,298.3870967741945,0,bad
9000000656-2,2020-09-26,18.0,306.2737642585552,0,bad
9000000656-2,2020-09-27,7.0,70.99955177050659,0,bad
9000000656-2,2020-09-27,8.0,118.3250787933367,0,bad
9000000656-2,2020-09-27,9.0,191.7355371900831,0,bad
9000000656-2,2020-09-27,11.0,281.69291338582667,0,bad
9000000656-2,2020-09-27,15.0,306.666666666666,0,bad
9000000656-2,2020-09-27,16.0,265.4002713704201,0,bad
9000000656-2,2020-09-27,17.0,338.1767700138814,0,bad
9000000656-2,2020-09-28,8.0,336.21867881549,1,good
9000000656-2,2020-09-28,9.0,299.773926149208,1,good
9000000656-2,2020-09-28,10.0,304.263275991025,1,good
9000000656-2,2020-09-28,11.0,407.57238307349803,1,good
9000000656-2,2020-09-28,12.0,341.0382720727562,1,good
9000000656-2,2020-09-28,13.0,379.906542056073,1,good
9000000656-2,2020-09-28,14.0,439.590443686007,1,good
9000000656-2,2020-09-28,15.0,686.713286713283,1,good
9000000656-2,2020-09-28,16.0,625.185185185186,1,good
9000000656-2,2020-09-28,17.0,497.378942692135,1,good
9000000656-2,2020-09-29,7.0,259.0476190476183,1,good
9000000656-2,2020-09-29,8.0,319.7506817296453,1,good
9000000656-2,2020-09-29,9.0,314.350797266514,1,good
9000000656-2,2020-09-30,7.0,251.16279069767478,1,good
9000000656-2,2020-09-30,8.0,301.01237345331884,1,good
9000000656-2,2020-09-30,9.0,343.116490166414,1,good
9000000656-2,2020-09-30,10.0,359.5959595959605,1,good
9000000656-2,2020-09-30,11.0,362.4620060790281,1,good
9000000656-2,2020-09-30,12.0,346.3117870722436,1,good
9000000656-2,2020-09-30,13.0,363.74855379869024,1,good
9000000656-2,2020-09-30,16.0,451.928020565554,1,good
9000000656-2,2020-09-30,17.0,307.297655904468,1,good
9000000656-2,2020-09-30,18.0,441.49207971384703,1,good
9000000656-2,2020-10-01,7.0,260.8268522308635,1,good
9000000656-2,2020-10-01,8.0,327.6389406937708,1,good
9000000656-2,2020-10-01,9.0,337.8816434225406,1,good
9000000656-2,2020-10-01,10.0,370.1385784532848,1,good
9000000656-2,2020-10-01,11.0,360.33057851239744,1,good
9000000656-2,2020-10-01,12.0,353.2544378698223,1,good
9000000656-2,2020-10-01,13.0,324.798387096774,1,good
9000000656-2,2020-10-01,14.0,424.7279059643032,1,good
9000000656-2,2020-10-01,15.0,490.5459387483375,1,good
9000000656-2,2020-10-01,16.0,453.16901408450707,1,good
9000000656-2,2020-10-01,17.0,448.79356568364733,1,good
9000000656-2,2020-10-02,7.0,216.7224080267556,1,good
9000000656-2,2020-10-02,8.0,258.029896512074,1,good
9000000656-2,2020-10-02,9.0,253.7180910099886,1,good
9000000656-2,2020-10-02,10.0,348.815165876778,1,good
9000000656-2,2020-10-02,14.0,481.916392672616,1,good
9000000656-2,2020-10-02,15.0,588.689915174363,1,good
9000000656-2,2020-10-02,16.0,447.448757086785,1,good
9000000656-2,2020-10-02,17.0,416.7872648335745,1,good
9000000656-2,2020-10-03,8.0,198.03220035778133,0,good
9000000656-2,2020-10-03,9.0,269.9201419698317,0,good
9000000656-2,2020-10-03,10.0,273.76425855513367,0,good
9000000656-2,2020-10-03,11.0,385.40975840833784,0,good
9000000656-2,2020-10-03,12.0,373.696571160168,0,good
9000000656-2,2020-10-03,13.0,306.5611912517458,0,good
9000000656-2,2020-10-03,14.0,297.8300180831821,0,good
9000000656-2,2020-10-03,15.0,249.74897307165674,0,good
9000000656-2,2020-10-03,16.0,216.63405088062686,0,good
9000000656-2,2020-10-04,8.0,63.492063492063494,0,good
9000000656-2,2020-10-04,9.0,160.0,0,good
9000000656-2,2020-10-04,10.0,243.2645897323385,0,good
9000000656-2,2020-10-04,11.0,198.486486486486,0,good
9000000656-2,2020-10-04,12.0,281.81384248209974,0,good
9000000656-2,2020-10-04,13.0,293.660933660933,0,good
9000000656-2,2020-10-04,14.0,280.35398230088424,0,good
9000000656-2,2020-10-04,15.0,303.03587856485683,0,good
9000000656-2,2020-10-04,16.0,147.217537942664,0,good
9000000656-2,2020-10-04,17.0,387.1485943775089,0,good
9000000656-2,2020-10-05,8.0,264.536741214058,1,good
9000000656-2,2020-10-05,9.0,336.5909965371301,1,good
9000000656-2,2020-10-05,10.0,269.621704241497,1,good
9000000656-2,2020-10-05,11.0,272.19852656068304,1,good
9000000656-2,2020-10-05,12.0,325.51724137931103,1,good
9000000656-2,2020-10-05,13.0,358.51239669421454,1,good
9000000656-2,2020-10-05,14.0,385.88655649843577,1,good
9000000656-2,2020-10-05,15.0,529.978586723768,1,good
9000000656-2,2020-10-05,16.0,438.76871880199553,1,good
9000000656-2,2020-10-05,17.0,510.59245960502597,1,good
9000000656-2,2020-10-06,8.0,402.5954198473277,1,good
9000000656-2,2020-10-06,9.0,365.7454262358906,1,good
9000000656-2,2020-10-06,10.0,400.6694560669466,1,good
9000000656-2,2020-10-06,11.0,354.5711592836937,1,good
9000000656-2,2020-10-06,12.0,360.2771362586608,1,good
9000000656-2,2020-10-06,13.0,276.6553890768486,1,good
9000000656-2,2020-10-06,14.0,383.8179519595444,1,good
9000000656-2,2020-10-06,15.0,487.9963486992225,1,good
9000000656-2,2020-10-06,16.0,458.598726114649,1,good
9000000656-2,2020-10-06,17.0,510.56910569105685,1,good
9000000656-2,2020-10-07,8.0,262.42729740209495,1,bad
9000000656-2,2020-10-07,9.0,247.84313725490202,1,bad
9000000656-2,2020-10-07,10.0,350.058343057178,1,bad
9000000656-2,2020-10-07,11.0,357.543593631539,1,bad
9000000656-2,2020-10-07,12.0,416.193071233944,1,bad
9000000656-2,2020-10-07,13.0,388.032220943614,1,bad
9000000656-2,2020-10-07,14.0,413.745704467353,1,bad
9000000656-2,2020-10-07,15.0,653.260015710924,1,bad
9000000656-2,2020-10-07,16.0,527.4947368421044,1,bad
9000000656-2,2020-10-07,17.0,472.4279835390941,1,bad
9000000656-2,2020-10-08,8.0,318.778625954198,1,bad
9000000656-2,2020-10-08,9.0,267.7914110429454,1,bad
9000000656-2,2020-10-08,10.0,441.656804733728,1,bad
9000000656-2,2020-10-08,11.0,416.1290322580654,1,bad
9000000656-2,2020-10-08,12.0,407.2759538598042,1,bad
9000000656-2,2020-10-08,13.0,466.1271676300584,1,bad
9000000656-2,2020-10-08,16.0,577.099236641222,1,bad
9000000656-2,2020-10-08,17.0,556.016597510372,1,bad
9000000656-2,2020-10-09,8.0,418.9240747806182,1,good
9000000656-2,2020-10-09,9.0,348.9167616875712,1,good
9000000656-2,2020-10-09,10.0,347.9452054794509,1,good
9000000656-2,2020-10-09,11.0,430.3518440016949,1,good
9000000656-2,2020-10-09,13.0,517.634291915354,1,good
9000000656-2,2020-10-09,15.0,484.99095840867903,1,good
9000000656-2,2020-10-09,16.0,523.7802197802181,1,good
9000000656-2,2020-10-09,17.0,406.3700234192027,1,good
9000000656-2,2020-10-10,8.0,244.04076207354922,0,good
9000000656-2,2020-10-10,9.0,303.6144578313251,0,good
9000000656-2,2020-10-10,10.0,412.28609039052003,0,good
9000000656-2,2020-10-10,11.0,378.8639365918091,0,good
9000000656-2,2020-10-10,12.0,360.00000000000057,0,good
9000000656-2,2020-10-10,13.0,384.26966292134847,0,good
9000000656-2,2020-10-10,15.0,395.5469506292343,0,good
9000000656-2,2020-10-10,16.0,281.1779769526253,0,good
9000000656-2,2020-10-10,17.0,333.8386090057951,0,good
9000000656-2,2020-10-11,8.0,91.91489361702119,0,bad
9000000656-2,2020-10-11,9.0,181.9713563605729,0,bad
9000000656-2,2020-10-11,10.0,194.0403155127081,0,bad
9000000656-2,2020-10-11,11.0,202.13903743315512,0,bad
9000000656-2,2020-10-11,12.0,289.6,0,bad
9000000656-2,2020-10-11,13.0,290.06266786033905,0,bad
9000000656-2,2020-10-11,14.0,247.011952191234,0,bad
9000000656-2,2020-10-11,15.0,288.063660477454,0,bad
9000000656-2,2020-10-11,16.0,320.936515083296,0,bad
9000000656-2,2020-10-11,17.0,301.598062953994,0,bad
9000000656-2,2020-10-12,8.0,328.360413589366,1,good
9000000656-2,2020-10-12,9.0,320.3619909502268,1,good
9000000656-2,2020-10-12,10.0,370.488081725312,1,good
9000000656-2,2020-10-12,11.0,367.18103123823863,1,good
9000000656-2,2020-10-12,12.0,367.3187571921743,1,good
9000000656-2,2020-10-12,13.0,404.41736481340536,1,good
9000000656-2,2020-10-12,14.0,474.49455676516413,1,good
9000000656-2,2020-10-12,15.0,519.8305737389277,1,good
9000000656-2,2020-10-12,16.0,439.826086956522,1,good
9000000656-2,2020-10-12,17.0,363.3802816901408,1,good
9000000656-2,2020-10-13,8.0,192.39744072261908,1,bad
9000000656-2,2020-10-13,9.0,388.613678373383,1,bad
9000000656-2,2020-10-13,10.0,393.813655224443,1,bad
9000000656-2,2020-10-13,11.0,409.2744951383696,1,bad
9000000656-2,2020-10-13,13.0,413.201970443349,1,bad
9000000656-2,2020-10-13,16.0,540.54997817547,1,bad
9000000656-2,2020-10-14,7.0,190.8256880733942,1,good
9000000656-2,2020-10-14,8.0,292.62032085561503,1,good
9000000656-2,2020-10-14,9.0,296.7791411042949,1,good
9000000656-2,2020-10-14,10.0,338.18181818181847,1,good
9000000656-2,2020-10-14,11.0,387.36,1,good
9000000656-2,2020-10-14,13.0,388.4130982367769,1,good
9000000656-2,2020-10-14,16.0,479.600333055787,1,good
9000000656-2,2020-10-14,17.0,420.7351555136662,1,good
9000000656-2,2020-10-15,8.0,313.59375,1,bad
9000000656-2,2020-10-15,9.0,310.39156626505996,1,bad
9000000656-2,2020-10-15,10.0,379.81651376146806,1,bad
9000000656-2,2020-10-15,11.0,428.010773374374,1,bad
9000000656-2,2020-10-15,12.0,377.497129735936,1,bad
9000000656-2,2020-10-15,13.0,440.18691588784804,1,bad
9000000656-2,2020-10-15,14.0,469.15254237288195,1,bad
9000000656-2,2020-10-15,15.0,589.775367931836,1,bad
9000000656-2,2020-10-15,16.0,456.7049808429109,1,bad
9000000656-2,2020-10-15,17.0,434.482758620691,1,bad
9000000656-2,2020-10-16,8.0,338.275862068966,1,bad
9000000656-2,2020-10-16,9.0,356.67870036101004,1,bad
9000000656-2,2020-10-16,10.0,395.739825028529,1,bad
9000000656-2,2020-10-16,11.0,401.94174757281604,1,bad
9000000656-2,2020-10-16,12.0,479.0769230769214,1,bad
9000000656-2,2020-10-16,15.0,538.4615384615406,1,bad
9000000656-2,2020-10-16,16.0,495.9276018099538,1,bad
9000000656-2,2020-10-16,17.0,407.54716981132106,1,bad
9000000656-2,2020-10-17,8.0,200.08892841262758,0,bad
9000000656-2,2020-10-17,9.0,263.1812140008867,0,bad
9000000656-2,2020-10-17,10.0,318.7585577361924,0,bad
9000000656-2,2020-10-17,11.0,357.9737335834893,0,bad
9000000656-2,2020-10-17,12.0,352.3404255319142,0,bad
9000000656-2,2020-10-17,14.0,329.83831455169013,0,bad
9000000656-2,2020-10-17,15.0,317.1345595353339,0,bad
9000000656-2,2020-10-17,16.0,309.0410958904122,0,bad
9000000656-2,2020-10-17,17.0,261.1933174224343,0,bad
9000000656-2,2020-10-18,8.0,93.46463742166509,0,good
9000000656-2,2020-10-18,9.0,170.6546275395028,0,good
9000000656-2,2020-10-18,10.0,206.2992125984259,0,good
9000000656-2,2020-10-18,12.0,265.6826568265676,0,good
9000000656-2,2020-10-18,13.0,301.6042780748661,0,good
9000000656-2,2020-10-18,14.0,288.80940214614253,0,good
9000000656-2,2020-10-18,15.0,315.37190082644605,0,good
9000000656-2,2020-10-18,16.0,219.6037539103232,0,good
9000000656-2,2020-10-18,17.0,352.507095553454,0,good
9000000656-2,2020-10-19,8.0,324.312099509989,1,good
9000000656-2,2020-10-19,9.0,283.29621380846334,1,good
9000000656-2,2020-10-19,10.0,346.78899082568944,1,good
9000000656-2,2020-10-19,12.0,315.0442477876115,1,good
9000000656-2,2020-10-19,13.0,364.69408224674066,1,good
9000000656-2,2020-10-19,14.0,453.19451017510636,1,good
9000000656-2,2020-10-19,15.0,384.7878302642108,1,good
9000000656-2,2020-10-19,16.0,480.12170385395603,1,good
9000000656-2,2020-10-20,8.0,346.5240641711241,1,good
9000000656-2,2020-10-20,9.0,331.6672883252517,1,good
9000000656-2,2020-10-20,10.0,294.9230769230776,1,good
9000000656-2,2020-10-20,12.0,422.4986479177949,1,good
9000000656-2,2020-10-21,8.0,287.5870544858669,1,good
9000000656-2,2020-10-21,9.0,348.0320978219337,1,good
9000000656-2,2020-10-21,10.0,340.1360544217698,1,good
9000000656-2,2020-10-21,11.0,376.8902675455607,1,good
9000000656-2,2020-10-21,13.0,356.61138502913457,1,good
9000000656-2,2020-10-21,15.0,521.9552609776321,1,good
9000000656-2,2020-10-21,16.0,451.063829787234,1,good
9000000656-2,2020-10-21,17.0,470.092670598147,1,good
9000000656-2,2020-10-22,8.0,302.6905829596408,1,good
9000000656-2,2020-10-22,9.0,286.9273743016762,1,good
9000000656-2,2020-10-22,10.0,384.24576604962607,1,good
9000000656-2,2020-10-22,11.0,356.1603530709803,1,good
9000000656-2,2020-10-22,15.0,378.1575656523568,1,good
9000000656-2,2020-10-22,16.0,339.7521448999043,1,good
9000000656-2,2020-10-22,17.0,403.7209302325574,1,good
9000000656-2,2020-10-23,8.0,307.3335840541556,1,good
9000000656-2,2020-10-23,9.0,357.9710144927538,1,good
9000000656-2,2020-10-23,10.0,404.137931034482,1,good
9000000656-2,2020-10-23,11.0,413.9476961394768,1,good
9000000656-2,2020-10-23,12.0,487.2969596001672,1,good
9000000656-2,2020-10-23,13.0,436.40643389564593,1,good
9000000656-2,2020-10-23,14.0,497.3883740522321,1,good
9000000656-2,2020-10-23,15.0,509.1383812010437,1,good
9000000656-2,2020-10-23,16.0,413.3216476774747,1,good
9000000656-2,2020-10-23,17.0,422.5130890052368,1,good
9000000656-2,2020-10-24,8.0,117.6365264100269,0,bad
9000000656-2,2020-10-24,9.0,201.3256006628001,0,bad
9000000656-2,2020-10-24,10.0,254.69590401323902,0,bad
9000000656-2,2020-10-24,11.0,297.7886977886976,0,bad
9000000656-2,2020-10-24,12.0,338.24503311258195,0,bad
9000000656-2,2020-10-24,13.0,308.10137100124723,0,bad
9000000656-2,2020-10-24,14.0,281.34453781512616,0,bad
9000000656-2,2020-10-24,15.0,283.1960461285005,0,bad
9000000656-2,2020-10-24,16.0,234.6201743462019,0,bad
9000000656-2,2020-10-25,7.0,92.22471910112361,0,good
9000000656-2,2020-10-25,8.0,93.58752166377819,0,good
9000000656-2,2020-10-25,9.0,203.80293863439914,0,good
9000000656-2,2020-10-25,10.0,277.29083665338743,0,good
9000000656-2,2020-10-25,11.0,283.02375809935216,0,good
9000000656-2,2020-10-25,12.0,266.0465116279077,0,good
9000000656-2,2020-10-25,13.0,284.6590909090916,0,good
9000000656-2,2020-10-25,14.0,259.22592259225866,0,good
9000000656-2,2020-10-25,15.0,249.5527728085868,0,good
9000000656-2,2020-10-25,16.0,307.936507936508,0,good
9000000656-2,2020-10-26,7.0,261.76084099868604,1,good
9000000656-2,2020-10-26,8.0,198.65206402695878,1,good
9000000656-2,2020-10-26,10.0,399.237804878049,1,good
9000000656-2,2020-10-26,11.0,398.6301369863015,1,good
9000000656-2,2020-10-26,12.0,413.4299885539875,1,good
9000000656-2,2020-10-26,13.0,425.09742790335196,1,good
9000000656-2,2020-10-26,14.0,409.09090909091,1,good
9000000656-2,2020-10-26,15.0,424.9602543720189,1,good
9000000656-2,2020-10-26,16.0,507.8048780487781,1,good
9000000656-2,2020-10-27,8.0,275.268817204301,1,good
9000000656-2,2020-10-27,9.0,293.322734499205,1,good
9000000656-2,2020-10-27,10.0,310.13282732447794,1,good
9000000656-2,2020-10-27,11.0,398.321251430753,1,good
9000000656-2,2020-10-27,12.0,348.212269476854,1,good
9000000656-2,2020-10-27,13.0,316.513761467891,1,good
9000000656-2,2020-10-27,14.0,431.329972857696,1,good
9000000656-2,2020-10-27,15.0,489.836065573772,1,good
9000000656-2,2020-10-27,16.0,429.30402930402795,1,good
9000000656-2,2020-10-28,7.0,210.3260869565214,1,good
9000000656-2,2020-10-28,8.0,260.5532398635851,1,good
9000000656-2,2020-10-28,9.0,334.6631539330067,1,good
9000000656-2,2020-10-28,10.0,345.1824134705331,1,good
9000000656-2,2020-10-28,14.0,419.431864965008,1,good
9000000656-2,2020-10-28,15.0,485.42844715093395,1,good
9000000656-2,2020-10-28,16.0,412.29548834903323,1,good
9000000656-2,2020-10-29,7.0,224.13052812365862,1,good
9000000656-2,2020-10-29,8.0,308.5318985395853,1,good
9000000656-2,2020-10-29,9.0,304.9342105263164,1,good
9000000656-2,2020-10-29,10.0,391.1073825503351,1,good
9000000656-2,2020-10-29,11.0,409.1848450057423,1,good
9000000656-2,2020-10-29,14.0,484.7560975609756,1,good
9000000656-2,2020-10-29,15.0,383.82352941176555,1,good
9000000656-2,2020-10-29,16.0,460.0590468156903,1,good
9000000656-2,2020-10-30,7.0,220.1834862385321,1,good
9000000656-2,2020-10-30,8.0,282.8173374613001,1,good
9000000656-2,2020-10-30,9.0,349.79149291075873,1,good
9000000656-2,2020-10-30,10.0,344.1176470588225,1,good
9000000656-2,2020-10-30,14.0,441.6666666666674,1,good
9000000656-2,2020-10-30,15.0,355.53349875930485,1,good
9000000656-2,2020-10-30,16.0,501.78282009724296,1,good
9000000656-2,2020-10-31,7.0,84.5585036972597,0,good
9000000656-2,2020-10-31,8.0,117.356828193833,0,good
9000000656-2,2020-10-31,10.0,317.1391190580021,0,good
9000000656-2,2020-10-31,14.0,318.72278664731425,0,good
9000000656-2,2020-10-31,16.0,273.87198321091364,0,good
9000000656-2,2020-11-01,7.0,70.30625832223694,0,good
9000000656-2,2020-11-01,8.0,74.83054676909167,0,good
9000000656-2,2020-11-01,9.0,178.0645161290329,0,good
9000000656-2,2020-11-01,10.0,240.7391113066424,0,good
9000000656-2,2020-11-01,11.0,327.45424292845286,0,good
9000000656-2,2020-11-01,14.0,308.3294117647054,0,good
9000000656-2,2020-11-01,15.0,279.6850393700784,0,good
9000000656-2,2020-11-01,16.0,267.5540765391024,0,good
9000000656-2,2020-11-02,7.0,215.2771715408124,1,good
9000000656-2,2020-11-02,8.0,253.59877488514633,1,good
9000000656-2,2020-11-02,9.0,293.43396226415126,1,good
9000000656-2,2020-11-02,14.0,453.125,1,good
9000000656-2,2020-11-02,15.0,425.30232558139505,1,good
9000000656-2,2020-11-02,16.0,495.2036199095036,1,good
9000000656-2,2020-11-03,7.0,233.50630096367678,1,good
9000000656-2,2020-11-03,8.0,242.08242950108522,1,good
9000000656-2,2020-11-03,9.0,371.9445611087785,1,good
9000000656-2,2020-11-03,14.0,388.47926267281093,1,good
9000000656-2,2020-11-03,15.0,477.339901477833,1,good
9000000656-2,2020-11-03,16.0,414.9152542372883,1,good
9000000656-2,2020-11-04,7.0,198.77300613496888,1,good
9000000656-2,2020-11-04,8.0,271.8475073313781,1,good
9000000656-2,2020-11-04,9.0,324.4920576283704,1,good
9000000656-2,2020-11-04,10.0,277.233644859813,1,good
9000000656-2,2020-11-04,11.0,391.36363636363797,1,good
9000000656-2,2020-11-04,12.0,394.53924914675804,1,good
9000000656-2,2020-11-04,13.0,358.1740148263761,1,good
9000000656-2,2020-11-04,14.0,401.8669778296381,1,good
9000000656-2,2020-11-04,15.0,465.9707724425872,1,good
9000000656-2,2020-11-05,7.0,231.59737417943097,1,bad
9000000656-2,2020-11-05,8.0,286.421499292787,1,bad
9000000656-2,2020-11-05,9.0,321.98275862069,1,bad
9000000656-2,2020-11-05,10.0,358.45272206303605,1,bad
9000000656-2,2020-11-05,11.0,348.044280442804,1,bad
9000000656-2,2020-11-05,12.0,337.9433894661416,1,bad
9000000656-2,2020-11-05,13.0,363.1046119235094,1,bad
9000000656-2,2020-11-05,14.0,405.13595166163134,1,bad
9000000656-2,2020-11-05,15.0,512.189699888847,1,bad
9000000656-2,2020-11-05,16.0,513.4377576257205,1,bad
9000000656-2,2020-11-06,7.0,204.75262952863287,1,good
9000000656-2,2020-11-06,8.0,242.35872235872202,1,good
9000000656-2,2020-11-06,9.0,441.52583293095137,1,good
9000000656-2,2020-11-06,14.0,469.641125121243,1,good
9000000656-2,2020-11-06,15.0,397.97468354430305,1,good
9000000656-2,2020-11-06,16.0,472.8940783986649,1,good
9000000656-2,2020-11-07,7.0,73.09644670050761,0,bad
9000000656-2,2020-11-07,8.0,148.5473684210527,0,bad
9000000656-2,2020-11-07,9.0,252.2478736330494,0,bad
9000000656-2,2020-11-07,10.0,308.1081081081086,0,bad
9000000656-2,2020-11-08,8.0,82.27054920751928,0,bad
9000000656-2,2020-11-08,9.0,132.76988090664548,0,bad
9000000656-2,2020-11-08,10.0,271.14716106604936,0,bad
9000000656-2,2020-11-08,11.0,261.24401913875715,0,bad
9000000656-2,2020-11-08,12.0,297.68637532133687,0,bad
9000000656-2,2020-11-08,13.0,313.8790035587187,0,bad
9000000656-2,2020-11-08,14.0,319.1832348199892,0,bad
9000000656-2,2020-11-09,7.0,237.382250867625,1,bad
9000000656-2,2020-11-09,8.0,318.5354691075513,1,bad
9000000656-2,2020-11-09,9.0,320.1553398058254,1,bad
9000000656-2,2020-11-09,10.0,333.38521400778166,1,bad
9000000656-2,2020-11-09,11.0,385.5140186915887,1,bad
9000000656-2,2020-11-09,12.0,392.5494761350412,1,bad
9000000656-2,2020-11-09,13.0,389.6976483762595,1,bad
9000000656-2,2020-11-09,14.0,479.43595769682497,1,bad
9000000656-2,2020-11-09,15.0,434.408602150538,1,bad
9000000656-2,2020-11-10,8.0,264.0820980615732,1,bad
9000000656-2,2020-11-10,9.0,313.38989302840207,1,bad
9000000656-2,2020-11-10,10.0,364.4171779141116,1,bad
9000000656-2,2020-11-10,11.0,328.941176470588,1,bad
9000000656-2,2020-11-10,12.0,371.80327868852555,1,bad
9000000656-2,2020-11-10,13.0,339.8814563928881,1,bad
9000000656-2,2020-11-10,14.0,396.10231425091274,1,bad
9000000656-2,2020-11-10,15.0,487.206266318537,1,bad
9000000656-2,2020-11-11,8.0,279.6628801758879,1,bad
9000000656-2,2020-11-11,9.0,290.77436087439753,1,bad
9000000656-2,2020-11-11,10.0,318.70158613057805,1,bad
9000000656-2,2020-11-11,11.0,378.0821917808217,1,bad
9000000656-2,2020-11-11,12.0,418.0383314543412,1,bad
9000000656-2,2020-11-11,13.0,372.9416312330888,1,bad
9000000656-2,2020-11-11,14.0,405.77617328519943,1,bad
9000000656-2,2020-11-11,15.0,475.730622617533,1,bad
9000000656-2,2020-11-12,7.0,209.86547085201806,1,bad
9000000656-2,2020-11-12,8.0,174.04580152671758,1,bad
9000000656-2,2020-11-12,9.0,278.079331941545,1,bad
9000000656-2,2020-11-12,10.0,371.256171146461,1,bad
9000000656-2,2020-11-12,11.0,379.88571428571305,1,bad
9000000656-2,2020-11-12,12.0,376.523702031604,1,bad
9000000656-2,2020-11-12,13.0,416.0377358490581,1,bad
9000000656-2,2020-11-12,14.0,421.5946843853828,1,bad
9000000656-2,2020-11-12,15.0,518.3657278857621,1,bad
9000000656-2,2020-11-13,7.0,215.28239202657772,1,bad
9000000656-2,2020-11-13,8.0,303.43807763401156,1,bad
9000000656-2,2020-11-13,9.0,344.8118586088933,1,bad
9000000656-2,2020-11-13,10.0,355.064737242955,1,bad
9000000656-2,2020-11-13,11.0,412.34091785576743,1,bad
9000000656-2,2020-11-13,12.0,385.2517985611522,1,bad
9000000656-2,2020-11-13,13.0,486.2932061978555,1,bad
9000000656-2,2020-11-13,14.0,488.23775638342397,1,bad
9000000656-2,2020-11-13,15.0,536.9814651368059,1,bad
9000000656-2,2020-11-13,16.0,522.609122118686,1,bad
9000000656-2,2020-11-14,7.0,93.0731707317073,0,good
9000000656-2,2020-11-14,8.0,122.5352112676058,0,good
9000000656-2,2020-11-14,9.0,247.58650149508748,0,good
9000000656-2,2020-11-15,8.0,76.8734891216761,0,bad
9000000656-2,2020-11-15,9.0,147.1264367816093,0,bad
9000000656-2,2020-11-15,10.0,160.03666361136573,0,bad
9000000656-2,2020-11-15,11.0,218.76519202722358,0,bad
9000000656-2,2020-11-15,14.0,259.08404630095646,0,bad
9000000656-2,2020-11-16,8.0,351.25628140703475,1,bad
9000000656-2,2020-11-16,9.0,306.1224489795914,1,bad
9000000656-2,2020-11-16,10.0,408.96300156331404,1,bad
9000000656-2,2020-11-16,11.0,377.489878542509,1,bad
9000000656-2,2020-11-16,12.0,320.199501246884,1,bad
9000000656-2,2020-11-16,13.0,339.718309859155,1,bad
9000000656-2,2020-11-16,14.0,429.90126939351194,1,bad
9000000656-2,2020-11-17,8.0,282.0022927015668,1,good
9000000656-2,2020-11-17,9.0,283.8603696098561,1,good
9000000656-2,2020-11-17,13.0,367.90540540540405,1,good
9000000656-2,2020-11-17,14.0,391.6389548693586,1,good
9000000656-2,2020-11-17,15.0,564.569215876087,1,good
9000000656-2,2020-11-18,8.0,320.4998047637634,1,bad
9000000656-2,2020-11-18,9.0,258.7968217934163,1,bad
9000000656-2,2020-11-18,10.0,361.7883072220108,1,bad
9000000656-2,2020-11-18,14.0,430.9392265193347,1,bad
9000000656-2,2020-11-18,15.0,545.662535748333,1,bad
9000000656-2,2020-11-19,8.0,267.95682917752134,1,bad
9000000656-2,2020-11-19,9.0,309.1525423728814,1,bad
9000000656-2,2020-11-19,10.0,395.754359363154,1,bad
9000000656-2,2020-11-19,11.0,405.3658536585358,1,bad
9000000656-2,2020-11-19,12.0,523.139240506328,1,bad
9000000656-2,2020-11-20,8.0,285.10463684858496,1,bad
9000000656-2,2020-11-20,9.0,358.041958041957,1,bad
9000000656-2,2020-11-20,10.0,402.089192446764,1,bad
9000000656-2,2020-11-20,11.0,434.25277892136796,1,bad
9000000656-2,2020-11-20,12.0,420.3543843707399,1,bad
9000000656-2,2020-11-20,13.0,474.5030250648239,1,bad
9000000656-2,2020-11-20,14.0,481.1707317073164,1,bad
9000000656-2,2020-11-21,14.0,334.8376444689041,0,bad
9000000656-2,2020-11-22,7.0,39.6992481203008,0,bad
9000000656-2,2020-11-23,12.0,390.1112484548841,1,bad
9000000656-2,2020-11-23,13.0,460.97560975609827,1,bad
9000000656-2,2020-11-23,14.0,493.95348837209417,1,bad
9000000656-2,2020-11-23,15.0,548.416289592759,1,bad
9000000656-2,2020-11-24,8.0,270.7826086956515,1,bad
9000000656-2,2020-11-24,9.0,323.3449477351912,1,bad
9000000656-2,2020-11-24,10.0,380.9157368218542,1,bad
9000000656-2,2020-11-24,11.0,435.011618900078,1,bad
9000000656-2,2020-11-24,12.0,440.7105136821895,1,bad
9000000656-2,2020-11-24,14.0,455.0185873605933,1,bad
9000000656-2,2020-11-24,15.0,613.230429988973,1,bad
9000000656-2,2020-11-25,10.0,382.7191867852592,1,bad
9000000656-2,2020-11-25,14.0,468.8102893890666,1,bad
9000000656-2,2020-11-26,8.0,289.16277093072773,1,bad
9000000656-2,2020-11-26,9.0,331.1867525298983,1,bad
9000000656-2,2020-11-26,10.0,382.5941422594157,1,bad
9000000656-2,2020-11-26,11.0,442.88224956063357,1,bad
9000000656-2,2020-11-26,12.0,434.68085106383035,1,bad
9000000656-2,2020-11-26,13.0,402.4321796071085,1,bad
9000000656-2,2020-11-26,14.0,510.9445277361312,1,bad
9000000656-2,2020-11-27,8.0,294.1176470588231,1,bad
9000000656-2,2020-11-27,9.0,355.5365540829417,1,bad
9000000656-2,2020-11-27,10.0,407.023554603855,1,bad
9000000656-2,2020-11-27,11.0,438.59649122806877,1,bad
9000000656-2,2020-11-27,12.0,471.1111111111102,1,bad
9000000656-2,2020-11-28,9.0,180.4100227790432,0,bad
9000000656-2,2020-11-28,10.0,302.4205030849555,0,bad
9000000656-2,2020-11-28,11.0,398.9495798319332,0,bad
9000000656-2,2020-11-29,8.0,60.0,0,bad
9000000656-2,2020-11-29,9.0,90.28213166144201,0,bad
9000000656-2,2020-11-29,10.0,199.8086124401915,0,bad
9000000656-2,2020-11-29,11.0,246.3536463536463,0,bad
9000000656-2,2020-11-30,8.0,315.4205607476636,1,bad
9000000656-2,2020-11-30,9.0,273.02113551595505,1,bad
9000000656-2,2020-12-01,8.0,372.2178374112071,1,bad
9000000656-2,2020-12-01,9.0,314.8076175670419,1,bad
9000000656-2,2020-12-01,10.0,376.6457680250795,1,bad
9000000656-2,2020-12-01,11.0,413.2972555083104,1,bad
9000000656-2,2020-12-01,12.0,468.15511163337,1,bad
9000000656-2,2020-12-01,13.0,473.8675958188146,1,bad
9000000656-2,2020-12-01,14.0,526.9337564458583,1,bad
9000000656-2,2020-12-01,15.0,590.2777777777814,1,bad
9000000656-2,2020-12-02,8.0,303.2841504045681,1,bad
9000000656-2,2020-12-02,9.0,334.588235294117,1,bad
9000000656-2,2020-12-02,10.0,383.583267561168,1,bad
9000000656-2,2020-12-02,11.0,385.611510791367,1,bad
9000000656-2,2020-12-02,12.0,358.86970172684505,1,bad
9000000656-2,2020-12-02,13.0,343.20785597381223,1,bad
9000000656-2,2020-12-02,14.0,439.6721311475428,1,bad
9000000656-2,2020-12-02,15.0,544.2198868229552,1,bad
9000000656-2,2020-12-02,16.0,556.2530178657659,1,bad
9000000656-2,2020-12-03,8.0,283.5358190196901,1,bad
9000000656-2,2020-12-03,9.0,291.70506912442397,1,bad
9000000656-2,2020-12-03,10.0,325.392569896591,1,bad
9000000656-2,2020-12-03,11.0,348.20143884892104,1,bad
9000000656-2,2020-12-03,12.0,366.601638704644,1,bad
9000000656-2,2020-12-03,13.0,389.75552968568195,1,bad
9000000656-2,2020-12-03,14.0,470.050368074389,1,bad
9000000656-2,2020-12-03,15.0,540.5705229793971,1,bad
9000000656-2,2020-12-03,16.0,516.219119226639,1,bad
9000000656-2,2020-12-04,8.0,310.6523534269203,1,bad
9000000656-2,2020-12-04,9.0,341.44037780401396,1,bad
9000000656-2,2020-12-04,10.0,380.84942084942196,1,bad
9000000656-2,2020-12-04,11.0,424.11412793373194,1,bad
9000000656-2,2020-12-04,12.0,423.94643560456774,1,bad
9000000656-2,2020-12-04,13.0,467.353951890033,1,bad
9000000656-2,2020-12-04,14.0,545.6228306980357,1,bad
9000000656-2,2020-12-04,15.0,626.086956521737,1,bad
9000000656-2,2020-12-05,8.0,106.14692653673168,0,bad
9000000656-2,2020-12-05,9.0,177.51855779427356,0,bad
9000000656-2,2020-12-05,10.0,239.3717277486913,0,bad
9000000656-2,2020-12-05,12.0,378.764478764479,0,bad
9000000656-2,2020-12-05,13.0,390.04392386530094,0,bad
9000000656-2,2020-12-05,14.0,299.853013228809,0,bad
9000000656-2,2020-12-05,15.0,312.024048096192,0,bad
9000000656-2,2020-12-06,8.0,54.37583296312751,0,bad
9000000656-2,2020-12-06,9.0,97.34427812650901,0,bad
9000000656-2,2020-12-06,10.0,158.4218512898328,0,bad
9000000656-2,2020-12-06,11.0,157.7894235350165,0,bad
9000000656-2,2020-12-06,12.0,270.1754385964903,0,bad
9000000656-2,2020-12-06,13.0,251.3671875,0,bad
9000000656-2,2020-12-06,14.0,212.28070175438572,0,bad
9000000656-2,2020-12-06,15.0,274.4068652195864,0,bad
9000000656-2,2020-12-07,8.0,327.01421800947844,1,bad
9000000656-2,2020-12-07,9.0,372.31726283048306,1,bad
9000000656-2,2020-12-07,10.0,390.794615718628,1,bad
9000000656-2,2020-12-07,11.0,355.625245001961,1,bad
9000000656-2,2020-12-07,12.0,443.07692307692497,1,bad
9000000656-2,2020-12-07,13.0,383.221210922041,1,bad
9000000656-2,2020-12-07,14.0,472.248803827752,1,bad
9000000656-2,2020-12-07,15.0,577.023292538494,1,bad
9000000656-2,2020-12-08,8.0,282.2641509433966,1,bad
9000000656-2,2020-12-08,9.0,337.327188940092,1,bad
9000000656-2,2020-12-08,10.0,326.883425852498,1,bad
9000000656-2,2020-12-08,11.0,422.700587084147,1,bad
9000000656-2,2020-12-08,12.0,389.871445266848,1,bad
9000000656-2,2020-12-08,13.0,431.724137931034,1,bad
9000000656-2,2020-12-08,14.0,487.485195420452,1,bad
9000000656-2,2020-12-08,15.0,591.974822974036,1,bad
9000000656-2,2020-12-09,9.0,319.023237495077,1,bad
9000000656-2,2020-12-09,10.0,384.34650455927,1,bad
9000000656-2,2020-12-09,11.0,404.587155963304,1,bad
9000000656-2,2020-12-09,12.0,436.57497094149505,1,bad
9000000656-2,2020-12-09,13.0,457.761732851984,1,bad
9000000656-2,2020-12-09,14.0,507.462686567166,1,bad
9000000656-2,2020-12-09,15.0,555.0660792951539,1,bad
9000000656-2,2020-12-10,8.0,321.572130415365,1,bad
9000000656-2,2020-12-10,9.0,315.338345864662,1,bad
9000000656-2,2020-12-10,10.0,397.79005524861805,1,bad
9000000656-2,2020-12-10,11.0,441.253470844904,1,bad
9000000656-2,2020-12-10,12.0,367.924528301887,1,bad
9000000656-2,2020-12-10,13.0,451.057165231011,1,bad
9000000656-2,2020-12-10,14.0,555.627009646305,1,bad
9000000656-2,2020-12-10,15.0,559.1125198098259,1,bad
9000000656-2,2020-12-10,16.0,627.5724275724247,1,bad
9000000656-2,2020-12-11,8.0,384.657534246575,1,bad
9000000656-2,2020-12-11,9.0,336.50057937427596,1,bad
9000000656-2,2020-12-11,10.0,359.440559440559,1,bad
9000000656-2,2020-12-11,11.0,447.256097560977,1,bad
9000000656-2,2020-12-11,12.0,453.521126760563,1,bad
9000000656-2,2020-12-11,13.0,566.30769230769,1,bad
9000000656-2,2020-12-11,14.0,531.055900621116,1,bad
9000000656-2,2020-12-11,15.0,621.007685738683,1,bad
9000000656-2,2020-12-12,9.0,235.745937961595,0,bad
9000000656-2,2020-12-12,10.0,315.223880597015,0,bad
9000000656-2,2020-12-12,11.0,311.98844487241195,0,bad
9000000656-2,2020-12-12,12.0,335.787923416789,0,bad
9000000656-2,2020-12-12,13.0,391.589162959968,0,bad
9000000656-2,2020-12-12,14.0,375.40856031128396,0,bad
9000000656-2,2020-12-12,15.0,336.40776699029004,0,bad
9000000656-2,2020-12-13,9.0,134.4183820009574,0,bad
9000000656-2,2020-12-13,10.0,174.63976945244931,0,bad
9000000656-2,2020-12-13,11.0,278.76106194690203,0,bad
9000000656-2,2020-12-13,12.0,349.6106275767294,0,bad
9000000656-2,2020-12-13,13.0,323.2249198350895,0,bad
9000000656-2,2020-12-13,14.0,306.00879335613257,0,bad
9000000656-2,2020-12-13,15.0,331.78905864958085,0,bad
9000000656-2,2020-12-14,8.0,322.1238938053101,1,bad
9000000656-2,2020-12-14,9.0,312.9829984544038,1,bad
9000000656-2,2020-12-14,10.0,396.6101694915266,1,bad
9000000656-2,2020-12-14,11.0,433.601841196777,1,bad
9000000656-2,2020-12-14,12.0,387.38667717776934,1,bad
9000000656-2,2020-12-14,13.0,413.4950720242605,1,bad
9000000656-2,2020-12-14,14.0,525.1494619370291,1,bad
9000000656-2,2020-12-14,15.0,605.5001992825861,1,bad
9000000656-2,2020-12-15,9.0,280.9411764705876,1,bad
9000000656-2,2020-12-15,10.0,424.02826855123794,1,bad
9000000656-2,2020-12-15,11.0,403.495440729484,1,bad
9000000656-2,2020-12-15,12.0,391.6261682243006,1,bad
9000000656-2,2020-12-15,13.0,391.21387283237004,1,bad
9000000656-2,2020-12-15,14.0,464.2471042471056,1,bad
9000000656-2,2020-12-15,15.0,605.0304878048789,1,bad
9000000656-2,2020-12-16,8.0,279.0413054563992,1,bad
9000000656-2,2020-12-16,9.0,344.7692307692307,1,bad
9000000656-2,2020-12-16,10.0,392.4236567452644,1,bad
9000000656-2,2020-12-16,11.0,424.7501921598764,1,bad
9000000656-2,2020-12-16,12.0,446.82850430697135,1,bad
9000000656-2,2020-12-16,13.0,460.33690658499324,1,bad
9000000656-2,2020-12-16,14.0,527.265774378586,1,bad
9000000656-2,2020-12-16,15.0,459.96835443038185,1,bad
9000000656-2,2020-12-16,16.0,534.8392701998275,1,bad
9000000656-2,2020-12-17,8.0,296.6292134831464,1,bad
9000000656-2,2020-12-17,9.0,231.74730107956825,1,bad
9000000656-2,2020-12-17,11.0,321.2860310421289,1,bad
9000000656-2,2020-12-17,13.0,442.0811017597543,1,bad
9000000656-2,2020-12-17,14.0,463.5930047694756,1,bad
9000000656-2,2020-12-17,15.0,592.5465838509294,1,bad
9000000656-2,2020-12-17,16.0,571.5639810426512,1,bad
9000000656-2,2020-12-18,8.0,365.44276457883427,1,bad
9000000656-2,2020-12-18,9.0,255.4478480031028,1,bad
9000000656-2,2020-12-18,10.0,443.8167938931301,1,bad
9000000656-2,2020-12-18,11.0,415.70121951219505,1,bad
9000000656-2,2020-12-18,12.0,475.057208237989,1,bad
9000000656-2,2020-12-18,13.0,477.87610619468853,1,bad
9000000656-2,2020-12-18,14.0,553.2141498668689,1,bad
9000000656-2,2020-12-18,15.0,508.0946450809466,1,bad
9000000656-2,2020-12-19,9.0,221.21939510321693,0,bad
9000000656-2,2020-12-19,10.0,328.0257708237454,0,bad
9000000656-2,2020-12-19,11.0,406.5923412506046,0,bad
9000000656-2,2020-12-19,12.0,419.0106692531534,0,bad
9000000656-2,2020-12-19,13.0,395.7198443579769,0,bad
9000000656-2,2020-12-19,14.0,449.58217270195166,0,bad
9000000656-2,2020-12-19,15.0,351.78082191780936,0,bad
9000000656-2,2020-12-20,9.0,141.0014873574618,0,bad
9000000656-2,2020-12-20,10.0,240.57692307692326,0,bad
9000000656-2,2020-12-20,11.0,263.2887189292544,0,bad
9000000656-2,2020-12-20,12.0,260.9206660137127,0,bad
9000000656-2,2020-12-20,13.0,331.90243902439,0,bad
9000000656-2,2020-12-20,14.0,249.01960784313692,0,bad
9000000656-2,2020-12-20,15.0,259.8496240601505,0,bad
9000000656-2,2020-12-21,9.0,339.543873212215,1,bad
9000000656-2,2020-12-21,10.0,405.399151561898,1,bad
9000000656-2,2020-12-21,11.0,438.54289071680194,1,bad
9000000656-2,2020-12-21,12.0,418.67088607594906,1,bad
9000000656-2,2020-12-21,13.0,493.840104849278,1,bad
9000000656-2,2020-12-21,14.0,520.441988950274,1,bad
9000000656-2,2020-12-21,15.0,593.608151922186,1,bad
9000000656-2,2020-12-22,9.0,342.8571428571431,1,bad
9000000656-2,2020-12-22,10.0,377.022274325907,1,bad
9000000656-2,2020-12-22,11.0,449.466613986566,1,bad
9000000656-2,2020-12-22,12.0,408.27695980899404,1,bad
9000000656-2,2020-12-22,13.0,527.524752475245,1,bad
9000000656-2,2020-12-22,14.0,523.1981094919245,1,bad
9000000656-2,2020-12-22,15.0,592.2444183313711,1,bad
9000000656-2,2020-12-23,9.0,349.306930693068,1,good
9000000656-2,2020-12-23,10.0,443.967828418229,1,good
9000000656-2,2020-12-23,11.0,453.4992223950242,1,good
9000000656-2,2020-12-23,12.0,512.081060015587,1,good
9000000656-2,2020-12-23,13.0,552.4332810047083,1,good
9000000656-2,2020-12-23,14.0,549.6714340935432,1,good
9000000656-2,2020-12-23,15.0,686.1878453038689,1,good
9000000656-2,2020-12-24,9.0,362.4161073825504,1,bad
9000000656-2,2020-12-24,10.0,442.458100558659,1,bad
9000000656-2,2020-12-24,11.0,482.56029684601106,1,bad
9000000656-2,2020-12-24,12.0,481.14558472553705,1,bad
9000000656-2,2020-12-24,13.0,535.68281938326,1,bad
9000000656-2,2020-12-24,14.0,534.215500945179,1,bad
9000000656-2,2020-12-24,15.0,534.570765661253,1,bad
9000000656-2,2020-12-25,9.0,87.8048780487805,1,bad
9000000656-2,2020-12-25,10.0,133.8417540514775,1,bad
9000000656-2,2020-12-25,11.0,256.0527555346208,1,bad
9000000656-2,2020-12-25,12.0,289.772727272728,1,bad
9000000656-2,2020-12-25,13.0,348.104956268222,1,bad
9000000656-2,2020-12-25,14.0,241.56570363467,1,bad
9000000656-2,2020-12-25,15.0,252.07100591715903,1,bad
9000000656-2,2020-12-26,9.0,115.8501440922186,0,bad
9000000656-2,2020-12-26,10.0,222.0560747663549,0,bad
9000000656-2,2020-12-26,14.0,297.3760932944603,0,bad
9000000656-2,2020-12-26,15.0,262.1276595744682,0,bad
9000000656-2,2020-12-26,16.0,286.1043393466593,0,bad
9000000656-2,2020-12-27,9.0,96.36711281070751,0,bad
9000000656-2,2020-12-27,10.0,223.22834645669272,0,bad
9000000656-2,2020-12-27,11.0,293.18854886475856,0,bad
9000000656-2,2020-12-27,12.0,298.17501169864363,0,bad
9000000656-2,2020-12-27,13.0,287.23404255319156,0,bad
9000000656-2,2020-12-27,14.0,303.0303030303027,0,bad
9000000656-2,2020-12-27,15.0,273.2673267326734,0,bad
9000000656-2,2020-12-27,16.0,266.0792951541853,0,bad
9000000656-2,2020-12-28,9.0,285.5421686746987,1,bad
9000000656-2,2020-12-28,10.0,364.4322845417228,1,bad
9000000656-2,2020-12-28,11.0,349.54783436458797,1,bad
9000000656-2,2020-12-28,12.0,375.3875058713004,1,bad
9000000656-2,2020-12-28,13.0,358.9645254074793,1,bad
9000000656-2,2020-12-28,14.0,481.70299036999626,1,bad
9000000656-2,2020-12-28,15.0,444.2769665567609,1,bad
9000000656-2,2020-12-28,16.0,522.9729729729747,1,bad
9000000656-2,2020-12-29,9.0,241.27951256664096,1,bad
9000000656-2,2020-12-29,10.0,312.616822429906,1,bad
9000000656-2,2020-12-29,11.0,354.909090909091,1,bad
9000000656-2,2020-12-29,12.0,405.431309904152,1,bad
9000000656-2,2020-12-29,13.0,372.1478307445093,1,bad
9000000656-2,2020-12-29,14.0,418.63857374392194,1,bad
9000000656-2,2020-12-29,15.0,386.027619821282,1,bad
9000000656-2,2020-12-30,9.0,269.6808510638298,1,bad
9000000656-2,2020-12-30,10.0,369.052224371373,1,bad
9000000656-2,2020-12-30,11.0,463.53982300885,1,bad
9000000656-2,2020-12-30,12.0,485.393258426967,1,bad
9000000656-2,2020-12-30,13.0,462.40074731434123,1,bad
9000000656-2,2020-12-30,14.0,460.38461538461513,1,bad
9000000656-2,2020-12-30,15.0,456.1886051080566,1,bad
9000000656-2,2020-12-30,16.0,452.8819762122587,1,bad
9000000656-2,2020-12-31,9.0,284.167794316645,1,bad
9000000656-2,2020-12-31,10.0,308.261617900173,1,bad
9000000656-2,2020-12-31,11.0,464.927023440957,1,bad
9000000656-2,2020-12-31,12.0,477.39130434782703,1,bad
9000000656-2,2020-12-31,13.0,474.1144414168921,1,bad
9000000656-2,2020-12-31,14.0,473.465620673742,1,bad
9000000656-2,2020-12-31,15.0,392.13051823416527,1,bad
9000000656-2,2020-12-31,16.0,424.96371552975233,1,bad
9000000656-2,2021-01-01,9.0,60.223048327137604,1,bad
9000000656-2,2021-01-01,10.0,122.2065063649226,1,bad
9000000656-2,2021-01-01,11.0,186.4472410454992,1,bad
9000000656-2,2021-01-01,12.0,265.7943925233643,1,bad
9000000656-2,2021-01-01,13.0,313.6237256719183,1,bad
9000000656-2,2021-01-01,14.0,312.3755334281648,1,bad
9000000656-2,2021-01-01,15.0,253.82323733862984,1,bad
9000000656-2,2021-01-01,16.0,248.39999999999998,1,bad
9000000656-2,2021-01-02,9.0,105.78034682080931,0,bad
9000000656-2,2021-01-02,10.0,142.0596727622714,0,bad
9000000656-2,2021-01-02,11.0,246.9955156950671,0,bad
9000000656-2,2021-01-02,12.0,237.1962616822428,0,bad
9000000656-2,2021-01-02,13.0,260.344827586206,0,bad
9000000656-2,2021-01-02,14.0,315.042573320719,0,bad
9000000656-2,2021-01-02,15.0,241.632653061224,0,bad
9000000656-2,2021-01-03,9.0,85.14664143803219,0,bad
9000000656-2,2021-01-03,10.0,181.45506419400812,0,bad
9000000656-2,2021-01-03,11.0,234.37939110070215,0,bad
9000000656-2,2021-01-03,12.0,307.08433734939695,0,bad
9000000656-2,2021-01-03,13.0,329.3883639980106,0,bad
9000000656-2,2021-01-03,14.0,281.7236255572054,0,bad
9000000656-2,2021-01-03,15.0,253.06930693069302,0,bad
9000000656-2,2021-01-04,9.0,243.20502749410798,1,bad
9000000656-2,2021-01-04,10.0,317.8125,1,bad
9000000656-2,2021-01-04,11.0,353.956834532374,1,bad
9000000656-2,2021-01-04,12.0,354.60992907801403,1,bad
9000000656-2,2021-01-04,13.0,359.848803023939,1,bad
9000000656-2,2021-01-04,14.0,408.759124087591,1,bad
9000000656-2,2021-01-04,15.0,517.553613979349,1,bad
9000000656-2,2021-01-04,16.0,553.966870095901,1,bad
9000000656-2,2021-01-05,9.0,299.9999999999993,1,bad
9000000656-2,2021-01-05,10.0,335.15248796147625,1,bad
9000000656-2,2021-01-05,11.0,365.0040883074407,1,bad
9000000656-2,2021-01-05,12.0,367.81979082863927,1,bad
9000000656-2,2021-01-05,13.0,413.4453781512586,1,bad
9000000656-2,2021-01-05,14.0,480.6902218570276,1,bad
9000000656-2,2021-01-05,15.0,565.213711383836,1,bad
9000000656-2,2021-01-06,9.0,350.255001961553,1,bad
9000000656-2,2021-01-06,10.0,296.9963956748089,1,bad
9000000656-2,2021-01-06,11.0,384.65753424657396,1,bad
9000000656-2,2021-01-06,12.0,345.08529650690497,1,bad
9000000656-2,2021-01-06,13.0,408.88516345348,1,bad
9000000656-2,2021-01-06,14.0,439.209087084561,1,bad
9000000656-2,2021-01-06,15.0,395.722840034218,1,bad
9000000656-2,2021-01-06,16.0,516.6051660516611,1,bad
9000000656-2,2021-01-07,9.0,267.1480144404327,1,bad
9000000656-2,2021-01-07,10.0,335.358444714459,1,bad
9000000656-2,2021-01-07,11.0,374.32981316003196,1,bad
9000000656-2,2021-01-07,12.0,422.266401590457,1,bad
9000000656-2,2021-01-07,13.0,320.62966031482944,1,bad
9000000656-2,2021-01-07,14.0,480.61224489795734,1,bad
9000000656-2,2021-01-07,15.0,554.408776919953,1,bad
9000000656-2,2021-01-07,16.0,535.766423357662,1,bad
9000000656-2,2021-01-08,9.0,320.000000000001,1,bad
9000000656-2,2021-01-08,10.0,352.884227511093,1,bad
9000000656-2,2021-01-08,11.0,391.01123595505595,1,bad
9000000656-2,2021-01-08,12.0,442.28571428571604,1,bad
9000000656-2,2021-01-08,13.0,395.525369556534,1,bad
9000000656-2,2021-01-08,14.0,433.127317676144,1,bad
9000000656-2,2021-01-08,15.0,573.979591836733,1,bad
9000000656-2,2021-01-08,16.0,562.252529696434,1,bad
9000000656-2,2021-01-09,9.0,140.70543374642511,0,bad
9000000656-2,2021-01-09,14.0,438.8059701492543,0,bad
9000000656-2,2021-01-09,15.0,346.8245425188371,0,bad
9000000656-2,2021-01-10,9.0,107.3498530029398,0,bad
9000000656-2,2021-01-10,10.0,134.4917463075587,0,bad
9000000656-2,2021-01-10,11.0,235.86206896551792,0,bad
9000000656-2,2021-01-10,12.0,244.3266171792155,0,bad
9000000656-2,2021-01-10,14.0,313.201820940819,0,bad
9000000656-2,2021-01-10,15.0,261.715481171548,0,bad
9000000656-2,2021-01-10,16.0,188.971367974549,0,bad
9000000656-2,2021-01-11,9.0,312.4370399070125,1,bad
9000000656-2,2021-01-11,10.0,357.59465478841975,1,bad
9000000656-2,2021-01-11,11.0,449.8168498168485,1,bad
9000000656-2,2021-01-11,12.0,436.4945978391341,1,bad
9000000656-2,2021-01-11,13.0,429.52029520295235,1,bad
9000000656-2,2021-01-11,14.0,351.0813999213534,1,bad
9000000656-2,2021-01-11,15.0,375.03163222269086,1,bad
9000000656-2,2021-01-11,16.0,503.2258064516109,1,bad
9000000656-2,2021-01-12,9.0,319.7506817296449,1,bad
9000000656-2,2021-01-12,10.0,274.3138058172887,1,bad
9000000656-2,2021-01-12,11.0,305.7534246575347,1,bad
9000000656-2,2021-01-12,13.0,469.3708609271498,1,bad
9000000656-2,2021-01-12,14.0,386.9851729818787,1,bad
9000000656-2,2021-01-12,15.0,445.9525756336869,1,bad
9000000656-2,2021-01-12,16.0,496.19205298012923,1,bad
9000000656-2,2021-01-13,9.0,254.38016528925618,1,bad
9000000656-2,2021-01-13,10.0,326.92511949017427,1,bad
9000000656-2,2021-01-13,15.0,373.4375,1,bad
9000000656-2,2021-01-13,16.0,479.2761740629045,1,bad
9000000656-2,2021-01-14,8.0,317.11911357340796,1,bad
9000000656-2,2021-01-14,9.0,307.10204081632753,1,bad
9000000656-2,2021-01-14,10.0,339.13043478260954,1,bad
9000000656-2,2021-01-14,11.0,290.2617801047126,1,bad
9000000656-2,2021-01-14,12.0,357.0850202429139,1,bad
9000000656-2,2021-01-14,13.0,438.1825760733654,1,bad
9000000656-2,2021-01-14,14.0,442.5302826379532,1,bad
9000000656-2,2021-01-14,15.0,376.4705882352946,1,bad
9000000656-2,2021-01-14,16.0,449.8186215235771,1,bad
9000000656-2,2021-01-15,8.0,215.9235668789816,1,bad
9000000656-2,2021-01-15,9.0,257.6964477933257,1,bad
9000000656-2,2021-01-15,11.0,430.69156991418583,1,bad
9000000656-2,2021-01-15,12.0,364.17112299465236,1,bad
9000000656-2,2021-01-15,13.0,355.31453362256,1,bad
9000000656-2,2021-01-15,15.0,363.82978723404227,1,bad
9000000656-2,2021-01-15,16.0,423.9708181344449,1,bad
9000000656-2,2021-01-16,10.0,217.0280274986784,0,bad
9000000656-2,2021-01-16,15.0,303.7735849056593,0,bad
9000000656-2,2021-01-16,16.0,359.4412829798252,0,bad
9000000656-2,2021-01-17,9.0,106.25,0,bad
9000000656-2,2021-01-17,10.0,164.288879042977,0,bad
9000000656-2,2021-01-17,11.0,278.899082568807,0,bad
9000000656-2,2021-01-17,12.0,299.03625516291874,0,bad
9000000656-2,2021-01-17,15.0,260.7608129233976,0,bad
9000000656-2,2021-01-18,9.0,345.56500607533343,1,bad
9000000656-2,2021-01-18,10.0,379.9890049477727,1,bad
9000000656-2,2021-01-18,11.0,377.59056444818907,1,bad
9000000656-2,2021-01-18,12.0,382.7368421052628,1,bad
9000000656-2,2021-01-18,14.0,371.9663596315571,1,bad
9000000656-2,2021-01-18,15.0,391.2420382165614,1,bad
9000000656-2,2021-01-18,16.0,395.3169156237387,1,bad
9000000656-2,2021-01-19,9.0,329.9389002036666,1,bad
9000000656-2,2021-01-19,10.0,316.0473662719484,1,bad
9000000656-2,2021-01-19,11.0,387.64478764478747,1,bad
9000000656-2,2021-01-19,13.0,442.6955238563714,1,bad
9000000656-2,2021-01-19,14.0,455.75079872204327,1,bad
9000000656-2,2021-01-19,15.0,371.0429447852759,1,bad
9000000656-2,2021-01-19,16.0,519.8179561439835,1,bad
9000000656-2,2021-01-20,9.0,335.7820883202641,1,bad
9000000656-2,2021-01-20,10.0,357.53920386007184,1,bad
9000000656-2,2021-01-20,11.0,399.0037359900372,1,bad
9000000656-2,2021-01-20,12.0,377.04231252618456,1,bad
9000000656-2,2021-01-20,13.0,453.18021201413495,1,bad
9000000656-2,2021-01-20,14.0,390.6593406593413,1,bad
9000000656-2,2021-01-20,15.0,537.007125890737,1,bad
9000000656-2,2021-01-20,16.0,524.239631336407,1,bad
9000000656-2,2021-01-21,9.0,291.11424541607903,1,bad
9000000656-2,2021-01-21,10.0,363.199999999999,1,bad
9000000656-2,2021-01-21,11.0,380.68965517241406,1,bad
9000000656-2,2021-01-21,12.0,349.95348837209315,1,bad
9000000656-2,2021-01-21,13.0,390.8982035928146,1,bad
9000000656-2,2021-01-21,14.0,366.8976763147159,1,bad
9000000656-2,2021-01-21,15.0,432.176398530013,1,bad
9000000656-2,2021-01-21,16.0,486.647374948325,1,bad
9000000656-2,2021-01-22,9.0,277.786438035854,1,bad
9000000656-2,2021-01-22,10.0,368.31683168316897,1,bad
9000000656-2,2021-01-22,11.0,402.7327070879585,1,bad
9000000656-2,2021-01-22,12.0,415.8168574401646,1,bad
9000000656-2,2021-01-22,13.0,453.3053515215118,1,bad
9000000656-2,2021-01-22,14.0,361.67788710512605,1,bad
9000000656-2,2021-01-22,15.0,494.32314410480205,1,bad
9000000656-2,2021-01-22,16.0,494.77832512315206,1,bad
9000000656-2,2021-01-23,9.0,139.57996768982218,0,bad
9000000656-2,2021-01-23,10.0,258.27814569536406,0,bad
9000000656-2,2021-01-23,12.0,275.57951482479814,0,bad
9000000656-2,2021-01-23,14.0,354.003224073079,0,bad
9000000656-2,2021-01-23,15.0,405.169628432957,0,bad
9000000656-2,2021-01-23,16.0,313.3678756476688,0,bad
9000000656-2,2021-01-24,9.0,111.791859001259,0,bad
9000000656-2,2021-01-24,10.0,210.5174589819099,0,bad
9000000656-2,2021-01-24,11.0,273.2276897414509,0,bad
9000000656-2,2021-01-24,12.0,300.9142359599488,0,bad
9000000656-2,2021-01-24,13.0,335.302954431648,0,bad
9000000656-2,2021-01-24,14.0,281.639169771155,0,bad
9000000656-2,2021-01-24,15.0,236.561264822135,0,bad
9000000656-2,2021-01-24,16.0,279.99999999999903,0,bad
9000000656-2,2021-01-25,9.0,285.48770816811947,1,bad
9000000656-2,2021-01-25,10.0,377.08905453118894,1,bad
9000000656-2,2021-01-25,11.0,437.0700121408347,1,bad
9000000656-2,2021-01-25,12.0,424.87128712871134,1,bad
9000000656-2,2021-01-25,13.0,374.4427934621093,1,bad
9000000656-2,2021-01-25,14.0,424.7191011235959,1,bad
9000000656-2,2021-01-25,15.0,482.96860133206326,1,bad
9000000656-2,2021-01-25,16.0,502.0183486238556,1,bad
9000000656-2,2021-01-26,9.0,328.3340089177138,1,bad
9000000656-2,2021-01-26,10.0,358.8283157038244,1,bad
9000000656-2,2021-01-26,11.0,368.6832740213513,1,bad
9000000656-2,2021-01-26,12.0,395.8266452648478,1,bad
9000000656-2,2021-01-26,13.0,421.0434782608704,1,bad
9000000656-2,2021-01-26,14.0,377.5100401606416,1,bad
9000000656-2,2021-01-26,15.0,434.64566929133827,1,bad
9000000656-2,2021-01-26,16.0,398.687448728466,1,bad
9000000656-2,2021-01-27,9.0,289.2477353288703,1,bad
9000000656-2,2021-01-27,10.0,379.175010012014,1,bad
9000000656-2,2021-01-27,11.0,359.7211463981414,1,bad
9000000656-2,2021-01-27,12.0,387.99212598425163,1,bad
9000000656-2,2021-01-27,15.0,453.1177829099305,1,bad
9000000656-2,2021-01-27,16.0,487.76978417266446,1,bad
9000000656-2,2021-01-27,17.0,521.3114754098341,1,bad
9000000656-2,2021-01-28,8.0,374.555256064691,1,bad
9000000656-2,2021-01-28,9.0,322.1570926143015,1,bad
9000000656-2,2021-01-28,10.0,355.7543716958114,1,bad
9000000656-2,2021-01-28,11.0,328.007181328545,1,bad
9000000656-2,2021-01-28,12.0,397.73814702044217,1,bad
9000000656-2,2021-01-28,13.0,445.19952587909745,1,bad
9000000656-2,2021-01-28,14.0,440.2772115776607,1,bad
9000000656-2,2021-01-28,15.0,436.001659062629,1,bad
9000000656-2,2021-01-28,16.0,488.0866425992797,1,bad
9000000656-2,2021-01-29,9.0,304.065040650406,1,bad
9000000656-2,2021-01-29,10.0,338.6861313868607,1,bad
9000000656-2,2021-01-29,11.0,449.81862152357803,1,bad
9000000656-2,2021-01-29,12.0,467.436108821106,1,bad
9000000656-2,2021-01-29,13.0,461.53846153846,1,bad
9000000656-2,2021-01-29,14.0,437.653018151118,1,bad
9000000656-2,2021-01-29,15.0,630.7438016528939,1,bad
9000000656-2,2021-01-29,16.0,477.811550151975,1,bad
9000000656-2,2021-01-30,13.0,392.1951219512188,0,bad
9000000656-2,2021-01-30,14.0,380.7123287671233,0,bad
9000000656-2,2021-01-30,15.0,363.9839034205238,0,bad
9000000656-2,2021-01-30,16.0,396.5442764578845,0,bad
9000000656-2,2021-01-31,9.0,86.3497601395552,0,bad
9000000656-2,2021-01-31,10.0,146.26474442988192,0,bad
9000000656-2,2021-01-31,11.0,211.94941125163518,0,bad
9000000656-2,2021-01-31,12.0,243.4056761268779,0,bad
9000000656-2,2021-01-31,13.0,270.5202312138736,0,bad
9000000656-2,2021-01-31,15.0,263.99999999999983,0,bad
9000000656-2,2021-01-31,16.0,302.62008733624424,0,bad
9000000656-2,2021-02-01,9.0,309.5087163232958,1,bad
9000000656-2,2021-02-01,10.0,353.0570373409937,1,bad
9000000656-2,2021-02-01,11.0,403.9497307001783,1,bad
9000000656-2,2021-02-01,12.0,416.6734115742611,1,bad
9000000656-2,2021-02-01,13.0,489.8488120950352,1,bad
9000000656-2,2021-02-01,15.0,473.4491315136458,1,bad
9000000656-2,2021-02-01,16.0,445.78723404255237,1,bad
9000000656-2,2021-02-01,17.0,586.5517241379333,1,bad
9000000656-2,2021-02-02,9.0,301.7142857142853,1,bad
9000000656-2,2021-02-02,10.0,351.0857142857134,1,bad
9000000656-2,2021-02-02,11.0,394.0993788819862,1,bad
9000000656-2,2021-02-02,12.0,404.462151394421,1,bad
9000000656-2,2021-02-02,13.0,437.1991247264775,1,bad
9000000656-2,2021-02-02,15.0,453.1262770739692,1,bad
9000000656-2,2021-02-02,16.0,519.677419354836,1,bad
9000000656-2,2021-02-02,17.0,507.0895522388037,1,bad
9000000656-2,2021-02-03,9.0,363.5614179719712,1,good
9000000656-2,2021-02-03,10.0,387.94384805945555,1,good
9000000656-2,2021-02-03,11.0,396.31645039765544,1,good
9000000656-2,2021-02-03,12.0,388.1765195670274,1,good
9000000656-2,2021-02-03,13.0,411.0414052697626,1,good
9000000656-2,2021-02-03,14.0,506.0523233112083,1,good
9000000656-2,2021-02-03,15.0,479.0143737166355,1,good
9000000656-2,2021-02-03,16.0,545.498981670061,1,good
9000000656-2,2021-02-04,8.0,250.8510638297872,1,good
9000000656-2,2021-02-04,9.0,277.490774907749,1,good
9000000656-2,2021-02-04,10.0,348.156956004756,1,good
9000000656-2,2021-02-04,11.0,406.54429369513105,1,good
9000000656-2,2021-02-04,12.0,399.99999999999875,1,good
9000000656-2,2021-02-04,13.0,482.61886204208696,1,good
9000000656-2,2021-02-04,14.0,417.2043010752693,1,good
9000000656-2,2021-02-04,15.0,499.55627269059914,1,good
9000000656-2,2021-02-04,16.0,518.7448389760538,1,good
9000000656-2,2021-02-04,17.0,445.9165154264966,1,good
9000000656-2,2021-02-05,9.0,314.475873544093,1,good
9000000656-2,2021-02-05,10.0,348.70205346764703,1,good
9000000656-2,2021-02-05,11.0,424.056408129407,1,good
9000000656-2,2021-02-05,12.0,440.340218712029,1,good
9000000656-2,2021-02-05,13.0,492.770105605198,1,good
9000000656-2,2021-02-05,14.0,515.8922295978151,1,good
9000000656-2,2021-02-05,15.0,494.90835030549823,1,good
9000000656-2,2021-02-05,16.0,442.7305888483579,1,good
9000000656-2,2021-02-06,9.0,198.2551799345693,0,good
9000000656-2,2021-02-06,10.0,362.57668711656436,0,good
9000000656-2,2021-02-06,11.0,403.30407847186575,0,good
9000000656-2,2021-02-06,12.0,411.01652478718046,0,good
9000000656-2,2021-02-06,13.0,443.860535624051,0,good
9000000656-2,2021-02-06,14.0,465.58441558441626,0,good
9000000656-2,2021-02-06,15.0,375.84442169908,0,good
9000000656-2,2021-02-07,8.0,66.8674698795181,0,bad
9000000656-2,2021-02-07,9.0,119.37172774869109,0,bad
9000000656-2,2021-02-07,10.0,206.53133274492484,0,bad
9000000656-2,2021-02-07,11.0,247.35541275333694,0,bad
9000000656-2,2021-02-07,12.0,289.9696048632216,0,bad
9000000656-2,2021-02-07,13.0,293.488618316569,0,bad
9000000656-2,2021-02-07,14.0,261.2752721617419,0,bad
9000000656-2,2021-02-07,15.0,275.171323141803,0,bad
9000000656-2,2021-02-07,16.0,302.87539936102297,0,bad
9000000656-2,2021-02-08,9.0,103.1674208144797,1,bad
9000000656-2,2021-02-08,10.0,173.53664535169702,1,bad
9000000656-2,2021-02-08,11.0,241.44144144144138,1,bad
9000000656-2,2021-02-08,12.0,323.3644859813075,1,bad
9000000656-2,2021-02-08,14.0,332.24960671211454,1,bad
9000000656-2,2021-02-08,16.0,390.0596421471165,1,bad
9000000656-2,2021-02-08,17.0,319.3691473632333,1,bad
9000000656-2,2021-02-09,9.0,309.48905109489,1,bad
9000000656-2,2021-02-09,10.0,355.339805825242,1,bad
9000000656-2,2021-02-09,11.0,379.259259259261,1,bad
9000000656-2,2021-02-09,12.0,342.78647980214396,1,bad
9000000656-2,2021-02-09,13.0,465.257279617074,1,bad
9000000656-2,2021-02-09,14.0,389.546753777053,1,bad
9000000656-2,2021-02-09,15.0,487.09408825978403,1,bad
9000000656-2,2021-02-09,16.0,494.259333600962,1,bad
9000000656-2,2021-02-09,17.0,536.407982261641,1,bad
9000000656-2,2021-02-10,9.0,318.125770653515,1,bad
9000000656-2,2021-02-10,10.0,338.98026315789605,1,bad
9000000656-2,2021-02-10,11.0,353.74039627982205,1,bad
9000000656-2,2021-02-10,12.0,407.68307322929,1,bad
9000000656-2,2021-02-10,13.0,400.8038585209012,1,bad
9000000656-2,2021-02-10,14.0,385.768103809125,1,bad
9000000656-2,2021-02-10,15.0,435.328105654148,1,bad
9000000656-2,2021-02-10,16.0,472.2058203289761,1,bad
9000000656-2,2021-02-11,9.0,319.68,1,bad
9000000656-2,2021-02-11,10.0,324.899274778405,1,bad
9000000656-2,2021-02-11,11.0,379.65260545905704,1,bad
9000000656-2,2021-02-11,12.0,413.355048859936,1,bad
9000000656-2,2021-02-11,13.0,394.000810701257,1,bad
9000000656-2,2021-02-11,14.0,482.28299643281696,1,bad
9000000656-2,2021-02-11,15.0,571.5463917525757,1,bad
9000000656-2,2021-02-11,16.0,577.846153846155,1,bad
9000000656-2,2021-02-11,17.0,552.8571428571411,1,bad
9000000656-2,2021-02-12,8.0,281.80039138943357,1,bad
9000000656-2,2021-02-12,11.0,436.2772277227699,1,bad
9000000656-2,2021-02-12,12.0,410.0719424460451,1,bad
9000000656-2,2021-02-12,14.0,371.5909090909093,1,bad
9000000656-2,2021-02-12,15.0,413.2075471698119,1,bad
9000000656-2,2021-02-12,16.0,440.54180289584366,1,bad
9000000656-2,2021-02-12,17.0,404.257583821181,1,bad
9000000656-2,2021-02-13,10.0,254.9682875264277,0,bad
9000000656-2,2021-02-13,14.0,363.8502673796799,0,bad
9000000656-2,2021-02-13,16.0,345.9690336358779,0,bad
9000000656-2,2021-02-13,17.0,333.12883435582836,0,bad
9000000656-2,2021-02-14,8.0,52.58215962441314,0,bad
9000000656-2,2021-02-14,9.0,91.7941585535466,0,bad
9000000656-2,2021-02-14,10.0,184.6551724137927,0,bad
9000000656-2,2021-02-14,11.0,335.5006501950594,0,bad
9000000656-2,2021-02-14,12.0,333.2484076433126,0,bad
9000000656-2,2021-02-14,13.0,401.76991150442547,0,bad
9000000656-2,2021-02-14,14.0,386.806596701649,0,bad
9000000656-2,2021-02-14,16.0,328.67883995703613,0,bad
9000000656-2,2021-02-14,17.0,318.56866537717633,0,bad
9000000656-2,2021-02-15,9.0,231.3432835820904,1,bad
9000000656-2,2021-02-15,10.0,378.79968823071,1,bad
9000000656-2,2021-02-15,11.0,391.9211822660096,1,bad
9000000656-2,2021-02-15,12.0,416.25887924230335,1,bad
9000000656-2,2021-02-15,13.0,470.53020961775644,1,bad
9000000656-2,2021-02-15,14.0,544.8013064779515,1,bad
9000000656-2,2021-02-15,16.0,442.0253164556965,1,bad
9000000656-2,2021-02-15,17.0,501.39275766016897,1,bad
9000000656-2,2021-02-16,8.0,283.0344827586217,1,bad
9000000656-2,2021-02-16,9.0,308.1152993348108,1,bad
9000000656-2,2021-02-16,10.0,362.110960757781,1,bad
9000000656-2,2021-02-16,11.0,405.6956875508548,1,bad
9000000656-2,2021-02-16,12.0,485.7433808553958,1,bad
9000000656-2,2021-02-16,13.0,478.5628742514967,1,bad
9000000656-2,2021-02-16,14.0,530.1662707838461,1,bad
9000000656-2,2021-02-16,16.0,447.44110479285064,1,bad
9000000656-2,2021-02-16,17.0,442.74527867342346,1,bad
9000000656-2,2021-02-17,9.0,335.69131832797416,1,bad
9000000656-2,2021-02-17,10.0,377.337110481586,1,bad
9000000656-2,2021-02-17,11.0,406.804374240583,1,bad
9000000656-2,2021-02-17,12.0,416.701116163704,1,bad
9000000656-2,2021-02-17,16.0,458.3712277800747,1,bad
9000000656-2,2021-02-17,17.0,471.86803388319197,1,bad
9000000656-2,2021-02-18,8.0,280.16194331983775,1,good
9000000656-2,2021-02-18,9.0,346.0614152202945,1,good
9000000656-2,2021-02-18,10.0,361.65759732105437,1,good
9000000656-2,2021-02-18,13.0,416.9199178644787,1,good
9000000656-2,2021-02-18,14.0,451.0948905109478,1,good
9000000656-2,2021-02-18,15.0,462.9098360655745,1,good
9000000656-2,2021-02-18,16.0,383.9603141794134,1,good
9000000656-2,2021-02-18,17.0,545.555043758639,1,good
9000000656-2,2021-02-19,9.0,392.42365674526457,1,bad
9000000656-2,2021-02-19,10.0,454.8736462093875,1,bad
9000000656-2,2021-02-19,11.0,402.7703782631853,1,bad
9000000656-2,2021-02-19,12.0,496.23128549303334,1,bad
9000000656-2,2021-02-19,13.0,463.088897992628,1,bad
9000000656-2,2021-02-19,14.0,497.5132490827577,1,bad
9000000656-2,2021-02-19,15.0,575.5160825732122,1,bad
9000000656-2,2021-02-19,16.0,475.5060728744928,1,bad
9000000656-2,2021-02-19,17.0,497.00103412616266,1,bad
9000000656-2,2021-02-20,8.0,178.7103377686795,0,good
9000000656-2,2021-02-20,12.0,422.8969636635157,0,good
9000000656-2,2021-02-20,16.0,365.8036150464111,0,good
9000000656-2,2021-02-20,17.0,355.98086124401834,0,good
9000000656-2,2021-02-21,8.0,79.61838681699909,0,good
9000000656-2,2021-02-21,9.0,160.1368691189055,0,good
9000000656-2,2021-02-21,11.0,318.8075405523899,0,good
9000000656-2,2021-02-21,14.0,330.8108108108098,0,good
9000000656-2,2021-02-21,15.0,357.2668112798259,0,good
9000000656-2,2021-02-21,16.0,308.25688073394485,0,good
9000000656-2,2021-02-22,8.0,335.5123674911654,1,good
9000000656-2,2021-02-22,9.0,353.8886695617851,1,good
9000000656-2,2021-02-22,10.0,383.2535885167471,1,good
9000000656-2,2021-02-22,11.0,331.30929791271427,1,good
9000000656-2,2021-02-22,12.0,279.79274611398955,1,good
9000000656-2,2021-02-22,13.0,373.85854968666143,1,good
9000000656-2,2021-02-22,14.0,429.5701084773012,1,good
9000000656-2,2021-02-22,15.0,465.59594251901854,1,good
9000000656-2,2021-02-22,16.0,506.20347394540784,1,good
9000000656-2,2021-02-22,17.0,551.5320334261862,1,good
9000000656-2,2021-02-23,8.0,291.7431192660543,1,good
9000000656-2,2021-02-23,10.0,336.3373294749894,1,good
9000000656-2,2021-02-23,11.0,401.091405184174,1,good
9000000656-2,2021-02-23,12.0,432.46283648051514,1,good
9000000656-2,2021-02-23,13.0,489.4874022589068,1,good
9000000656-2,2021-02-23,14.0,443.10189359783493,1,good
9000000656-2,2021-02-23,16.0,451.4705882352958,1,good
9000000656-2,2021-02-23,17.0,518.518518518518,1,good
9000000656-2,2021-02-24,8.0,307.6056338028171,1,good
9000000656-2,2021-02-24,10.0,350.105708245243,1,good
9000000656-2,2021-02-24,11.0,411.94029850746256,1,good
9000000656-2,2021-02-24,12.0,476.8496420047725,1,good
9000000656-2,2021-02-24,13.0,430.0177619893441,1,good
9000000656-2,2021-02-24,16.0,455.4321583775952,1,good
9000000656-2,2021-02-24,17.0,367.5675675675685,1,good
9000000656-2,2021-02-25,8.0,289.4845360824749,1,good
9000000656-2,2021-02-25,9.0,305.7286432160796,1,good
9000000656-2,2021-02-25,10.0,395.8371040723989,1,good
9000000656-2,2021-02-25,11.0,406.69456066945725,1,good
9000000656-2,2021-02-25,12.0,474.7410358565726,1,good
9000000656-2,2021-02-25,13.0,453.6851683348493,1,good
9000000656-2,2021-02-25,14.0,438.7261146496808,1,good
9000000656-2,2021-02-25,16.0,439.38767066611643,1,good
9000000656-2,2021-02-25,17.0,526.0744985673325,1,good
9000000656-2,2021-02-26,9.0,225.94142259414167,1,good
9000000656-2,2021-02-26,10.0,366.3851351351348,1,good
9000000656-2,2021-02-26,11.0,424.3902439024389,1,good
9000000656-2,2021-02-26,12.0,467.10353866317257,1,good
9000000656-2,2021-02-26,13.0,520.9189842805298,1,good
9000000656-2,2021-02-26,14.0,464.12213740458094,1,good
9000000656-2,2021-02-26,16.0,628.601036269427,1,good
9000000656-2,2021-02-26,17.0,434.0920096852302,1,good
9000000656-2,2021-02-27,8.0,108.5334695963208,0,good
9000000656-2,2021-02-27,10.0,320.69527430744193,0,good
9000000656-2,2021-02-27,14.0,374.56647398844063,0,good
9000000656-2,2021-02-27,16.0,398.7969924812037,0,good
9000000656-2,2021-02-27,17.0,347.6635514018685,0,good
9000000656-2,2021-02-28,8.0,63.968410661401755,0,bad
9000000656-2,2021-02-28,9.0,96.1602671118531,0,bad
9000000656-2,2021-02-28,10.0,260.80402010050176,0,bad
9000000656-2,2021-02-28,11.0,367.7175283732653,0,bad
9000000656-2,2021-02-28,12.0,312.1771217712161,0,bad
9000000656-2,2021-02-28,14.0,347.2668810289388,0,bad
9000000656-2,2021-02-28,16.0,381.3953488372087,0,bad
9000000656-2,2021-02-28,17.0,428.699551569508,0,bad
9000000656-2,2021-03-01,8.0,179.6296296296296,1,good
9000000656-2,2021-03-01,9.0,278.085642317381,1,good
9000000656-2,2021-03-01,10.0,306.2784349408561,1,good
9000000656-2,2021-03-01,11.0,446.2809917355362,1,good
9000000656-2,2021-03-01,12.0,413.3333333333332,1,good
9000000656-2,2021-03-01,13.0,486.83274021352105,1,good
9000000656-2,2021-03-01,14.0,442.6470588235308,1,good
9000000656-2,2021-03-01,16.0,531.886477462437,1,good
9000000656-2,2021-03-01,17.0,531.45057766367,1,good
9000000656-2,2021-03-01,18.0,573.730297723289,1,good
9000000656-2,2021-03-02,8.0,271.6297786720323,1,good
9000000656-2,2021-03-02,9.0,311.83407889386,1,good
9000000656-2,2021-03-02,10.0,338.88681359731004,1,good
9000000656-2,2021-03-02,11.0,410.38732394366207,1,good
9000000656-2,2021-03-02,12.0,406.2992125984253,1,good
9000000656-2,2021-03-02,13.0,406.19785458879664,1,good
9000000656-2,2021-03-02,14.0,421.36684996072404,1,good
9000000656-2,2021-03-02,16.0,555.02555366269,1,good
9000000656-2,2021-03-02,17.0,470.3594080338277,1,good
9000000656-2,2021-03-02,18.0,497.9057591623054,1,good
9000000656-2,2021-03-03,8.0,267.2629695885513,1,good
9000000656-2,2021-03-03,9.0,273.377483443708,1,good
9000000656-2,2021-03-03,10.0,343.51145038168,1,good
9000000656-2,2021-03-03,11.0,357.6451349141456,1,good
9000000656-2,2021-03-03,12.0,401.6168148746957,1,good
9000000656-2,2021-03-03,13.0,416.1204605845889,1,good
9000000656-2,2021-03-03,14.0,453.886010362695,1,good
9000000656-2,2021-03-03,16.0,522.7024758707519,1,good
9000000656-2,2021-03-03,17.0,522.212148685406,1,good
9000000656-2,2021-03-03,18.0,539.3185505678764,1,good
9000000656-2,2021-03-04,8.0,249.8369818351191,1,good
9000000656-2,2021-03-04,10.0,346.01521826191447,1,good
9000000656-2,2021-03-04,11.0,392.4395604395591,1,good
9000000656-2,2021-03-04,12.0,415.2475247524758,1,good
9000000656-2,2021-03-04,13.0,477.8251599147118,1,good
9000000656-2,2021-03-04,14.0,403.2349373230902,1,good
9000000656-2,2021-03-04,16.0,544.8414291449197,1,good
9000000656-2,2021-03-04,17.0,466.98481561821893,1,good
9000000656-2,2021-03-04,18.0,556.7010309278332,1,good
9000000656-2,2021-03-05,8.0,311.1305106940205,1,bad
9000000656-2,2021-03-05,9.0,336.1683472161344,1,bad
9000000656-2,2021-03-05,10.0,428.328611898017,1,bad
9000000656-2,2021-03-05,11.0,426.14259597806193,1,bad
9000000656-2,2021-03-05,12.0,459.46210268948835,1,bad
9000000656-2,2021-03-05,13.0,366.9041095890408,1,bad
9000000656-2,2021-03-05,14.0,508.4143763213555,1,bad
9000000656-2,2021-03-05,16.0,557.202797202794,1,bad
9000000656-2,2021-03-05,17.0,451.8672199170122,1,bad
9000000656-2,2021-03-06,8.0,92.6470588235294,0,bad
9000000656-2,2021-03-06,9.0,171.6122121049812,0,bad
9000000656-2,2021-03-06,10.0,388.035069623518,0,bad
9000000656-2,2021-03-06,12.0,448.5310119695315,0,bad
9000000656-2,2021-03-06,13.0,395.88299024918854,0,bad
9000000656-2,2021-03-06,14.0,364.3879173290933,0,bad
9000000656-2,2021-03-06,16.0,359.6421471172957,0,bad
9000000656-2,2021-03-06,17.0,346.87968047928223,0,bad
9000000656-2,2021-03-06,18.0,369.79969183358975,0,bad
9000000656-2,2021-03-07,8.0,51.211801896733306,0,bad
9000000656-2,2021-03-07,9.0,110.74523396880411,0,bad
9000000656-2,2021-03-07,10.0,247.89952360329113,0,bad
9000000656-2,2021-03-07,11.0,371.2154453707746,0,bad
9000000656-2,2021-03-07,12.0,337.0549450549445,0,bad
9000000656-2,2021-03-07,13.0,409.26978574551725,0,bad
9000000656-2,2021-03-07,14.0,341.2140575079877,0,bad
9000000656-2,2021-03-07,16.0,398.99699097291756,0,bad
9000000656-2,2021-03-07,17.0,317.3195876288668,0,bad
9000000656-2,2021-03-07,18.0,380.0643086816717,0,bad
9000000656-2,2021-03-08,8.0,284.5470692717581,1,good
9000000656-2,2021-03-08,9.0,280.5946163117712,1,good
9000000656-2,2021-03-08,10.0,356.869565217391,1,good
9000000656-2,2021-03-08,11.0,404.18511066398503,1,good
9000000656-2,2021-03-08,12.0,389.032258064515,1,good
9000000656-2,2021-03-08,13.0,512.432432432432,1,good
9000000656-2,2021-03-08,14.0,409.37866354044564,1,good
9000000656-2,2021-03-08,16.0,453.9991536182826,1,good
9000000656-2,2021-03-08,17.0,476.16511318242397,1,good
9000000656-2,2021-03-08,18.0,484.10757946210447,1,good
9000000656-2,2021-03-09,8.0,292.509521794329,1,bad
9000000656-2,2021-03-09,9.0,349.038461538461,1,bad
9000000656-2,2021-03-09,10.0,423.62416107382603,1,bad
9000000656-2,2021-03-09,12.0,415.895124948793,1,bad
9000000656-2,2021-03-09,13.0,450.357426528992,1,bad
9000000656-2,2021-03-09,14.0,401.4234875444823,1,bad
9000000656-2,2021-03-09,16.0,476.8408062525713,1,bad
9000000656-2,2021-03-09,17.0,546.8579910935191,1,bad
9000000656-2,2021-03-09,18.0,387.7201811776546,1,bad
9000000656-2,2021-03-10,9.0,356.59037095501196,1,bad
9000000656-2,2021-03-10,10.0,363.461538461538,1,bad
9000000656-2,2021-03-10,11.0,455.73366214550003,1,bad
9000000656-2,2021-03-10,12.0,361.9389587073598,1,bad
9000000656-2,2021-03-10,13.0,448.917401764236,1,bad
9000000656-2,2021-03-10,14.0,527.7899343544861,1,bad
9000000656-2,2021-03-10,16.0,429.895615866387,1,bad
9000000656-2,2021-03-10,17.0,529.269385925592,1,bad
9000000656-2,2021-03-10,18.0,587.5647668393759,1,bad
9000000656-2,2021-03-11,8.0,348.33091436864925,1,bad
9000000656-2,2021-03-11,9.0,299.152884227512,1,bad
9000000656-2,2021-03-11,10.0,434.765032844871,1,bad
9000000656-2,2021-03-11,13.0,496.48946840521404,1,bad
9000000656-2,2021-03-11,14.0,445.11278195488757,1,bad
9000000656-2,2021-03-11,15.0,406.0482223130366,1,bad
9000000656-2,2021-03-11,16.0,532.518337408315,1,bad
9000000656-2,2021-03-11,17.0,602.664298401424,1,bad
9000000656-2,2021-03-11,18.0,523.7394957983204,1,bad
9000000656-2,2021-03-12,8.0,326.226012793176,1,bad
9000000656-2,2021-03-12,9.0,341.196293176074,1,bad
9000000656-2,2021-03-12,10.0,389.029881293492,1,bad
9000000656-2,2021-03-12,11.0,376.81159420290004,1,bad
9000000656-2,2021-03-12,12.0,420.588235294118,1,bad
9000000656-2,2021-03-12,13.0,542.147117296222,1,bad
9000000656-2,2021-03-12,14.0,408.81057268722594,1,bad
9000000656-2,2021-03-12,15.0,409.376558603491,1,bad
9000000656-2,2021-03-12,16.0,550.047303689689,1,bad
9000000656-2,2021-03-12,17.0,492.220650636493,1,bad
9000000656-2,2021-03-12,18.0,443.737574552683,1,bad
9000000656-2,2021-03-13,8.0,141.3663259817105,0,bad
9000000656-2,2021-03-13,9.0,222.45108135942252,0,bad
9000000656-2,2021-03-13,13.0,407.6445293836589,0,bad
9000000656-2,2021-03-13,14.0,359.23970432946106,0,bad
9000000656-2,2021-03-13,15.0,296.01634320735474,0,bad
9000000656-2,2021-03-13,17.0,452.1017125064873,0,bad
9000000656-2,2021-03-13,18.0,358.0110497237571,0,bad
9000000656-2,2021-03-14,8.0,53.0526315789473,0,bad
9000000656-2,2021-03-14,9.0,105.15463917525781,0,bad
9000000656-2,2021-03-14,10.0,185.6133056133058,0,bad
9000000656-2,2021-03-14,11.0,225.38593481989722,0,bad
9000000656-2,2021-03-14,12.0,276.80608365019,0,bad
9000000656-2,2021-03-14,13.0,293.645786390266,0,bad
9000000656-2,2021-03-14,14.0,312.104689203927,0,bad
9000000656-2,2021-03-14,15.0,308.571428571429,0,bad
9000000656-2,2021-03-14,16.0,303.07609282245005,0,bad
9000000656-2,2021-03-14,17.0,258.2608695652179,0,bad
9000000656-2,2021-03-14,18.0,303.017469560614,0,bad
9000000656-2,2021-03-15,8.0,341.1927877947291,1,good
9000000656-2,2021-03-15,9.0,383.48472336911686,1,good
9000000656-2,2021-03-15,10.0,332.2533136966118,1,good
9000000656-2,2021-03-15,11.0,339.1427225624118,1,good
9000000656-2,2021-03-15,12.0,393.36301092674904,1,good
9000000656-2,2021-03-15,13.0,423.735408560312,1,good
9000000656-2,2021-03-15,14.0,423.44497607655546,1,good
9000000656-2,2021-03-15,16.0,462.62924667651384,1,good
9000000656-2,2021-03-15,17.0,636.6047745358131,1,good
9000000656-2,2021-03-15,18.0,572.4928366762169,1,good
9000000656-2,2021-03-16,9.0,361.45307769929303,1,good
9000000656-2,2021-03-16,10.0,390.963139120095,1,good
9000000656-2,2021-03-16,11.0,439.02439024390196,1,good
9000000656-2,2021-03-16,12.0,413.11475409836,1,good
9000000656-2,2021-03-16,13.0,382.112068965516,1,good
9000000656-2,2021-03-16,14.0,486.0,1,good
9000000656-2,2021-03-16,15.0,341.55597722960226,1,good
9000000656-2,2021-03-16,17.0,667.149977344813,1,good
9000000656-2,2021-03-16,18.0,628.0701754385949,1,good
9000000656-2,2021-03-17,9.0,305.305466237942,1,bad
9000000656-2,2021-03-17,10.0,391.272727272728,1,bad
9000000656-2,2021-03-17,11.0,439.11290322580646,1,bad
9000000656-2,2021-03-17,12.0,471.7105263157897,1,bad
9000000656-2,2021-03-17,13.0,426.1224489795927,1,bad
9000000656-2,2021-03-17,14.0,456.63242518981593,1,bad
9000000656-2,2021-03-17,15.0,475.7774140752849,1,bad
9000000656-2,2021-03-17,16.0,566.122961104143,1,bad
9000000656-2,2021-03-17,17.0,574.049803407604,1,bad
9000000656-2,2021-03-17,18.0,412.94117647058647,1,bad
9000000656-2,2021-03-18,8.0,218.0,1,bad
9000000656-2,2021-03-18,9.0,331.9391634981,1,bad
9000000656-2,2021-03-18,10.0,373.117408906882,1,bad
9000000656-2,2021-03-18,11.0,466.69384427232,1,bad
9000000656-2,2021-03-18,12.0,454.45544554455296,1,bad
9000000656-2,2021-03-18,13.0,367.2289156626506,1,bad
9000000656-2,2021-03-18,14.0,331.55893536121664,1,bad
9000000656-2,2021-03-18,15.0,455.5102040816338,1,bad
9000000656-2,2021-03-18,16.0,480.600750938672,1,bad
9000000656-2,2021-03-18,17.0,497.5609756097555,1,bad
9000000656-2,2021-03-18,18.0,558.878504672896,1,bad
9000000656-2,2021-03-19,9.0,330.582524271844,1,bad
9000000656-2,2021-03-19,10.0,338.24503311258195,1,bad
9000000656-2,2021-03-19,11.0,377.71005659556,1,bad
9000000656-2,2021-03-19,12.0,358.3227445997441,1,bad
9000000656-2,2021-03-19,13.0,461.231281198002,1,bad
9000000656-2,2021-03-19,14.0,588.792710706148,1,bad
9000000656-2,2021-03-19,15.0,532.9073482428137,1,bad
9000000656-2,2021-03-19,16.0,517.748917748919,1,bad
9000000656-2,2021-03-19,17.0,616.52478718077,1,bad
9000000656-2,2021-03-19,18.0,395.5625990491284,1,bad
9000000656-2,2021-03-20,8.0,146.25,0,bad
9000000656-2,2021-03-20,12.0,339.8340248962655,0,bad
9000000656-2,2021-03-20,13.0,329.62962962962905,0,bad
9000000656-2,2021-03-20,14.0,427.6243093922638,0,bad
9000000656-2,2021-03-20,15.0,300.4942339373964,0,bad
9000000656-2,2021-03-20,16.0,384.55843469064087,0,bad
9000000656-2,2021-03-20,17.0,320.12779552715676,0,bad
9000000656-2,2021-03-21,7.0,51.087984862819404,0,bad
9000000656-2,2021-03-21,8.0,59.848866498740506,0,bad
9000000656-2,2021-03-21,9.0,154.12844036697243,0,bad
9000000656-2,2021-03-21,10.0,237.5553587245342,0,bad
9000000656-2,2021-03-21,12.0,307.0324189526184,0,bad
9000000656-2,2021-03-21,13.0,359.8023064250415,0,bad
9000000656-2,2021-03-21,14.0,369.4281133083904,0,bad
9000000656-2,2021-03-21,17.0,348.38709677419354,0,bad
9000000656-2,2021-03-21,18.0,391.60684704583036,0,bad
9000000656-2,2021-03-22,7.0,178.48101265822783,1,good
9000000656-2,2021-03-22,8.0,269.3266832917699,1,good
9000000656-2,2021-03-22,9.0,303.973509933775,1,good
9000000656-2,2021-03-22,10.0,357.46924428822604,1,good
9000000656-2,2021-03-22,13.0,454.8214285714281,1,good
9000000656-2,2021-03-22,14.0,434.352744030165,1,good
9000000656-2,2021-03-22,15.0,426.56826568265706,1,good
9000000656-2,2021-03-22,16.0,457.0719602977655,1,good
9000000656-2,2021-03-22,17.0,527.8802992518721,1,good
9000000656-2,2021-03-22,18.0,567.6500508647031,1,good
9000000656-2,2021-03-23,8.0,107.70791075050701,1,good
9000000656-2,2021-03-23,9.0,322.1508828250394,1,good
9000000656-2,2021-03-23,10.0,436.80781758957517,1,good
9000000656-2,2021-03-23,11.0,470.60782681099096,1,good
9000000656-2,2021-03-23,12.0,499.83713355048576,1,good
9000000656-2,2021-03-23,13.0,428.7878787878771,1,good
9000000656-2,2021-03-23,14.0,378.664007976073,1,good
9000000656-2,2021-03-23,16.0,402.41254523522184,1,good
9000000656-2,2021-03-23,17.0,585.822559072672,1,good
9000000656-2,2021-03-23,18.0,495.8083832335316,1,good
9000000656-2,2021-03-24,8.0,115.3967419863373,1,good
9000000656-2,2021-03-24,9.0,296.662546353523,1,good
9000000656-2,2021-03-24,10.0,330.434782608697,1,good
9000000656-2,2021-03-24,11.0,414.2107387969316,1,good
9000000656-2,2021-03-24,12.0,437.3696872494,1,good
9000000656-2,2021-03-24,13.0,496.8058968058986,1,good
9000000656-2,2021-03-24,14.0,406.2200956937798,1,good
9000000656-2,2021-03-24,16.0,503.6895064686168,1,good
9000000656-2,2021-03-24,17.0,542.091152815015,1,good
9000000656-2,2021-03-24,18.0,544.8239621650039,1,good
9000000656-2,2021-03-25,7.0,161.4522156967427,1,good
9000000656-2,2021-03-25,8.0,156.7773543821449,1,good
9000000656-2,2021-03-25,9.0,311.94029850746324,1,good
9000000656-2,2021-03-25,10.0,354.26704777460196,1,good
9000000656-2,2021-03-25,11.0,362.62135922329975,1,good
9000000656-2,2021-03-25,12.0,436.5834004834813,1,good
9000000656-2,2021-03-25,13.0,422.92263610315104,1,good
9000000656-2,2021-03-25,14.0,387.4439461883416,1,good
9000000656-2,2021-03-25,16.0,481.42644873699703,1,good
9000000656-2,2021-03-25,17.0,491.553610503281,1,good
9000000656-2,2021-03-25,18.0,576.231263383297,1,good
9000000656-2,2021-03-26,9.0,377.316455696203,1,good
9000000656-2,2021-03-26,10.0,409.382967873533,1,good
9000000656-2,2021-03-26,11.0,449.50495049504997,1,good
9000000656-2,2021-03-26,12.0,417.87365177195556,1,good
9000000656-2,2021-03-26,13.0,473.26732673267395,1,good
9000000656-2,2021-03-26,14.0,442.3149905123333,1,good
9000000656-2,2021-03-26,17.0,376.0154738878143,1,good
9000000656-2,2021-03-26,18.0,420.91761223483036,1,good
9000000656-2,2021-03-27,7.0,108.79120879120889,0,bad
9000000656-2,2021-03-27,12.0,343.5040431266851,0,bad
9000000656-2,2021-03-27,16.0,329.1644771413566,0,bad
9000000656-2,2021-03-27,17.0,305.60597971169176,0,bad
9000000656-2,2021-03-27,18.0,360.3793466807172,0,bad
9000000656-2,2021-03-28,9.0,81.20300751879691,0,bad
9000000656-2,2021-03-28,10.0,135.7019064124785,0,bad
9000000656-2,2021-03-28,11.0,227.5150472914878,0,bad
9000000656-2,2021-03-28,12.0,228.4463894967176,0,bad
9000000656-2,2021-03-28,13.0,336.10278372591,0,bad
9000000656-2,2021-03-28,14.0,306.17726051924694,0,bad
9000000656-2,2021-03-28,15.0,267.45056119722085,0,bad
9000000656-2,2021-03-28,17.0,373.4197730956225,0,bad
9000000656-2,2021-03-28,18.0,345.50468836183006,0,bad
9000000656-2,2021-03-28,19.0,321.9827586206883,0,bad
9000000656-2,2021-03-29,8.0,280.12968967114494,1,good
9000000656-2,2021-03-29,9.0,339.64912280701856,1,good
9000000656-2,2021-03-29,10.0,348.189177673627,1,good
9000000656-2,2021-03-29,11.0,425.10460251046106,1,good
9000000656-2,2021-03-29,13.0,370.6403940886704,1,good
9000000656-2,2021-03-29,14.0,448.16326530612423,1,good
9000000656-2,2021-03-29,15.0,534.6246973365614,1,good
9000000656-2,2021-03-29,17.0,358.1151832460731,1,good
9000000656-2,2021-03-29,18.0,526.3258480649762,1,good
9000000656-2,2021-03-29,19.0,420.7073295745773,1,good
9000000656-2,2021-03-30,9.0,178.8026607538798,1,good
9000000656-2,2021-03-30,10.0,314.04561824729905,1,good
9000000656-2,2021-03-30,11.0,449.817444219065,1,good
9000000656-2,2021-03-30,12.0,428.382547377699,1,good
9000000656-2,2021-03-30,13.0,452.6946107784433,1,good
9000000656-2,2021-03-30,14.0,497.2536348949908,1,good
9000000656-2,2021-03-30,15.0,507.252382925818,1,good
9000000656-2,2021-03-30,17.0,360.00000000000045,1,good
9000000656-2,2021-03-30,18.0,457.027707808565,1,good
9000000656-2,2021-03-30,19.0,478.994237820848,1,good
9000000656-2,2021-03-31,8.0,145.250255362615,1,good
9000000656-2,2021-03-31,9.0,153.7804357112347,1,good
9000000656-2,2021-03-31,10.0,369.87310683585804,1,good
9000000656-2,2021-03-31,11.0,377.170811251529,1,good
9000000656-2,2021-03-31,12.0,515.3434800493629,1,good
9000000656-2,2021-03-31,13.0,488.3230904302007,1,good
9000000656-2,2021-03-31,14.0,449.258649093905,1,good
9000000656-2,2021-03-31,15.0,456.58536585365675,1,good
9000000656-2,2021-03-31,17.0,359.400998336107,1,good
9000000656-2,2021-03-31,18.0,472.21945137157223,1,good
9000000656-2,2021-03-31,19.0,611.8811881188141,1,good
9000000656-2,2021-04-01,9.0,166.6963490650046,1,good
9000000656-2,2021-04-01,10.0,287.833140208575,1,good
9000000656-2,2021-04-01,11.0,386.481113320079,1,good
9000000656-2,2021-04-01,12.0,424.98985801217003,1,good
9000000656-2,2021-04-01,13.0,367.69230769230893,1,good
9000000656-2,2021-04-01,14.0,457.7867203219307,1,good
9000000656-2,2021-04-01,15.0,439.4160583941598,1,good
9000000656-2,2021-04-01,17.0,498.6062717770061,1,good
9000000656-2,2021-04-01,18.0,406.0975609756103,1,good
9000000656-2,2021-04-01,19.0,290.3531892461782,1,good
9000000656-2,2021-04-02,9.0,294.155844155845,1,good
9000000656-2,2021-04-02,10.0,353.724247226625,1,good
9000000656-2,2021-04-02,17.0,407.6190476190481,1,good
9000000656-2,2021-04-02,18.0,368.2713347921231,1,good
9000000656-2,2021-04-03,9.0,146.2932454695221,0,bad
9000000656-2,2021-04-03,10.0,211.20507399577178,0,bad
9000000656-2,2021-04-03,11.0,291.31832797427626,0,bad
9000000656-2,2021-04-03,14.0,334.52188006482925,0,bad
9000000656-2,2021-04-03,18.0,261.5146831530139,0,bad
9000000656-2,2021-04-03,19.0,277.2151898734184,0,bad
9000000656-2,2021-04-04,8.0,55.25179856115109,0,good
9000000656-2,2021-04-04,9.0,84.31372549019608,0,good
9000000656-2,2021-04-04,10.0,220.80397845006212,0,good
9000000656-2,2021-04-04,11.0,257.02046644455015,0,good
9000000656-2,2021-04-04,12.0,313.41579448144597,0,good
9000000656-2,2021-04-04,13.0,301.2875536480679,0,good
9000000656-2,2021-04-04,14.0,339.98920669185077,0,good
9000000656-2,2021-04-04,15.0,263.5907723169508,0,good
9000000656-2,2021-04-04,18.0,305.4760730143069,0,good
9000000656-2,2021-04-04,19.0,317.47414262384336,0,good
9000000656-2,2021-04-05,9.0,49.165402124430905,1,bad
9000000656-2,2021-04-05,10.0,186.1177596936334,1,bad
9000000656-2,2021-04-05,11.0,317.088607594937,1,bad
9000000656-2,2021-04-05,12.0,365.7657657657663,1,bad
9000000656-2,2021-04-05,13.0,330.6122448979594,1,bad
9000000656-2,2021-04-05,15.0,373.029251363411,1,bad
9000000656-2,2021-04-05,18.0,266.4624808575797,1,bad
9000000656-2,2021-04-05,19.0,366.6490765171509,1,bad
9000000656-2,2021-04-06,9.0,257.3726541554962,1,bad
9000000656-2,2021-04-06,10.0,301.5980629539945,1,bad
9000000656-2,2021-04-06,11.0,283.0546769091731,1,bad
9000000656-2,2021-04-06,12.0,285.421994884911,1,bad
9000000656-2,2021-04-06,14.0,332.1164282190429,1,bad
9000000656-2,2021-04-06,16.0,409.5918367346935,1,bad
9000000656-2,2021-04-06,20.0,275.096206706982,1,bad
9000000656-2,2021-04-07,8.0,240.8782017773126,1,bad
9000000656-2,2021-04-07,11.0,373.747016706443,1,bad
9000000656-2,2021-04-07,12.0,398.137369033761,1,bad
9000000656-2,2021-04-07,13.0,361.305925030229,1,bad
9000000656-2,2021-04-07,14.0,373.4911242603551,1,bad
9000000656-2,2021-04-07,15.0,407.69567118495763,1,bad
9000000656-2,2021-04-07,16.0,454.1685046316709,1,bad
9000000656-2,2021-04-07,17.0,432.9489291598028,1,bad
9000000656-2,2021-04-07,18.0,407.7394997640383,1,bad
9000000656-2,2021-04-07,19.0,326.499763816722,1,bad
9000000656-2,2021-04-07,20.0,337.9245283018877,1,bad
9000000656-2,2021-04-08,8.0,132.11009174311909,1,bad
9000000656-2,2021-04-08,9.0,162.6002532714226,1,bad
9000000656-2,2021-04-08,10.0,322.217821782178,1,bad
9000000656-2,2021-04-08,11.0,295.427901524033,1,bad
9000000656-2,2021-04-08,12.0,371.072319201995,1,bad
9000000656-2,2021-04-08,13.0,349.1280306252654,1,bad
9000000656-2,2021-04-08,14.0,391.2727272727277,1,bad
9000000656-2,2021-04-08,15.0,389.0514393581879,1,bad
9000000656-2,2021-04-08,18.0,467.161016949153,1,bad
9000000656-2,2021-04-08,19.0,413.3971291866025,1,bad
9000000656-2,2021-04-08,20.0,319.7368421052642,1,bad
9000000656-2,2021-04-09,9.0,174.3190661478601,1,good
9000000656-2,2021-04-09,10.0,263.09904153354597,1,good
9000000656-2,2021-04-09,11.0,392.833876221499,1,good
9000000656-2,2021-04-09,12.0,369.0647482014396,1,good
9000000656-2,2021-04-09,13.0,429.582577132485,1,good
9000000656-2,2021-04-09,14.0,429.74276527331256,1,good
9000000656-2,2021-04-09,18.0,381.6513761467892,1,good
9000000656-2,2021-04-09,19.0,387.2584856396865,1,good
9000000656-2,2021-04-10,8.0,105.7157839538542,0,good
9000000656-2,2021-04-10,15.0,450.98039215686146,0,good
9000000656-2,2021-04-10,19.0,316.44058600108565,0,good
9000000656-2,2021-04-11,8.0,42.92763157894742,0,bad
9000000656-2,2021-04-11,9.0,114.0186915887851,0,bad
9000000656-2,2021-04-11,10.0,161.2608875985071,0,bad
9000000656-2,2021-04-11,11.0,206.86233980983877,0,bad
9000000656-2,2021-04-11,12.0,270.80948487326305,0,bad
9000000656-2,2021-04-11,13.0,277.7142857142861,0,bad
9000000656-2,2021-04-11,14.0,300.754906894816,0,bad
9000000656-2,2021-04-11,15.0,300.0,0,bad
9000000656-2,2021-04-11,19.0,291.995731056563,0,bad
9000000656-2,2021-04-12,9.0,405.982215036378,1,bad
9000000656-2,2021-04-12,10.0,356.796116504854,1,bad
9000000656-2,2021-04-12,11.0,454.62772521596105,1,bad
9000000656-2,2021-04-12,12.0,461.204819277109,1,bad
9000000656-2,2021-04-12,13.0,401.94884287454295,1,bad
9000000656-2,2021-04-12,14.0,372.776617954072,1,bad
9000000656-2,2021-04-12,15.0,416.982687551527,1,bad
9000000656-2,2021-04-12,16.0,608.1180811808119,1,bad
9000000656-2,2021-04-12,17.0,490.488431876606,1,bad
9000000656-2,2021-04-12,18.0,624.1650294695489,1,bad
9000000656-2,2021-04-12,19.0,547.549267306721,1,bad
9000000656-2,2021-04-13,9.0,353.319587628865,1,bad
9000000656-2,2021-04-13,10.0,398.26155669695703,1,bad
9000000656-2,2021-04-13,11.0,327.14398111723006,1,bad
9000000656-2,2021-04-13,12.0,426.16822429906404,1,bad
9000000656-2,2021-04-13,13.0,376.27118644067696,1,bad
9000000656-2,2021-04-13,14.0,446.522976819846,1,bad
9000000656-2,2021-04-13,15.0,448.8549618320619,1,bad
9000000656-2,2021-04-13,16.0,576.8282662284311,1,bad
9000000656-2,2021-04-13,17.0,597.7920883164669,1,bad
9000000656-2,2021-04-13,18.0,575.712143928035,1,bad
9000000656-2,2021-04-13,19.0,514.0157480314978,1,bad
9000000656-2,2021-04-13,20.0,388.723404255319,1,bad
9000000656-2,2021-04-14,8.0,240.3815580286173,1,good
9000000656-2,2021-04-14,9.0,355.05397448479005,1,good
9000000656-2,2021-04-14,10.0,382.147165259347,1,good
9000000656-2,2021-04-14,11.0,422.930964876867,1,good
9000000656-2,2021-04-14,12.0,416.791869200178,1,good
9000000656-2,2021-04-14,16.0,572.7626459143952,1,good
9000000656-2,2021-04-14,17.0,393.2038834951463,1,good
9000000656-2,2021-04-14,18.0,454.7770700636949,1,good
9000000656-2,2021-04-14,19.0,523.5354573484069,1,good
9000000656-2,2021-04-14,20.0,440.02062919030504,1,good
9000000656-2,2021-04-15,9.0,296.73640167364033,1,good
9000000656-2,2021-04-15,10.0,353.637484586931,1,good
9000000656-2,2021-04-15,11.0,350.66889632106995,1,good
9000000656-2,2021-04-15,12.0,462.62708418056,1,good
9000000656-2,2021-04-15,13.0,444.54799627213305,1,good
9000000656-2,2021-04-15,14.0,480.74534161490544,1,good
9000000656-2,2021-04-15,15.0,455.44354838709614,1,good
9000000656-2,2021-04-15,16.0,528.588957055214,1,good
9000000656-2,2021-04-15,18.0,469.80273141122683,1,good
9000000656-2,2021-04-15,19.0,540.0885391047732,1,good
9000000656-2,2021-04-15,20.0,467.32673267326834,1,good
9000000656-2,2021-04-16,8.0,230.1698301698299,1,good
9000000656-2,2021-04-16,9.0,279.06976744185965,1,good
9000000656-2,2021-04-16,10.0,393.615323224261,1,good
9000000656-2,2021-04-16,11.0,479.00826446280905,1,good
9000000656-2,2021-04-16,12.0,481.47822261328497,1,good
9000000656-2,2021-04-16,13.0,508.63192182410296,1,good
9000000656-2,2021-04-16,14.0,473.94957983193075,1,good
9000000656-2,2021-04-16,15.0,430.40262941659853,1,good
9000000656-2,2021-04-16,16.0,563.0676084762852,1,good
9000000656-2,2021-04-16,18.0,537.9753615425797,1,good
9000000656-2,2021-04-16,19.0,421.6844143272013,1,good
9000000656-2,2021-04-16,20.0,492.03539823008896,1,good
9000000656-2,2021-04-17,8.0,115.3277476589453,0,good
9000000656-2,2021-04-17,9.0,205.7142857142857,0,good
9000000656-2,2021-04-17,10.0,323.55555555555526,0,good
9000000656-2,2021-04-17,12.0,424.30591932949164,0,good
9000000656-2,2021-04-17,13.0,423.5294117647061,0,good
9000000656-2,2021-04-17,14.0,452.7494908350293,0,good
9000000656-2,2021-04-17,15.0,348.00655379573834,0,good
9000000656-2,2021-04-17,18.0,328.7839917906622,0,good
9000000656-2,2021-04-17,19.0,326.30541871921235,0,good
9000000656-2,2021-04-17,20.0,364.150943396227,0,good
9000000656-2,2021-04-18,8.0,63.320463320463375,0,bad
9000000656-2,2021-04-18,9.0,108.6551264980025,0,bad
9000000656-2,2021-04-18,10.0,184.41670253981923,0,bad
9000000656-2,2021-04-18,11.0,312.3287671232872,0,bad
9000000656-2,2021-04-18,13.0,333.3047578225453,0,bad
9000000656-2,2021-04-18,14.0,377.9089376053945,0,bad
9000000656-2,2021-04-18,16.0,324.2914979757082,0,bad
9000000656-2,2021-04-18,17.0,316.875,0,bad
9000000656-2,2021-04-18,18.0,363.1825273010917,0,bad
9000000656-2,2021-04-18,19.0,357.0889487870631,0,bad
9000000656-2,2021-04-18,20.0,318.5144729655918,0,bad
9000000656-2,2021-04-19,8.0,296.85649202733526,1,bad
9000000656-2,2021-04-19,9.0,351.290322580644,1,bad
9000000656-2,2021-04-19,10.0,329.016393442624,1,bad
9000000656-2,2021-04-19,12.0,424.123422159887,1,bad
9000000656-2,2021-04-19,13.0,430.0816501933832,1,bad
9000000656-2,2021-04-19,14.0,455.7544757033266,1,bad
9000000656-2,2021-04-19,15.0,497.2536348949907,1,bad
9000000656-2,2021-04-19,18.0,519.7655833777276,1,bad
9000000656-2,2021-04-19,19.0,569.708737864078,1,bad
9000000656-2,2021-04-19,20.0,447.54829123328295,1,bad
9000000656-2,2021-04-20,8.0,318.56777493606023,1,bad
9000000656-2,2021-04-20,9.0,363.82978723404176,1,bad
9000000656-2,2021-04-20,10.0,389.30921052631646,1,bad
9000000656-2,2021-04-20,11.0,332.8271549799023,1,bad
9000000656-2,2021-04-20,12.0,411.296534017973,1,bad
9000000656-2,2021-04-20,13.0,385.87268993839865,1,bad
9000000656-2,2021-04-20,15.0,409.62406015037675,1,bad
9000000656-2,2021-04-20,16.0,466.605166051659,1,bad
9000000656-2,2021-04-20,17.0,451.092763477416,1,bad
9000000656-2,2021-04-20,18.0,441.6494845360834,1,bad
9000000656-2,2021-04-20,19.0,514.2857142857148,1,bad
9000000656-2,2021-04-20,20.0,436.19344773791,1,bad
9000000656-2,2021-04-21,8.0,301.09090909090827,1,bad
9000000656-2,2021-04-21,9.0,365.065502183406,1,bad
9000000656-2,2021-04-21,10.0,413.84248210023907,1,bad
9000000656-2,2021-04-21,11.0,447.372810675563,1,bad
9000000656-2,2021-04-21,12.0,506.047256708048,1,bad
9000000656-2,2021-04-21,13.0,458.5869004641575,1,bad
9000000656-2,2021-04-21,14.0,459.0131900341984,1,bad
9000000656-2,2021-04-21,15.0,447.6306196840816,1,bad
9000000656-2,2021-04-21,16.0,428.0824923211914,1,bad
9000000656-2,2021-04-21,18.0,406.9907154560333,1,bad
9000000656-2,2021-04-21,19.0,515.5339805825262,1,bad
9000000656-2,2021-04-21,20.0,507.6205287713854,1,bad
9000000656-2,2021-04-22,9.0,350.469684030743,1,good
9000000656-2,2021-04-22,10.0,398.366680277665,1,good
9000000656-2,2021-04-22,11.0,369.995855781184,1,good
9000000656-2,2021-04-22,12.0,387.15890850722303,1,good
9000000656-2,2021-04-22,13.0,476.3210972166182,1,good
9000000656-2,2021-04-22,14.0,498.6389111289044,1,good
9000000656-2,2021-04-22,15.0,508.6798546628986,1,good
9000000656-2,2021-04-22,16.0,525.3456221198167,1,good
9000000656-2,2021-04-22,17.0,609.690091663031,1,good
9000000656-2,2021-04-22,18.0,572.849328692192,1,good
9000000656-2,2021-04-22,19.0,614.243323442135,1,good
9000000656-2,2021-04-22,20.0,501.858736059479,1,good
9000000656-2,2021-04-23,8.0,288.47795163584607,1,good
9000000656-2,2021-04-23,9.0,382.383419689119,1,good
9000000656-2,2021-04-23,11.0,486.48648648648805,1,good
9000000656-2,2021-04-23,12.0,521.570214488062,1,good
9000000656-2,2021-04-23,13.0,521.2071778140314,1,good
9000000656-2,2021-04-23,14.0,542.72076372315,1,good
9000000656-2,2021-04-23,15.0,552.0446096654271,1,good
9000000656-2,2021-04-23,18.0,334.9732620320858,1,good
9000000656-2,2021-04-23,19.0,437.914691943128,1,good
9000000656-2,2021-04-23,20.0,482.4945295404821,1,good
9000000656-2,2021-04-24,10.0,313.129102844639,0,good
9000000656-2,2021-04-24,15.0,333.0232558139538,0,good
9000000656-2,2021-04-24,17.0,254.7692307692305,0,good
9000000656-2,2021-04-24,18.0,258.6046511627913,0,good
9000000656-2,2021-04-24,19.0,358.1151832460748,0,good
9000000656-2,2021-04-24,20.0,314.3327841845137,0,good
9000000656-2,2021-04-25,8.0,72.10060549604096,0,good
9000000656-2,2021-04-25,9.0,117.3051519154557,0,good
9000000656-2,2021-04-25,10.0,205.4474708171204,0,good
9000000656-2,2021-04-25,11.0,263.6942675159234,0,good
9000000656-2,2021-04-25,14.0,319.69111969111907,0,good
9000000656-2,2021-04-25,15.0,354.03913697942767,0,good
9000000656-2,2021-04-25,18.0,254.6740778170801,0,good
9000000656-2,2021-04-25,19.0,281.52115693626195,0,good
9000000656-2,2021-04-26,8.0,243.5401831129197,1,bad
9000000656-2,2021-04-26,9.0,252.7173913043477,1,bad
9000000656-2,2021-04-26,11.0,433.3517393705123,1,bad
9000000656-2,2021-04-26,14.0,401.6906170752325,1,bad
9000000656-2,2021-04-26,15.0,483.6248012718603,1,bad
9000000656-2,2021-04-26,16.0,543.9873417721545,1,bad
9000000656-2,2021-04-26,17.0,549.3796526054571,1,bad
9000000656-2,2021-04-26,18.0,434.9475786320523,1,bad
9000000656-2,2021-04-26,19.0,470.8702449192283,1,bad
9000000656-2,2021-04-26,20.0,447.5987193169671,1,bad
9000000656-2,2021-04-27,9.0,89.7136797454931,1,bad
9000000656-2,2021-04-27,11.0,262.4591947769316,1,bad
9000000656-2,2021-04-27,12.0,333.265513733469,1,bad
9000000656-2,2021-04-27,13.0,277.355543987506,1,bad
9000000656-2,2021-04-27,14.0,323.37468982630196,1,bad
9000000656-2,2021-04-27,15.0,256.8880079286416,1,bad
9000000656-2,2021-04-27,16.0,327.10659898477104,1,bad
9000000656-2,2021-04-27,17.0,333.7027707808572,1,bad
9000000656-2,2021-04-27,18.0,309.0530697190413,1,bad
9000000656-2,2021-04-27,19.0,380.4072647220687,1,bad
9000000656-2,2021-04-28,8.0,247.0725087243124,1,good
9000000656-2,2021-04-28,9.0,336.4485981308402,1,good
9000000656-2,2021-04-28,10.0,369.9836867862978,1,good
9000000656-2,2021-04-28,11.0,403.37349397590333,1,good
9000000656-2,2021-04-28,12.0,475.443037974685,1,good
9000000656-2,2021-04-28,13.0,439.2415498763395,1,good
9000000656-2,2021-04-28,16.0,533.5504885993462,1,good
9000000656-2,2021-04-28,17.0,599.9999999999969,1,good
9000000656-2,2021-04-28,18.0,456.8034557235441,1,good
9000000656-2,2021-04-28,20.0,449.5197438633919,1,good
9000000656-2,2021-04-29,8.0,229.0026954177902,1,good
9000000656-2,2021-04-29,9.0,397.402597402598,1,good
9000000656-2,2021-04-29,10.0,265.464190981432,1,good
9000000656-2,2021-04-29,11.0,418.47431240269856,1,good
9000000656-2,2021-04-29,12.0,414.642857142857,1,good
9000000656-2,2021-04-29,13.0,411.1010009099175,1,good
9000000656-2,2021-04-29,14.0,388.1831610044311,1,good
9000000656-2,2021-04-29,15.0,403.1058438904786,1,good
9000000656-2,2021-04-29,19.0,430.30949839914507,1,good
9000000656-2,2021-04-29,20.0,427.3522975929985,1,good
9000000656-2,2021-04-30,8.0,165.9890927119484,1,bad
9000000656-2,2021-04-30,9.0,171.2829226847923,1,bad
9000000656-2,2021-04-30,10.0,307.51540041067705,1,bad
9000000656-2,2021-04-30,14.0,408.797953964194,1,bad
9000000656-2,2021-04-30,15.0,392.9712460063904,1,bad
9000000656-2,2021-04-30,18.0,448.0851063829788,1,bad
9000000656-2,2021-04-30,19.0,424.11504424778707,1,bad
9000000656-2,2021-05-01,8.0,38.372093023255786,0,good
9000000656-2,2021-05-01,13.0,305.4545454545451,0,good
9000000656-2,2021-05-01,19.0,328.8554540569593,0,good
9000000656-2,2021-05-01,20.0,326.7423014586699,0,good
9000000656-2,2021-05-02,8.0,41.4675767918088,0,bad
9000000656-2,2021-05-02,9.0,99.8239436619718,0,bad
9000000656-2,2021-05-02,10.0,135.5329949238579,0,bad
9000000656-2,2021-05-02,11.0,241.84852374839588,0,bad
9000000656-2,2021-05-02,12.0,293.7172774869108,0,bad
9000000656-2,2021-05-02,13.0,341.47909967845567,0,bad
9000000656-2,2021-05-02,19.0,350.847457627119,0,bad
9000000656-2,2021-05-02,20.0,406.01503759398497,0,bad
9000000656-2,2021-05-03,8.0,285.13119533527697,1,good
9000000656-2,2021-05-03,9.0,334.520943668753,1,good
9000000656-2,2021-05-03,12.0,365.2173913043475,1,good
9000000656-2,2021-05-03,13.0,345.89371980676304,1,good
9000000656-2,2021-05-03,15.0,407.3211314475875,1,good
9000000656-2,2021-05-03,17.0,597.138314785372,1,good
9000000656-2,2021-05-03,18.0,286.4628820960698,1,good
9000000656-2,2021-05-03,19.0,495.39575788929324,1,good
9000000656-2,2021-05-03,20.0,595.8374628344881,1,good
9000000656-2,2021-05-04,8.0,247.0428893905189,1,good
9000000656-2,2021-05-04,9.0,322.0115416323172,1,good
9000000656-2,2021-05-04,10.0,362.355309511826,1,good
9000000656-2,2021-05-04,11.0,459.70149253731404,1,good
9000000656-2,2021-05-04,12.0,442.366570128259,1,good
9000000656-2,2021-05-04,13.0,369.0617848970248,1,good
9000000656-2,2021-05-04,14.0,436.861313868611,1,good
9000000656-2,2021-05-04,15.0,443.143544506818,1,good
9000000656-2,2021-05-04,16.0,595.071868583161,1,good
9000000656-2,2021-05-04,17.0,500.483941926967,1,good
9000000656-2,2021-05-04,18.0,422.03132895401615,1,good
9000000656-2,2021-05-04,19.0,513.7420718816084,1,good
9000000656-2,2021-05-04,20.0,443.3684210526306,1,good
9000000656-2,2021-05-05,9.0,327.678940835746,1,bad
9000000656-2,2021-05-05,10.0,414.760147601475,1,bad
9000000656-2,2021-05-05,11.0,431.593794076163,1,bad
9000000656-2,2021-05-05,13.0,411.16751269035603,1,bad
9000000656-2,2021-05-05,14.0,502.9126213592221,1,bad
9000000656-2,2021-05-05,15.0,490.43478260869693,1,bad
9000000656-2,2021-05-05,16.0,533.7539432176682,1,bad
9000000656-2,2021-05-05,17.0,617.100977198694,1,bad
9000000656-2,2021-05-05,18.0,592.0604914933822,1,bad
9000000656-2,2021-05-05,19.0,527.3631840796011,1,bad
9000000656-2,2021-05-05,20.0,475.39936102236595,1,bad
9000000656-2,2021-05-06,8.0,315.34276387377497,1,bad
9000000656-2,2021-05-06,9.0,331.442663378545,1,bad
9000000656-2,2021-05-06,10.0,372.413793103449,1,bad
9000000656-2,2021-05-06,11.0,385.767480347538,1,bad
9000000656-2,2021-05-06,12.0,496.7051070840199,1,bad
9000000656-2,2021-05-06,13.0,423.795559279431,1,bad
9000000656-2,2021-05-06,14.0,427.563842723957,1,bad
9000000656-2,2021-05-06,15.0,526.996197718631,1,bad
9000000656-2,2021-05-06,16.0,510.57246003094394,1,bad
9000000656-2,2021-05-06,17.0,698.940998487142,1,bad
9000000656-2,2021-05-06,18.0,581.1242908715843,1,bad
9000000656-2,2021-05-06,20.0,512.9436325678515,1,bad
9000000656-2,2021-05-07,8.0,264.3628509719224,1,bad
9000000656-2,2021-05-07,9.0,407.491856677525,1,bad
9000000656-2,2021-05-07,10.0,380.43928719436303,1,bad
9000000656-2,2021-05-07,11.0,404.525946156848,1,bad
9000000656-2,2021-05-07,12.0,491.1032028469731,1,bad
9000000656-2,2021-05-07,13.0,440.016135538525,1,bad
9000000656-2,2021-05-07,14.0,486.60461351679396,1,bad
9000000656-2,2021-05-07,15.0,429.66751918158695,1,bad
9000000656-2,2021-05-07,17.0,600.301356102463,1,bad
9000000656-2,2021-05-07,18.0,415.5241935483871,1,bad
9000000656-2,2021-05-07,19.0,414.941302027747,1,bad
9000000656-2,2021-05-08,8.0,128.96064581231082,0,good
9000000656-2,2021-05-08,15.0,399.1709844559584,0,good
9000000656-2,2021-05-08,18.0,231.4688970203864,0,good
9000000656-2,2021-05-08,19.0,318.2527301092044,0,good
9000000656-2,2021-05-08,20.0,398.0487804878036,0,good
9000000656-2,2021-05-09,7.0,41.39571768437751,0,good
9000000656-2,2021-05-09,9.0,116.2303664921466,0,good
9000000656-2,2021-05-09,10.0,198.62068965517267,0,good
9000000656-2,2021-05-09,11.0,333.5559265442406,0,good
9000000656-2,2021-05-09,12.0,357.1248423707438,0,good
9000000656-2,2021-05-09,13.0,382.5192802056559,0,good
9000000656-2,2021-05-09,14.0,380.536912751678,0,good
9000000656-2,2021-05-09,15.0,351.3253012048183,0,good
9000000656-2,2021-05-09,16.0,309.3126385809319,0,good
9000000656-2,2021-05-09,18.0,233.5877862595426,0,good
9000000656-2,2021-05-09,19.0,372.02505219206756,0,good
9000000656-2,2021-05-09,20.0,426.31578947368376,0,good
9000000656-2,2021-05-10,8.0,202.7111574556831,1,good
9000000656-2,2021-05-10,9.0,372.189616252821,1,good
9000000656-2,2021-05-10,10.0,385.566218809981,1,good
9000000656-2,2021-05-10,11.0,392.601156069364,1,good
9000000656-2,2021-05-10,12.0,467.3879443585779,1,good
9000000656-2,2021-05-10,13.0,454.607508532422,1,good
9000000656-2,2021-05-10,14.0,414.24657534246535,1,good
9000000656-2,2021-05-10,15.0,435.4150197628459,1,good
9000000656-2,2021-05-10,18.0,512.3468426013198,1,good
9000000656-2,2021-05-10,19.0,524.8496993987951,1,good
9000000656-2,2021-05-10,20.0,413.4129536058806,1,good
9000000656-2,2021-05-10,21.0,421.8602207041525,1,good
9000000656-2,2021-05-11,8.0,105.9390048154093,1,good
9000000656-2,2021-05-11,9.0,328.973581637072,1,good
9000000656-2,2021-05-11,10.0,367.810650887575,1,good
9000000656-2,2021-05-11,11.0,318.119173084719,1,good
9000000656-2,2021-05-11,12.0,455.45087483176303,1,good
9000000656-2,2021-05-11,13.0,448.7334137515067,1,good
9000000656-2,2021-05-11,14.0,477.183833116037,1,good
9000000656-2,2021-05-11,16.0,640.9897794513182,1,good
9000000656-2,2021-05-11,18.0,528.6212045793943,1,good
9000000656-2,2021-05-11,19.0,451.4407684098175,1,good
9000000656-2,2021-05-11,20.0,439.9792853443814,1,good
9000000656-2,2021-05-12,8.0,277.3584905660373,1,good
9000000656-2,2021-05-12,9.0,329.873772791023,1,good
9000000656-2,2021-05-12,10.0,378.1718963165069,1,good
9000000656-2,2021-05-12,11.0,370.456431535269,1,good
9000000656-2,2021-05-12,12.0,372.285418821097,1,good
9000000656-2,2021-05-12,13.0,463.584905660378,1,good
9000000656-2,2021-05-12,14.0,477.216238608119,1,good
9000000656-2,2021-05-12,15.0,423.443223443222,1,good
9000000656-2,2021-05-12,16.0,637.421515278359,1,good
9000000656-2,2021-05-12,18.0,661.3360323886632,1,good
9000000656-2,2021-05-12,19.0,450.48335123523196,1,good
9000000656-2,2021-05-12,20.0,432.87369001654605,1,good
9000000656-2,2021-05-12,21.0,451.4531754574824,1,good
9000000656-2,2021-05-13,8.0,270.88738972496105,1,good
9000000656-2,2021-05-13,9.0,329.738302934179,1,good
9000000656-2,2021-05-13,11.0,417.89600967351697,1,good
9000000656-2,2021-05-13,12.0,488.323090430202,1,good
9000000656-2,2021-05-13,13.0,473.59389895138366,1,good
9000000656-2,2021-05-13,16.0,583.9061190276632,1,good
9000000656-2,2021-05-13,17.0,466.666666666665,1,good
9000000656-2,2021-05-13,18.0,485.21739130434815,1,good
9000000656-2,2021-05-13,19.0,531.1773623041923,1,good
9000000656-2,2021-05-13,20.0,455.51020408163197,1,good
9000000656-2,2021-05-14,8.0,308.9224768405655,1,bad
9000000656-2,2021-05-14,9.0,372.825186412593,1,bad
9000000656-2,2021-05-14,10.0,367.5428571428568,1,bad
9000000656-2,2021-05-14,11.0,420.048115477146,1,bad
9000000656-2,2021-05-14,12.0,408.23300970873703,1,bad
9000000656-2,2021-05-14,13.0,533.016627078386,1,bad
9000000656-2,2021-05-14,14.0,522.7032734952479,1,bad
9000000656-2,2021-05-14,17.0,592.360430950051,1,bad
9000000656-2,2021-05-14,18.0,392.9894842263392,1,bad
9000000656-2,2021-05-14,19.0,521.9730941704055,1,bad
9000000656-2,2021-05-14,20.0,430.11170471102537,1,bad
9000000656-2,2021-05-14,21.0,458.1103222282886,1,bad
9000000656-2,2021-05-15,8.0,154.6666666666663,0,good
9000000656-2,2021-05-15,9.0,170.28277634961438,0,good
9000000656-2,2021-05-15,13.0,331.77966101694904,0,good
9000000656-2,2021-05-15,19.0,327.4345032130497,0,good
9000000656-2,2021-05-15,20.0,409.05151661049536,0,good
9000000656-2,2021-05-15,21.0,373.7704918032779,0,good
9000000656-2,2021-05-16,8.0,71.00293747377259,0,good
9000000656-2,2021-05-16,9.0,122.97181895815552,0,good
9000000656-2,2021-05-16,14.0,267.6211453744492,0,good
9000000656-2,2021-05-16,17.0,334.0206185567007,0,good
9000000656-2,2021-05-16,19.0,347.433264887064,0,good
9000000656-2,2021-05-16,20.0,396.232027764006,0,good
9000000656-2,2021-05-17,8.0,246.10492845786985,1,good
9000000656-2,2021-05-17,9.0,303.173311635476,1,good
9000000656-2,2021-05-17,10.0,377.304964539008,1,good
9000000656-2,2021-05-17,11.0,400.93786635404297,1,good
9000000656-2,2021-05-17,12.0,410.00384763370505,1,good
9000000656-2,2021-05-17,13.0,361.169780666125,1,good
9000000656-2,2021-05-17,18.0,397.44918294141155,1,good
9000000656-2,2021-05-17,19.0,529.465648854963,1,good
9000000656-2,2021-05-17,20.0,508.80929332042604,1,good
9000000656-2,2021-05-17,21.0,517.844784972812,1,good
9000000656-2,2021-05-18,8.0,311.9555143651536,1,good
9000000656-2,2021-05-18,9.0,350.9922346850739,1,good
9000000656-2,2021-05-18,10.0,388.9235569422774,1,good
9000000656-2,2021-05-18,11.0,471.58081705151005,1,good
9000000656-2,2021-05-18,12.0,375.47770700637,1,good
9000000656-2,2021-05-18,13.0,402.10249671484974,1,good
9000000656-2,2021-05-18,14.0,319.15412769418487,1,good
9000000656-2,2021-05-18,15.0,432.1167883211663,1,good
9000000656-2,2021-05-18,16.0,477.7963272120188,1,good
9000000656-2,2021-05-18,17.0,623.3623453962409,1,good
9000000656-2,2021-05-18,18.0,457.6104746317517,1,good
9000000656-2,2021-05-18,19.0,572.8846153846142,1,good
9000000656-2,2021-05-18,20.0,519.533527696794,1,good
9000000656-2,2021-05-18,21.0,519.1278493557976,1,good
9000000656-2,2021-05-19,8.0,276.5192027224115,1,bad
9000000656-2,2021-05-19,9.0,330.471738206546,1,bad
9000000656-2,2021-05-19,10.0,339.03868698710403,1,bad
9000000656-2,2021-05-19,11.0,395.333869670152,1,bad
9000000656-2,2021-05-19,12.0,399.219055056618,1,bad
9000000656-2,2021-05-19,13.0,424.88038277512,1,bad
9000000656-2,2021-05-19,14.0,451.935862338677,1,bad
9000000656-2,2021-05-19,15.0,389.189189189188,1,bad
9000000656-2,2021-05-19,16.0,533.904242896071,1,bad
9000000656-2,2021-05-19,17.0,604.5256053989701,1,bad
9000000656-2,2021-05-19,19.0,495.1882845188289,1,bad
9000000656-2,2021-05-19,20.0,477.7503700049343,1,bad
9000000656-2,2021-05-19,21.0,394.2583732057409,1,bad
9000000656-2,2021-05-20,8.0,281.24999999999955,1,good
9000000656-2,2021-05-20,10.0,382.890173410405,1,good
9000000656-2,2021-05-20,11.0,406.994713298088,1,good
9000000656-2,2021-05-20,12.0,476.44882860665894,1,good
9000000656-2,2021-05-20,13.0,339.65360072926103,1,good
9000000656-2,2021-05-20,14.0,450.734893848666,1,good
9000000656-2,2021-05-20,15.0,443.9393939393922,1,good
9000000656-2,2021-05-20,16.0,555.8715969118269,1,good
9000000656-2,2021-05-20,18.0,490.25844930417503,1,good
9000000656-2,2021-05-20,19.0,481.818181818181,1,good
9000000656-2,2021-05-20,20.0,496.0334029227567,1,good
9000000656-2,2021-05-20,21.0,434.63631865413157,1,good
9000000656-2,2021-05-21,7.0,146.65942422596478,1,
9000000656-2,2021-05-21,9.0,373.517786561266,1,
9000000656-2,2021-05-21,10.0,321.826625386997,1,
9000000656-2,2021-05-21,11.0,418.188765762324,1,
9000000656-2,2021-05-21,12.0,426.730310262529,1,
9000000656-2,2021-05-21,13.0,455.6782334384866,1,
9000000656-2,2021-05-21,14.0,559.6363636363618,1,
9000000656-2,2021-05-21,18.0,363.924677898909,1,
9000000656-2,2021-05-21,19.0,460.1912430800207,1,
9000000656-2,2021-05-21,20.0,530.625,1,
9000000656-2,2021-05-21,21.0,451.1848341232221,1,
9000000656-2,2021-05-22,9.0,213.12,0,
9000000656-2,2021-05-22,10.0,295.9669079627719,0,
9000000656-2,2021-05-22,11.0,476.47058823529534,0,
9000000656-2,2021-05-22,15.0,368.2913765399032,0,
9000000656-2,2021-05-22,17.0,374.91821155943353,0,
9000000656-2,2021-05-22,19.0,380.0643086816715,0,
9000000656-2,2021-05-23,8.0,45.0388265746333,0,
9000000656-2,2021-05-23,9.0,103.5294117647058,0,
9000000656-2,2021-05-23,10.0,125.8523953388001,0,
9000000656-2,2021-05-23,13.0,319.1290824261282,0,
9000000656-2,2021-05-23,15.0,317.002341920374,0,
9000000656-2,2021-05-23,16.0,376.53958944281425,0,
9000000656-2,2021-05-23,17.0,336.59322944653474,0,
9000000656-2,2021-05-23,18.0,372.285418821097,0,
9000000656-2,2021-05-23,19.0,336.026200873362,0,
9000000656-2,2021-05-23,20.0,421.03004291845593,0,
9000000656-2,2021-05-23,21.0,293.375394321767,0,
9000000656-2,2021-05-24,8.0,306.73469387755125,1,
9000000656-2,2021-05-24,9.0,349.528301886792,1,
9000000655-1,2020-09-03,11.0,703.549571603434,1,good
9000000655-1,2020-09-03,12.0,652.4365686669349,1,good
9000000655-1,2020-09-03,15.0,416.041397153947,1,good
9000000655-1,2020-09-03,16.0,326.606997558992,1,good
9000000655-1,2020-09-03,17.0,289.920948616601,1,good
9000000655-1,2020-09-03,18.0,365.834428383706,1,good
9000000655-1,2020-09-04,8.0,1098.80597014923,1,good
9000000655-1,2020-09-04,9.0,447.54481683554,1,good
9000000655-1,2020-09-04,10.0,468.20809248555,1,good
9000000655-1,2020-09-04,11.0,620.059246720273,1,good
9000000655-1,2020-09-04,12.0,623.3962264150911,1,good
9000000655-1,2020-09-04,13.0,536.139793486897,1,good
9000000655-1,2020-09-04,14.0,555.147372917558,1,good
9000000655-1,2020-09-04,15.0,518.016928657797,1,good
9000000655-1,2020-09-04,16.0,483.754512635382,1,good
9000000655-1,2020-09-04,17.0,311.931818181819,1,good
9000000655-1,2020-09-04,18.0,312.20384443451,1,good
9000000655-1,2020-09-05,7.0,328.06956521738897,0,good
9000000655-1,2020-09-05,8.0,396.739900779587,0,good
9000000655-1,2020-09-05,9.0,197.223264540338,0,good
9000000655-1,2020-09-05,10.0,377.642770352368,0,good
9000000655-1,2020-09-05,11.0,429.570108477302,0,good
9000000655-1,2020-09-05,12.0,398.01753717118,0,good
9000000655-1,2020-09-05,13.0,465.2267818574511,0,good
9000000655-1,2020-09-05,14.0,404.5960502693029,0,good
9000000655-1,2020-09-05,15.0,171.489971346705,0,good
9000000655-1,2020-09-05,16.0,172.45508982036,0,good
9000000655-1,2020-09-05,17.0,218.229393807239,0,good
9000000655-1,2020-09-05,18.0,227.84810126582298,0,good
9000000655-1,2020-09-06,7.0,125.874125874126,0,good
9000000655-1,2020-09-06,8.0,223.72881355932304,0,good
9000000655-1,2020-09-06,9.0,82.32558139534879,0,good
9000000655-1,2020-09-06,10.0,239.717978848413,0,good
9000000655-1,2020-09-06,11.0,317.944600562022,0,good
9000000655-1,2020-09-06,12.0,139.13751017087,0,good
9000000655-1,2020-09-06,14.0,24.601366742596802,0,good
9000000655-1,2020-09-06,15.0,4.0739343643908,0,good
9000000655-1,2020-09-06,16.0,130.962004850445,0,good
9000000655-1,2020-09-06,17.0,584.671532846717,0,good
9000000655-1,2020-09-06,18.0,558.529411764705,0,good
9000000655-1,2020-09-07,7.0,1102.165605095535,1,good
9000000655-1,2020-09-07,8.0,1003.4795763993991,1,good
9000000655-1,2020-09-07,9.0,709.9337748344391,1,good
9000000655-1,2020-09-07,10.0,652.754469171831,1,good
9000000655-1,2020-09-07,11.0,580.60098896919,1,good
9000000655-1,2020-09-07,12.0,708.4606783451411,1,good
9000000655-1,2020-09-07,13.0,745.057386153276,1,good
9000000655-1,2020-09-07,14.0,703.27664869349,1,good
9000000655-1,2020-09-07,15.0,687.514585764292,1,good
9000000655-1,2020-09-07,16.0,657.0765661252931,1,good
9000000655-1,2020-09-07,17.0,611.1659703759999,1,good
9000000655-1,2020-09-07,18.0,598.6577181208037,1,good
9000000655-1,2020-09-08,8.0,870.03367003367,1,good
9000000655-1,2020-09-08,9.0,777.1043771043769,1,good
9000000655-1,2020-09-08,10.0,751.7527327553671,1,good
9000000655-1,2020-09-08,11.0,630.9906858594451,1,good
9000000655-1,2020-09-08,12.0,605.454545454543,1,good
9000000655-1,2020-09-08,13.0,733.8461538461468,1,good
9000000655-1,2020-09-08,14.0,596.25,1,good
9000000655-1,2020-09-08,15.0,432.8834355828219,1,good
9000000655-1,2020-09-08,16.0,411.17132138391133,1,good
9000000655-1,2020-09-08,17.0,330.900692840647,1,good
9000000655-1,2020-09-08,18.0,254.09907935116217,1,good
9000000655-1,2020-09-09,8.0,1010.101010101013,1,good
9000000655-1,2020-09-09,9.0,176.6320166320169,1,good
9000000655-1,2020-09-09,10.0,680.9210526315779,1,good
9000000655-1,2020-09-09,11.0,620.275344180222,1,good
9000000655-1,2020-09-09,12.0,698.7714987715,1,good
9000000655-1,2020-09-09,13.0,643.8006952491278,1,good
9000000655-1,2020-09-09,14.0,690.8502024291499,1,good
9000000655-1,2020-09-09,15.0,490.58116232464994,1,good
9000000655-1,2020-09-09,16.0,313.8231631382313,1,good
9000000655-1,2020-09-09,17.0,358.67158671586594,1,good
9000000655-1,2020-09-09,18.0,304.0700218818381,1,good
9000000655-1,2020-09-10,8.0,1105.427509293671,1,good
9000000655-1,2020-09-10,9.0,783.514099783079,1,good
9000000655-1,2020-09-10,10.0,651.014242555025,1,good
9000000655-1,2020-09-10,11.0,642.317956538318,1,good
9000000655-1,2020-09-10,12.0,708.525896414342,1,good
9000000655-1,2020-09-10,13.0,669.0992018244026,1,good
9000000655-1,2020-09-10,14.0,636.525785188054,1,good
9000000655-1,2020-09-10,15.0,475.84579071597307,1,good
9000000655-1,2020-09-10,16.0,277.0346494762287,1,good
9000000655-1,2020-09-10,17.0,465.14333194848507,1,good
9000000655-1,2020-09-10,18.0,457.94542536115694,1,good
9000000655-1,2020-09-11,8.0,1008.3301490255952,1,good
9000000655-1,2020-09-11,9.0,147.92452830188648,1,good
9000000655-1,2020-09-11,10.0,700.624024960997,1,good
9000000655-1,2020-09-11,11.0,703.114186851209,1,good
9000000655-1,2020-09-11,12.0,572.857142857144,1,good
9000000655-1,2020-09-11,13.0,675.437913585052,1,good
9000000655-1,2020-09-11,14.0,650.85536547434,1,good
9000000655-1,2020-09-11,15.0,453.843025620169,1,good
9000000655-1,2020-09-11,16.0,309.8954143201921,1,good
9000000655-1,2020-09-11,17.0,395.7498978340833,1,good
9000000655-1,2020-09-11,18.0,490.18181818181716,1,good
9000000655-1,2020-09-12,7.0,325.8947368421055,0,good
9000000655-1,2020-09-12,8.0,375.5627009646297,0,good
9000000655-1,2020-09-12,9.0,148.33597464342338,0,good
9000000655-1,2020-09-12,10.0,407.25266062278337,0,good
9000000655-1,2020-09-12,11.0,514.8804934464159,0,good
9000000655-1,2020-09-12,12.0,416.2002945508092,0,good
9000000655-1,2020-09-12,13.0,378.1294964028766,0,good
9000000655-1,2020-09-12,14.0,313.2743362831857,0,good
9000000655-1,2020-09-12,15.0,317.2516803584766,0,good
9000000655-1,2020-09-12,16.0,210.9483423284511,0,good
9000000655-1,2020-09-12,17.0,256.8283734203016,0,good
9000000655-1,2020-09-12,18.0,307.8066914498134,0,good
9000000655-1,2020-09-13,7.0,117.48540020611429,0,good
9000000655-1,2020-09-13,8.0,201.72413793103442,0,good
9000000655-1,2020-09-13,9.0,75.64202334630356,0,good
9000000655-1,2020-09-13,10.0,287.3949579831941,0,good
9000000655-1,2020-09-13,11.0,329.50075642965123,0,good
9000000655-1,2020-09-13,12.0,380.8069792802629,0,good
9000000655-1,2020-09-13,13.0,335.14644351464324,0,good
9000000655-1,2020-09-13,14.0,324.7159090909084,0,good
9000000655-1,2020-09-13,15.0,223.31550802139014,0,good
9000000655-1,2020-09-13,16.0,184.9590469099033,0,good
9000000655-1,2020-09-13,17.0,336.8754956383822,0,good
9000000655-1,2020-09-13,18.0,488.111888111886,0,good
9000000655-1,2020-09-14,8.0,1123.63636363637,1,good
9000000655-1,2020-09-14,9.0,251.1961722488046,1,good
9000000655-1,2020-09-14,10.0,727.0175438596481,1,good
9000000655-1,2020-09-14,11.0,641.9143187958281,1,good
9000000655-1,2020-09-14,12.0,606.820854566834,1,good
9000000655-1,2020-09-14,13.0,718.920944173851,1,good
9000000655-1,2020-09-14,14.0,557.410296411857,1,good
9000000655-1,2020-09-14,15.0,462.111801242237,1,good
9000000655-1,2020-09-14,16.0,242.0413122721747,1,good
9000000655-1,2020-09-14,17.0,333.30184222957,1,good
9000000655-1,2020-09-14,18.0,336.1545538178468,1,good
9000000655-1,2020-09-15,8.0,974.562427071181,1,good
9000000655-1,2020-09-15,9.0,123.19391634980956,1,good
9000000655-1,2020-09-15,10.0,514.2857142857158,1,good
9000000655-1,2020-09-15,11.0,691.390728476819,1,good
9000000655-1,2020-09-15,12.0,640.130505709627,1,good
9000000655-1,2020-09-15,13.0,635.0515463917519,1,good
9000000655-1,2020-09-15,14.0,580.7383627608378,1,good
9000000655-1,2020-09-15,15.0,479.2254941508662,1,good
9000000655-1,2020-09-15,16.0,395.4168312919783,1,good
9000000655-1,2020-09-15,17.0,518.244803695149,1,good
9000000655-1,2020-09-15,18.0,443.7956204379545,1,good
9000000655-1,2020-09-16,8.0,1136.6180528182967,1,good
9000000655-1,2020-09-16,9.0,296.6074313408735,1,good
9000000655-1,2020-09-16,10.0,914.1955835962119,1,good
9000000655-1,2020-09-16,11.0,799.850131135261,1,good
9000000655-1,2020-09-16,12.0,821.969399764614,1,good
9000000655-1,2020-09-16,13.0,907.8024877497088,1,good
9000000655-1,2020-09-16,14.0,892.307692307694,1,good
9000000655-1,2020-09-16,15.0,948.6296006264608,1,good
9000000655-1,2020-09-16,16.0,835.3516359533721,1,good
9000000655-1,2020-09-16,17.0,689.36170212766,1,good
9000000655-1,2020-09-16,18.0,783.946488294316,1,good
9000000655-1,2020-09-17,9.0,858.855167114867,1,good
9000000655-1,2020-09-17,10.0,838.087835211812,1,good
9000000655-1,2020-09-17,11.0,913.782542113327,1,good
9000000655-1,2020-09-17,12.0,841.968714231212,1,good
9000000655-1,2020-09-17,13.0,913.867488443753,1,good
9000000655-1,2020-09-17,14.0,877.57009345795,1,good
9000000655-1,2020-09-17,15.0,783.5463258785906,1,good
9000000655-1,2020-09-17,16.0,838.131409039117,1,good
9000000655-1,2020-09-17,17.0,822.314361100634,1,good
9000000655-1,2020-09-17,18.0,692.143703118835,1,good
9000000655-1,2020-09-18,8.0,1141.9572553430871,1,good
9000000655-1,2020-09-18,9.0,985.0162866449441,1,good
9000000655-1,2020-09-18,10.0,910.299003322262,1,good
9000000655-1,2020-09-18,11.0,908.546384222057,1,good
9000000655-1,2020-09-18,12.0,853.413353338334,1,good
9000000655-1,2020-09-18,13.0,862.70523846755,1,good
9000000655-1,2020-09-18,14.0,770.416994492525,1,good
9000000655-1,2020-09-18,15.0,665.331664580723,1,good
9000000655-1,2020-09-18,16.0,650.8320726172492,1,good
9000000655-1,2020-09-18,17.0,682.68714011516,1,good
9000000655-1,2020-09-18,18.0,593.8706015891026,1,good
9000000655-1,2020-09-19,7.0,317.5723359209594,0,good
9000000655-1,2020-09-19,8.0,387.3335732277805,0,good
9000000655-1,2020-09-19,9.0,182.69896193771686,0,good
9000000655-1,2020-09-19,10.0,544.6082234290102,0,good
9000000655-1,2020-09-19,11.0,562.740899357599,0,good
9000000655-1,2020-09-19,12.0,510.9341057204964,0,good
9000000655-1,2020-09-19,13.0,470.7492795389078,0,good
9000000655-1,2020-09-19,14.0,485.75518969219473,0,good
9000000655-1,2020-09-19,15.0,410.83423618634697,0,good
9000000655-1,2020-09-19,16.0,196.9811320754717,0,good
9000000655-1,2020-09-19,17.0,219.9747155499364,0,good
9000000655-1,2020-09-19,18.0,393.65351629502584,0,good
9000000655-1,2020-09-20,7.0,159.7227036395148,0,good
9000000655-1,2020-09-20,8.0,197.18726868985902,0,good
9000000655-1,2020-09-20,9.0,84.7058823529411,0,good
9000000655-1,2020-09-20,10.0,318.0212014134281,0,good
9000000655-1,2020-09-20,11.0,357.7197149643716,0,good
9000000655-1,2020-09-20,12.0,437.9104477611948,0,good
9000000655-1,2020-09-20,13.0,424.7191011235984,0,good
9000000655-1,2020-09-20,14.0,426.9886363636341,0,good
9000000655-1,2020-09-20,15.0,280.7762724276831,0,good
9000000655-1,2020-09-20,16.0,187.2437357630975,0,good
9000000655-1,2020-09-20,17.0,300.60802594244024,0,good
9000000655-1,2020-09-20,18.0,559.2094861660053,0,good
9000000655-1,2020-09-21,9.0,764.505119453928,1,good
9000000655-1,2020-09-21,10.0,852.7405136067422,1,good
9000000655-1,2020-09-21,11.0,803.402187120293,1,good
9000000655-1,2020-09-21,12.0,813.084112149537,1,good
9000000655-1,2020-09-21,13.0,794.8905109489069,1,good
9000000655-1,2020-09-21,14.0,850.638617580771,1,good
9000000655-1,2020-09-21,15.0,629.331247555726,1,good
9000000655-1,2020-09-21,16.0,492.50814332247404,1,good
9000000655-1,2020-09-21,17.0,468.482490272373,1,good
9000000655-1,2020-09-21,18.0,619.6847038772895,1,good
9000000655-1,2020-09-22,9.0,970.277078085645,1,good
9000000655-1,2020-09-22,10.0,885.157421289357,1,good
9000000655-1,2020-09-22,11.0,901.013133208261,1,good
9000000655-1,2020-09-22,12.0,889.2651019622989,1,good
9000000655-1,2020-09-22,13.0,825.226586102715,1,good
9000000655-1,2020-09-22,14.0,767.727272727276,1,good
9000000655-1,2020-09-22,15.0,832.794457274829,1,good
9000000655-1,2020-09-22,16.0,837.1775417298938,1,good
9000000655-1,2020-09-22,17.0,739.9317406143371,1,good
9000000655-1,2020-09-23,9.0,954.474563683633,1,good
9000000655-1,2020-09-23,10.0,891.129643669452,1,good
9000000655-1,2020-09-23,11.0,862.763466042161,1,good
9000000655-1,2020-09-23,12.0,972.51848968471,1,good
9000000655-1,2020-09-23,13.0,863.0786601430259,1,good
9000000655-1,2020-09-23,14.0,847.7149496514351,1,good
9000000655-1,2020-09-23,15.0,772.716763005781,1,good
9000000655-1,2020-09-23,16.0,754.749034749038,1,good
9000000655-1,2020-09-23,17.0,794.5227547321781,1,good
9000000655-1,2020-09-23,18.0,544.554455445546,1,good
9000000655-1,2020-09-24,9.0,344.1822620016272,1,good
9000000655-1,2020-09-24,10.0,805.378973105132,1,good
9000000655-1,2020-09-24,11.0,898.936589208352,1,good
9000000655-1,2020-09-24,12.0,798.4597612629952,1,good
9000000655-1,2020-09-24,13.0,753.5512965050759,1,good
9000000655-1,2020-09-24,14.0,938.4732824427422,1,good
9000000655-1,2020-09-24,15.0,601.3434841021019,1,good
9000000655-1,2020-09-24,16.0,460.253164556963,1,good
9000000655-1,2020-09-24,17.0,377.4069319640568,1,good
9000000655-1,2020-09-24,18.0,669.6929238985318,1,good
9000000655-1,2020-09-25,9.0,838.888888888896,1,good
9000000655-1,2020-09-25,10.0,871.36363636364,1,good
9000000655-1,2020-09-25,11.0,882.652274479571,1,good
9000000655-1,2020-09-25,12.0,900.341555977233,1,good
9000000655-1,2020-09-25,13.0,896.248579007196,1,good
9000000655-1,2020-09-25,14.0,818.766756032174,1,good
9000000655-1,2020-09-25,15.0,838.217583299883,1,good
9000000655-1,2020-09-25,16.0,757.446808510634,1,good
9000000655-1,2020-09-25,17.0,834.048852701708,1,good
9000000655-1,2020-09-26,8.0,549.088359046282,0,bad
9000000655-1,2020-09-26,9.0,604.6676096181061,0,bad
9000000655-1,2020-09-26,10.0,575.488454706926,0,bad
9000000655-1,2020-09-26,11.0,707.79220779221,0,bad
9000000655-1,2020-09-26,12.0,595.8439664600827,0,bad
9000000655-1,2020-09-26,13.0,539.3357933579365,0,bad
9000000655-1,2020-09-26,14.0,501.0845986984829,0,bad
9000000655-1,2020-09-26,15.0,452.9801324503325,0,bad
9000000655-1,2020-09-26,16.0,367.763904653802,0,bad
9000000655-1,2020-09-26,17.0,383.6177474402738,0,bad
9000000655-1,2020-09-27,7.0,137.9362670713199,0,bad
9000000655-1,2020-09-27,8.0,269.8727015558703,0,bad
9000000655-1,2020-09-27,9.0,366.5271966527184,0,bad
9000000655-1,2020-09-27,10.0,403.1084422465538,0,bad
9000000655-1,2020-09-27,11.0,419.1210485736327,0,bad
9000000655-1,2020-09-27,12.0,433.23782234956866,0,bad
9000000655-1,2020-09-27,13.0,410.53771201732,0,bad
9000000655-1,2020-09-27,14.0,479.48442534908867,0,bad
9000000655-1,2020-09-27,15.0,452.94545454545585,0,bad
9000000655-1,2020-09-27,16.0,487.08971553610564,0,bad
9000000655-1,2020-09-27,17.0,632.7510917030544,0,bad
9000000655-1,2020-09-28,9.0,910.5882352941201,1,good
9000000655-1,2020-09-28,10.0,783.0132939438661,1,good
9000000655-1,2020-09-28,11.0,718.138160325086,1,good
9000000655-1,2020-09-28,12.0,743.0508474576291,1,good
9000000655-1,2020-09-28,13.0,879.4612794612821,1,good
9000000655-1,2020-09-28,14.0,798.800599700151,1,good
9000000655-1,2020-09-28,15.0,813.2192846034189,1,good
9000000655-1,2020-09-28,16.0,796.423017107306,1,good
9000000655-1,2020-09-28,17.0,824.324324324326,1,good
9000000655-1,2020-09-29,9.0,746.005107624949,1,good
9000000655-1,2020-09-29,10.0,51.054545454545455,1,good
9000000655-1,2020-09-30,9.0,882.673447148562,1,good
9000000655-1,2020-09-30,10.0,748.0166225916159,1,good
9000000655-1,2020-09-30,11.0,733.726736268724,1,good
9000000655-1,2020-09-30,12.0,809.401330376946,1,good
9000000655-1,2020-09-30,13.0,830.2100161550836,1,good
9000000655-1,2020-09-30,14.0,874.959083469727,1,good
9000000655-1,2020-09-30,15.0,530.8967275818081,1,good
9000000655-1,2020-09-30,16.0,293.0973451327431,1,good
9000000655-1,2020-09-30,17.0,198.4790874524722,1,good
9000000655-1,2020-10-01,9.0,857.647058823533,1,good
9000000655-1,2020-10-01,10.0,816.072782410923,1,good
9000000655-1,2020-10-01,11.0,693.9759036144621,1,good
9000000655-1,2020-10-01,12.0,698.5962014863751,1,good
9000000655-1,2020-10-01,13.0,718.3262301433592,1,good
9000000655-1,2020-10-01,14.0,736.145952109467,1,good
9000000655-1,2020-10-01,15.0,849.1114701130799,1,good
9000000655-1,2020-10-01,16.0,584.5018450184531,1,good
9000000655-1,2020-10-01,17.0,606.129955046997,1,good
9000000655-1,2020-10-02,9.0,900.333951762516,1,good
9000000655-1,2020-10-02,10.0,788.608981380069,1,good
9000000655-1,2020-10-02,11.0,772.584269662922,1,good
9000000655-1,2020-10-02,12.0,784.8082035700711,1,good
9000000655-1,2020-10-02,13.0,871.6673144189637,1,good
9000000655-1,2020-10-02,14.0,726.978998384487,1,good
9000000655-1,2020-10-02,15.0,826.624655376134,1,good
9000000655-1,2020-10-02,16.0,782.429335370509,1,good
9000000655-1,2020-10-02,17.0,593.0260521042106,1,good
9000000655-1,2020-10-03,7.0,329.2092522861757,0,good
9000000655-1,2020-10-03,8.0,405.42920029347016,0,good
9000000655-1,2020-10-03,9.0,512.6213592233003,0,good
9000000655-1,2020-10-03,10.0,538.3177570093483,0,good
9000000655-1,2020-10-03,11.0,633.407572383073,0,good
9000000655-1,2020-10-03,12.0,515.0495049504972,0,good
9000000655-1,2020-10-03,13.0,496.1454545454556,0,good
9000000655-1,2020-10-03,14.0,475.0272628135237,0,good
9000000655-1,2020-10-03,15.0,465.80152671755815,0,good
9000000655-1,2020-10-04,7.0,124.13793103448272,0,good
9000000655-1,2020-10-04,8.0,145.8483754512634,0,good
9000000655-1,2020-10-04,9.0,311.5511551155113,0,good
9000000655-1,2020-10-04,10.0,363.9852398523993,0,good
9000000655-1,2020-10-04,11.0,391.8002236302658,0,good
9000000655-1,2020-10-04,12.0,323.6616264814059,0,good
9000000655-1,2020-10-04,13.0,380.8963997060979,0,good
9000000655-1,2020-10-04,14.0,464.6420824295021,0,good
9000000655-1,2020-10-04,15.0,507.04225352112456,0,good
9000000655-1,2020-10-04,16.0,393.2885906040267,0,good
9000000655-1,2020-10-04,17.0,596.523754345304,0,good
9000000655-1,2020-10-05,8.0,1136.760925449865,1,good
9000000655-1,2020-10-05,9.0,864.1083521444759,1,good
9000000655-1,2020-10-05,10.0,817.687074829932,1,good
9000000655-1,2020-10-05,11.0,796.0722702278151,1,good
9000000655-1,2020-10-05,12.0,692.8571428571449,1,good
9000000655-1,2020-10-05,13.0,818.5748598879162,1,good
9000000655-1,2020-10-05,14.0,807.760438633489,1,good
9000000655-1,2020-10-05,15.0,625.4301300881243,1,good
9000000655-1,2020-10-05,16.0,363.6672325976245,1,good
9000000655-1,2020-10-05,17.0,656.737588652478,1,good
9000000655-1,2020-10-06,9.0,824.049257515399,1,good
9000000655-1,2020-10-06,10.0,735.3025936599449,1,good
9000000655-1,2020-10-06,11.0,775.966386554622,1,good
9000000655-1,2020-10-06,12.0,677.4193548387123,1,good
9000000655-1,2020-10-06,13.0,786.238886741403,1,good
9000000655-1,2020-10-06,14.0,767.094703049759,1,good
9000000655-1,2020-10-06,15.0,695.7854406130307,1,good
9000000655-1,2020-10-06,16.0,707.667210440459,1,good
9000000655-1,2020-10-06,17.0,693.802479008391,1,good
9000000655-1,2020-10-07,8.0,1067.5078864353409,1,bad
9000000655-1,2020-10-07,9.0,879.900744416878,1,bad
9000000655-1,2020-10-07,10.0,820.185528756951,1,bad
9000000655-1,2020-10-07,11.0,791.566265060241,1,bad
9000000655-1,2020-10-07,12.0,784.5132743362831,1,bad
9000000655-1,2020-10-07,13.0,780.1775147929051,1,bad
9000000655-1,2020-10-07,14.0,752.138034508623,1,bad
9000000655-1,2020-10-07,15.0,960.9125475285261,1,bad
9000000655-1,2020-10-07,16.0,467.11749788672853,1,bad
9000000655-1,2020-10-07,17.0,307.47330960854094,1,bad
9000000655-1,2020-10-08,9.0,843.1613136051881,1,bad
9000000655-1,2020-10-08,10.0,771.4285714285741,1,bad
9000000655-1,2020-10-08,11.0,789.497041420124,1,bad
9000000655-1,2020-10-08,12.0,811.7216117216151,1,bad
9000000655-1,2020-10-08,13.0,932.733959950963,1,bad
9000000655-1,2020-10-08,14.0,785.510996119019,1,bad
9000000655-1,2020-10-08,15.0,575.689655172416,1,bad
9000000655-1,2020-10-08,16.0,262.6813186813184,1,bad
9000000655-1,2020-10-08,17.0,429.11737943585007,1,bad
9000000655-1,2020-10-09,8.0,1101.145179165123,1,good
9000000655-1,2020-10-09,9.0,924.270410048022,1,good
9000000655-1,2020-10-09,10.0,788.157894736841,1,good
9000000655-1,2020-10-09,11.0,790.38696537678,1,good
9000000655-1,2020-10-09,12.0,815.961691939345,1,good
9000000655-1,2020-10-09,13.0,1015.566969577253,1,good
9000000655-1,2020-10-09,14.0,840.2505219206679,1,good
9000000655-1,2020-10-09,15.0,691.324921135649,1,good
9000000655-1,2020-10-09,16.0,786.650774731829,1,good
9000000655-1,2020-10-09,17.0,849.8036135113989,1,good
9000000655-1,2020-10-10,8.0,459.4383220760734,0,good
9000000655-1,2020-10-10,9.0,441.772151898737,0,good
9000000655-1,2020-10-10,10.0,556.7411679884606,0,good
9000000655-1,2020-10-10,11.0,503.613595706617,0,good
9000000655-1,2020-10-10,12.0,542.7609427609405,0,good
9000000655-1,2020-10-10,13.0,543.6513899323804,0,good
9000000655-1,2020-10-10,14.0,486.19119878603726,0,good
9000000655-1,2020-10-10,15.0,414.4560357675127,0,good
9000000655-1,2020-10-10,16.0,230.5844675740583,0,good
9000000655-1,2020-10-10,17.0,441.2993039443175,0,good
9000000655-1,2020-10-11,9.0,341.9999999999992,0,bad
9000000655-1,2020-10-11,10.0,349.62646744930544,0,bad
9000000655-1,2020-10-11,11.0,373.04347826086985,0,bad
9000000655-1,2020-10-11,12.0,417.6426982950344,0,bad
9000000655-1,2020-10-11,13.0,432.6797385620934,0,bad
9000000655-1,2020-10-11,14.0,469.1629955947134,0,bad
9000000655-1,2020-10-11,15.0,411.8032786885263,0,bad
9000000655-1,2020-10-12,8.0,1141.850220264317,1,good
9000000655-1,2020-10-12,9.0,848.6090775988309,1,good
9000000655-1,2020-10-12,10.0,674.082313681874,1,good
9000000655-1,2020-10-12,11.0,725.9370314842604,1,good
9000000655-1,2020-10-12,12.0,722.4397590361489,1,good
9000000655-1,2020-10-12,13.0,695.8659217877057,1,good
9000000655-1,2020-10-12,14.0,566.8545659526515,1,good
9000000655-1,2020-10-12,15.0,501.6506717850264,1,good
9000000655-1,2020-10-12,16.0,661.7751479289907,1,good
9000000655-1,2020-10-12,17.0,618.7963726298444,1,good
9000000655-1,2020-10-13,8.0,571.9626168224314,1,bad
9000000655-1,2020-10-13,9.0,766.0694698354589,1,bad
9000000655-1,2020-10-13,10.0,684.5070422535251,1,bad
9000000655-1,2020-10-13,11.0,689.3900184842848,1,bad
9000000655-1,2020-10-13,12.0,465.24300441826057,1,bad
9000000655-1,2020-10-13,13.0,629.1793313069965,1,bad
9000000655-1,2020-10-13,14.0,695.7397366382678,1,bad
9000000655-1,2020-10-13,16.0,597.1084337349349,1,bad
9000000655-1,2020-10-13,17.0,558.4541062801956,1,bad
9000000655-1,2020-10-14,8.0,245.7337883959042,1,good
9000000655-1,2020-10-14,9.0,671.1864406779658,1,good
9000000655-1,2020-10-14,10.0,587.7244258872627,1,good
9000000655-1,2020-10-14,11.0,581.2310797174564,1,good
9000000655-1,2020-10-14,12.0,556.5297646515937,1,good
9000000655-1,2020-10-14,13.0,614.8314606741609,1,good
9000000655-1,2020-10-14,14.0,623.4725274725288,1,good
9000000655-1,2020-10-14,15.0,587.1244635193141,1,good
9000000655-1,2020-10-14,16.0,435.348837209304,1,good
9000000655-1,2020-10-14,17.0,585.8795372955759,1,good
9000000655-1,2020-10-15,8.0,727.4336283185803,1,bad
9000000655-1,2020-10-15,9.0,760.8084358523755,1,bad
9000000655-1,2020-10-15,10.0,610.3061986557108,1,bad
9000000655-1,2020-10-15,11.0,716.0147601476003,1,bad
9000000655-1,2020-10-15,12.0,640.0590188122492,1,bad
9000000655-1,2020-10-15,13.0,698.2469227900116,1,bad
9000000655-1,2020-10-15,14.0,650.073855243718,1,bad
9000000655-1,2020-10-15,15.0,628.4839203675369,1,bad
9000000655-1,2020-10-15,16.0,715.8139534883786,1,bad
9000000655-1,2020-10-15,17.0,747.7685950413287,1,bad
9000000655-1,2020-10-16,8.0,873.3260153677263,1,bad
9000000655-1,2020-10-16,9.0,637.2143634385196,1,bad
9000000655-1,2020-10-16,10.0,695.8092485549107,1,bad
9000000655-1,2020-10-16,11.0,694.5975744211657,1,bad
9000000655-1,2020-10-16,12.0,644.9554896142431,1,bad
9000000655-1,2020-10-16,13.0,720.8098987626554,1,bad
9000000655-1,2020-10-16,14.0,708.242612752717,1,bad
9000000655-1,2020-10-16,15.0,643.3187076186713,1,bad
9000000655-1,2020-10-16,16.0,534.9753694581289,1,bad
9000000655-1,2020-10-16,17.0,411.7820324005884,1,bad
9000000655-1,2020-10-17,8.0,303.1982942430703,0,bad
9000000655-1,2020-10-17,9.0,373.0305180979392,0,bad
9000000655-1,2020-10-17,10.0,410.57204923968345,0,bad
9000000655-1,2020-10-17,11.0,475.6511891279744,0,bad
9000000655-1,2020-10-17,12.0,446.965489884969,0,bad
9000000655-1,2020-10-17,13.0,377.83375314861615,0,bad
9000000655-1,2020-10-17,14.0,356.9086651053858,0,bad
9000000655-1,2020-10-17,15.0,323.3281493001557,0,bad
9000000655-1,2020-10-17,16.0,376.1398176291808,0,bad
9000000655-1,2020-10-17,17.0,410.1265822784828,0,bad
9000000655-1,2020-10-18,8.0,139.21113689095105,0,good
9000000655-1,2020-10-18,9.0,112.45765901392494,0,good
9000000655-1,2020-10-18,10.0,173.44461305007619,0,good
9000000655-1,2020-10-18,11.0,223.49705304518702,0,good
9000000655-1,2020-10-18,12.0,214.68624833110817,0,good
9000000655-1,2020-10-18,13.0,284.1698841698842,0,good
9000000655-1,2020-10-18,14.0,370.5039787798406,0,good
9000000655-1,2020-10-18,15.0,412.21374045801673,0,good
9000000655-1,2020-10-18,16.0,354.8884381338741,0,good
9000000655-1,2020-10-18,17.0,525.4130605822214,0,good
9000000655-1,2020-10-19,8.0,887.4908558888095,1,good
9000000655-1,2020-10-19,9.0,704.940497655975,1,good
9000000655-1,2020-10-19,10.0,639.2273402674621,1,good
9000000655-1,2020-10-19,11.0,744.7657028913279,1,good
9000000655-1,2020-10-19,12.0,574.6345318056085,1,good
9000000655-1,2020-10-19,13.0,525.9991405242839,1,good
9000000655-1,2020-10-19,14.0,629.9309286262418,1,good
9000000655-1,2020-10-19,15.0,533.7003539126991,1,good
9000000655-1,2020-10-19,16.0,645.3831041257358,1,good
9000000655-1,2020-10-19,17.0,632.6951399116355,1,good
9000000655-1,2020-10-20,8.0,813.7880986937558,1,good
9000000655-1,2020-10-20,9.0,716.871832005801,1,good
9000000655-1,2020-10-20,10.0,649.2022263450773,1,good
9000000655-1,2020-10-20,11.0,667.8526048284579,1,good
9000000655-1,2020-10-20,12.0,604.4203179526904,1,good
9000000655-1,2020-10-20,13.0,449.3493975903596,1,good
9000000655-1,2020-10-20,14.0,572.7619855748806,1,good
9000000655-1,2020-10-21,8.0,855.2486187845343,1,good
9000000655-1,2020-10-21,9.0,686.893555394649,1,good
9000000655-1,2020-10-21,10.0,628.6348501664755,1,good
9000000655-1,2020-10-21,11.0,665.9662288930626,1,good
9000000655-1,2020-10-21,12.0,631.8021201413462,1,good
9000000655-1,2020-10-21,16.0,434.9864743011709,1,good
9000000655-1,2020-10-21,17.0,517.2413793103453,1,good
9000000655-1,2020-10-22,8.0,834.951456310678,1,good
9000000655-1,2020-10-22,9.0,612.3510292524365,1,good
9000000655-1,2020-10-22,10.0,582.5671202648002,1,good
9000000655-1,2020-10-22,11.0,600.7741935483887,1,good
9000000655-1,2020-10-22,12.0,629.4573643410823,1,good
9000000655-1,2020-10-22,15.0,525.5369928400951,1,good
9000000655-1,2020-10-22,16.0,425.5495644960597,1,good
9000000655-1,2020-10-22,17.0,601.1162790697683,1,good
9000000655-1,2020-10-23,8.0,844.6053584359262,1,good
9000000655-1,2020-10-23,9.0,677.2018847408522,1,good
9000000655-1,2020-10-23,10.0,723.9201451905618,1,good
9000000655-1,2020-10-23,11.0,702.0527859237562,1,good
9000000655-1,2020-10-23,12.0,721.0702341137142,1,good
9000000655-1,2020-10-23,13.0,476.328871892927,1,good
9000000655-1,2020-10-23,14.0,636.7630057803476,1,good
9000000655-1,2020-10-23,15.0,637.5000000000061,1,good
9000000655-1,2020-10-23,16.0,647.2233320015989,1,good
9000000655-1,2020-10-23,17.0,641.9313850063493,1,good
9000000655-1,2020-10-24,8.0,233.26133909287282,0,bad
9000000655-1,2020-10-24,9.0,287.43789921930323,0,bad
9000000655-1,2020-10-24,10.0,393.6894944424505,0,bad
9000000655-1,2020-10-24,11.0,429.29936305732673,0,bad
9000000655-1,2020-10-24,12.0,378.47469707769216,0,bad
9000000655-1,2020-10-24,13.0,364.718384697132,0,bad
9000000655-1,2020-10-24,14.0,330.4162219850579,0,bad
9000000655-1,2020-10-24,15.0,322.9787234042551,0,bad
9000000655-1,2020-10-24,16.0,302.15208034433283,0,bad
9000000655-1,2020-10-25,7.0,68.96551724137923,0,good
9000000655-1,2020-10-25,8.0,87.21580320536718,0,good
9000000655-1,2020-10-25,9.0,142.22544400145011,0,good
9000000655-1,2020-10-25,10.0,264.0085439658225,0,good
9000000655-1,2020-10-25,11.0,273.4177215189868,0,good
9000000655-1,2020-10-25,12.0,341.1675511751327,0,good
9000000655-1,2020-10-25,13.0,288.86389201349857,0,good
9000000655-1,2020-10-25,14.0,277.032923443079,0,good
9000000655-1,2020-10-25,15.0,253.08056872037886,0,good
9000000655-1,2020-10-25,16.0,421.7102694260065,0,good
9000000655-1,2020-10-26,7.0,856.7272727272772,1,good
9000000655-1,2020-10-26,8.0,586.6071428571449,1,good
9000000655-1,2020-10-26,9.0,448.0117820323997,1,good
9000000655-1,2020-10-26,10.0,551.0748702742793,1,good
9000000655-1,2020-10-26,11.0,538.739402875049,1,good
9000000655-1,2020-10-26,12.0,543.1486880466518,1,good
9000000655-1,2020-10-26,13.0,439.9545970488075,1,good
9000000655-1,2020-10-26,14.0,489.7406989853451,1,good
9000000655-1,2020-10-26,15.0,476.3118440779588,1,good
9000000655-1,2020-10-26,16.0,561.4516920058867,1,good
9000000655-1,2020-10-27,8.0,651.2168543407165,1,good
9000000655-1,2020-10-27,9.0,549.2623245771875,1,good
9000000655-1,2020-10-27,10.0,573.7417943107226,1,good
9000000655-1,2020-10-27,11.0,530.1818181818192,1,good
9000000655-1,2020-10-27,12.0,593.9611790079052,1,good
9000000655-1,2020-10-27,13.0,524.521216672926,1,good
9000000655-1,2020-10-27,14.0,501.69491525423985,1,good
9000000655-1,2020-10-27,15.0,485.2838933951317,1,good
9000000655-1,2020-10-27,16.0,492.4892703862672,1,good
9000000655-1,2020-10-28,7.0,864.3661460225169,1,good
9000000655-1,2020-10-28,8.0,656.809905316824,1,good
9000000655-1,2020-10-28,9.0,539.9999999999978,1,good
9000000655-1,2020-10-28,10.0,489.123071132859,1,good
9000000655-1,2020-10-28,11.0,550.9197651663419,1,good
9000000655-1,2020-10-28,12.0,494.85049833887103,1,good
9000000655-1,2020-10-28,13.0,466.9775328529027,1,good
9000000655-1,2020-10-28,14.0,408.40336134453827,1,good
9000000655-1,2020-10-28,15.0,364.098073555167,1,good
9000000655-1,2020-10-28,16.0,463.20123520329537,1,good
9000000655-1,2020-10-29,7.0,727.4063188831689,1,good
9000000655-1,2020-10-29,8.0,607.947019867553,1,good
9000000655-1,2020-10-29,9.0,546.5693430656959,1,good
9000000655-1,2020-10-29,10.0,382.92134831460606,1,good
9000000655-1,2020-10-29,11.0,125.3251721499617,1,good
9000000655-1,2020-10-29,12.0,428.0033140016579,1,good
9000000655-1,2020-10-29,13.0,147.5817595578073,1,good
9000000655-1,2020-10-29,14.0,142.6527242707764,1,good
9000000655-1,2020-10-29,15.0,383.47107438016496,1,good
9000000655-1,2020-10-30,7.0,258.536585365854,1,good
9000000655-1,2020-10-30,8.0,231.06180665610088,1,good
9000000655-1,2020-10-30,9.0,309.5354523227396,1,good
9000000655-1,2020-10-30,10.0,498.7212276214856,1,good
9000000655-1,2020-10-30,11.0,498.347107438015,1,good
9000000655-1,2020-10-30,12.0,479.31175747644625,1,good
9000000655-1,2020-10-30,13.0,407.8595317725743,1,good
9000000655-1,2020-10-30,14.0,474.2058449809375,1,good
9000000655-1,2020-10-30,15.0,264.850136239782,1,good
9000000655-1,2020-10-31,7.0,104.40251572327037,0,good
9000000655-1,2020-12-16,8.0,760.4095563139932,1,bad
9000000655-1,2020-12-16,9.0,621.5542521994121,1,bad
9000000655-1,2020-12-16,10.0,608.5432639649534,1,bad
9000000655-1,2020-12-16,11.0,542.8571428571398,1,bad
9000000655-1,2020-12-16,12.0,575.4596622889337,1,bad
9000000655-1,2020-12-16,13.0,507.2302558398251,1,bad
9000000655-1,2020-12-16,14.0,600.2273588480471,1,bad
9000000655-1,2020-12-16,15.0,537.4149659863914,1,bad
9000000655-1,2020-12-17,8.0,655.8922558922554,1,bad
9000000655-1,2020-12-17,9.0,600.4538577912276,1,bad
9000000655-1,2020-12-17,10.0,373.70242214532743,1,bad
9000000655-1,2020-12-17,11.0,473.27279905250924,1,bad
9000000655-1,2020-12-17,12.0,517.4652241112842,1,bad
9000000655-1,2020-12-17,13.0,535.2259992528981,1,bad
9000000655-1,2020-12-17,14.0,539.0374331550818,1,bad
9000000655-1,2020-12-17,15.0,574.0726577437881,1,bad
9000000655-1,2020-12-18,9.0,614.2051860202954,1,bad
9000000655-1,2020-12-18,10.0,633.3456017666525,1,bad
9000000655-1,2020-12-18,11.0,618.020022246945,1,bad
9000000655-1,2020-12-18,12.0,600.6659267480522,1,bad
9000000655-1,2020-12-18,13.0,618.3881952326901,1,bad
9000000655-1,2020-12-18,14.0,596.1348995831739,1,bad
9000000655-1,2020-12-18,15.0,437.7207062600338,1,bad
9000000655-1,2020-12-19,9.0,264.4951140065155,0,bad
9000000655-1,2020-12-19,10.0,323.3137829912007,0,bad
9000000655-1,2020-12-19,11.0,344.7093889716852,0,bad
9000000655-1,2020-12-19,12.0,333.21234119782207,0,bad
9000000655-1,2020-12-19,13.0,325.1013638039092,0,bad
9000000655-1,2020-12-19,14.0,328.6031042128604,0,bad
9000000655-1,2020-12-19,15.0,339.7077244258865,0,bad
9000000655-1,2020-12-20,9.0,167.51536435469714,0,bad
9000000655-1,2020-12-20,10.0,180.46443051972005,0,bad
9000000655-1,2020-12-20,11.0,229.92944671370196,0,bad
9000000655-1,2020-12-20,12.0,269.8330241187386,0,bad
9000000655-1,2020-12-20,13.0,232.86949981195923,0,bad
9000000655-1,2020-12-21,9.0,628.501827040192,1,bad
9000000655-1,2020-12-21,10.0,536.054421768706,1,bad
9000000655-1,2020-12-21,11.0,658.6707410236841,1,bad
9000000655-1,2020-12-21,12.0,559.698113207549,1,bad
9000000655-1,2020-12-21,13.0,453.403933434191,1,bad
9000000655-1,2020-12-21,14.0,562.500000000001,1,bad
9000000655-1,2020-12-22,8.0,766.7999999999989,1,bad
9000000655-1,2020-12-22,9.0,737.9050489826634,1,bad
9000000655-1,2020-12-22,10.0,741.0573678290217,1,bad
9000000655-1,2020-12-22,11.0,677.0897832817301,1,bad
9000000655-1,2020-12-22,12.0,707.7735849056634,1,bad
9000000655-1,2020-12-22,13.0,683.4560247965936,1,bad
9000000655-1,2020-12-22,14.0,668.6296715741769,1,bad
9000000655-1,2020-12-23,8.0,691.3465987968557,1,good
9000000655-1,2020-12-23,9.0,700.0738007380082,1,good
9000000655-1,2020-12-23,10.0,706.5420560747631,1,good
9000000655-1,2020-12-23,11.0,734.8592870544144,1,good
9000000655-1,2020-12-23,12.0,703.243037008778,1,good
9000000655-1,2020-12-23,13.0,654.9167927382787,1,good
9000000655-1,2020-12-23,14.0,698.871331828447,1,good
9000000655-1,2020-12-23,15.0,718.2761372705504,1,good
9000000655-1,2020-12-24,9.0,611.6766467065887,1,bad
9000000655-1,2020-12-24,10.0,592.1845924823259,1,bad
9000000655-1,2020-12-24,11.0,669.444444444449,1,bad
9000000655-1,2020-12-24,12.0,707.167764432393,1,bad
9000000655-1,2020-12-24,13.0,512.1452894438129,1,bad
9000000655-1,2020-12-24,14.0,539.6210526315783,1,bad
9000000655-1,2020-12-25,9.0,126.51757188498436,1,bad
9000000655-1,2021-02-09,9.0,612.0425029515959,1,bad
9000000655-1,2021-02-09,10.0,428.744448930157,1,bad
9000000655-1,2021-02-09,11.0,332.761310452418,1,bad
9000000655-1,2021-02-09,12.0,544.024672320741,1,bad
9000000655-1,2021-02-09,13.0,332.396627860296,1,bad
9000000655-1,2021-02-09,14.0,453.32296929654,1,bad
9000000655-1,2021-02-09,15.0,553.405017921148,1,bad
9000000655-1,2021-02-09,16.0,413.430656934307,1,bad
9000000655-1,2021-02-10,8.0,640.941176470589,1,bad
9000000655-1,2021-02-10,9.0,520.5814843152241,1,bad
9000000655-1,2021-02-10,10.0,449.13093858632794,1,bad
9000000655-1,2021-02-10,11.0,481.978798586573,1,bad
9000000655-1,2021-02-10,12.0,394.405594405593,1,bad
9000000655-1,2021-02-10,13.0,447.11538461538305,1,bad
9000000655-1,2021-02-10,14.0,352.996108949415,1,bad
9000000655-1,2021-02-11,9.0,500.52750565184397,1,bad
9000000655-1,2021-02-11,10.0,385.662505034232,1,bad
9000000655-1,2021-02-11,11.0,483.35273573923297,1,bad
9000000655-1,2021-02-11,12.0,331.446791550417,1,bad
9000000655-1,2021-02-11,13.0,560.3900975243799,1,bad
9000000655-1,2021-02-11,14.0,458.406404879909,1,bad
9000000655-1,2021-02-11,15.0,401.57109190887604,1,bad
9000000655-1,2021-02-11,16.0,404.447852760738,1,bad
9000000655-1,2021-02-12,7.0,527.7384196185287,1,bad
9000000655-1,2021-02-12,8.0,422.39999999999895,1,bad
9000000655-1,2021-02-12,9.0,668.1918819188211,1,bad
9000000655-1,2021-02-12,10.0,484.128225175918,1,bad
9000000655-1,2021-02-12,11.0,498.269896193772,1,bad
9000000655-1,2021-02-12,12.0,483.0,1,bad
9000000655-1,2021-02-12,13.0,358.2485625829285,1,bad
9000000655-1,2021-02-12,14.0,403.352448169387,1,bad
9000000655-1,2021-02-12,15.0,175.1351351351351,1,bad
9000000655-1,2021-02-12,16.0,236.4089775561103,1,bad
9000000655-1,2021-02-13,7.0,262.38532110091705,0,bad
9000000655-1,2021-02-13,8.0,227.9136690647481,0,bad
9000000655-1,2021-02-13,9.0,363.1123919308358,0,bad
9000000655-1,2021-02-13,10.0,207.0734551107648,0,bad
9000000655-1,2021-02-13,11.0,221.02473498233218,0,bad
9000000655-1,2021-02-13,12.0,252.2671063478985,0,bad
9000000655-1,2021-02-13,13.0,310.80139372822237,0,bad
9000000655-1,2021-02-13,14.0,429.45290004113497,0,bad
9000000655-1,2021-02-13,15.0,209.7714029583146,0,bad
9000000655-1,2021-02-13,16.0,311.3831089351281,0,bad
9000000655-1,2021-02-14,7.0,55.2380952380952,0,bad
9000000655-1,2021-02-14,8.0,95.87396849212311,0,bad
9000000655-1,2021-02-14,9.0,163.5773530472413,0,bad
9000000655-1,2021-02-14,10.0,112.49999999999979,0,bad
9000000655-1,2021-02-14,11.0,149.79647218453138,0,bad
9000000655-1,2021-02-14,12.0,200.16722408026715,0,bad
9000000655-1,2021-02-14,13.0,252.89256198347022,0,bad
9000000655-1,2021-02-14,14.0,450.1857201815955,0,bad
9000000655-1,2021-02-14,15.0,236.88451208594404,0,bad
9000000655-1,2021-02-14,16.0,332.9129886506932,0,bad
9000000655-1,2021-02-15,7.0,396.8503937007878,1,bad
9000000655-1,2021-02-15,8.0,235.41835905767698,1,bad
9000000655-1,2021-02-15,9.0,492.66281945589503,1,bad
9000000655-1,2021-02-15,10.0,240.9448818897638,1,bad
9000000655-1,2021-02-15,11.0,231.67420814479598,1,bad
9000000655-1,2021-02-15,12.0,255.49450549450572,1,bad
9000000655-1,2021-02-15,13.0,268.4745762711864,1,bad
9000000655-1,2021-02-15,14.0,405.391304347826,1,bad
9000000655-1,2021-02-15,15.0,184.2391304347825,1,bad
9000000655-1,2021-02-15,16.0,311.2903225806456,1,bad
9000000655-1,2021-02-16,7.0,707.9181961195629,1,bad
9000000655-1,2021-02-16,8.0,482.714054927303,1,bad
9000000655-1,2021-02-16,9.0,544.383346425768,1,bad
9000000655-1,2021-02-16,10.0,341.0358565737057,1,bad
9000000655-1,2021-02-16,11.0,254.13669064748183,1,bad
9000000655-1,2021-02-16,12.0,339.982347749338,1,bad
9000000655-1,2021-02-16,13.0,336.724137931035,1,bad
9000000655-1,2021-02-16,14.0,386.379310344828,1,bad
9000000655-1,2021-02-16,15.0,203.2132001736868,1,bad
9000000655-1,2021-02-16,16.0,306.09705516383303,1,bad
9000000655-1,2021-02-17,8.0,438.41721091048805,1,bad
9000000655-1,2021-02-17,9.0,599.104477611941,1,bad
9000000655-1,2021-02-17,10.0,549.84375,1,bad
9000000655-1,2021-02-17,11.0,441.93296960249506,1,bad
9000000655-1,2021-02-17,12.0,389.705882352941,1,bad
9000000655-1,2021-02-17,13.0,457.92,1,bad
9000000655-1,2021-02-17,14.0,400.5,1,bad
9000000655-1,2021-02-17,15.0,229.31937172774877,1,bad
9000000655-1,2021-02-17,16.0,208.6732503220266,1,bad
9000000655-1,2021-02-18,7.0,793.2481751824771,1,good
9000000655-1,2021-02-18,8.0,425.254582484725,1,good
9000000655-1,2021-02-18,9.0,476.83073229291506,1,good
9000000655-1,2021-02-18,10.0,383.4319526627219,1,good
9000000655-1,2021-02-18,11.0,473.529411764707,1,good
9000000655-1,2021-02-18,12.0,499.25925925926003,1,good
9000000655-1,2021-02-18,13.0,422.486663931063,1,good
9000000655-1,2021-02-18,14.0,364.11092985318203,1,good
9000000655-1,2021-02-18,15.0,459.70149253731495,1,good
9000000655-1,2021-02-18,16.0,493.401015228426,1,good
9000000655-1,2021-02-19,8.0,583.44345122425,1,bad
9000000655-1,2021-02-19,9.0,567.771428571427,1,bad
9000000655-1,2021-02-19,10.0,422.392638036811,1,bad
9000000655-1,2021-02-19,11.0,497.25363489499097,1,bad
9000000655-1,2021-02-19,12.0,371.66866746698577,1,bad
9000000655-1,2021-02-19,13.0,423.6180904522592,1,bad
9000000655-1,2021-02-19,14.0,320.702634880803,1,bad
9000000655-1,2021-02-19,15.0,311.359107214029,1,bad
9000000655-1,2021-02-19,16.0,537.1024734982354,1,bad
9000000655-1,2021-02-20,7.0,255.5287300820863,0,good
9000000655-1,2021-02-20,8.0,332.7046397585804,0,good
9000000655-1,2021-02-20,9.0,378.72991583779503,0,good
9000000655-1,2021-02-20,10.0,371.7155484130181,0,good
9000000655-1,2021-02-20,11.0,402.76816608996415,0,good
9000000655-1,2021-02-20,12.0,436.3636363636378,0,good
9000000655-1,2021-02-20,13.0,322.4288425047445,0,good
9000000655-1,2021-02-20,14.0,460.2867105772948,0,good
9000000655-1,2021-02-20,15.0,330.3844563869367,0,good
9000000655-1,2021-02-20,16.0,357.0247933884287,0,good
9000000655-1,2021-02-21,7.0,90.63444108761331,0,good
9000000655-1,2021-02-21,8.0,175.1351351351347,0,good
9000000655-1,2021-02-21,9.0,225.9029551258656,0,good
9000000655-1,2021-02-21,10.0,280.1454545454551,0,good
9000000655-1,2021-02-21,11.0,358.3952451708775,0,good
9000000655-1,2021-02-21,12.0,334.285714285713,0,good
9000000655-1,2021-02-21,13.0,369.955156950671,0,good
9000000655-1,2021-02-21,14.0,407.2943803498345,0,good
9000000655-1,2021-02-21,15.0,387.5432525951538,0,good
9000000655-1,2021-02-21,16.0,412.41379310344564,0,good
9000000655-1,2021-02-22,7.0,730.5524239007915,1,good
9000000655-1,2021-02-22,8.0,780.9312638580957,1,good
9000000655-1,2021-02-22,9.0,575.2808988764081,1,good
9000000655-1,2021-02-22,10.0,458.1542351453844,1,good
9000000655-1,2021-02-22,11.0,300.6960556844557,1,good
9000000655-1,2021-02-22,12.0,378.947368421052,1,good
9000000655-1,2021-02-22,13.0,532.6757090012344,1,good
9000000655-1,2021-02-22,14.0,336.96125380931744,1,good
9000000655-1,2021-02-22,15.0,225.4997778764989,1,good
9000000655-1,2021-02-22,16.0,361.88178528347333,1,good
9000000655-1,2021-02-23,7.0,674.4265080713642,1,good
9000000655-1,2021-02-23,8.0,344.15999999999997,1,good
9000000655-1,2021-02-23,9.0,585.7774206508669,1,good
9000000655-1,2021-02-23,10.0,384.4975214060402,1,good
9000000655-1,2021-02-23,11.0,294.5309026233889,1,good
9000000655-1,2021-02-23,12.0,436.8019284853363,1,good
9000000655-1,2021-02-23,13.0,476.7255216693438,1,good
9000000655-1,2021-02-23,14.0,321.7877094972065,1,good
9000000655-1,2021-02-23,15.0,213.63636363636292,1,good
9000000655-1,2021-02-23,16.0,247.5728155339798,1,good
9000000655-1,2021-02-23,17.0,461.1023622047268,1,good
9000000655-1,2021-02-24,7.0,782.3480432972524,1,good
9000000655-1,2021-02-24,8.0,438.3711824588894,1,good
9000000655-1,2021-02-24,9.0,488.08664259928014,1,good
9000000655-1,2021-02-24,10.0,463.18471337579547,1,good
9000000655-1,2021-02-24,11.0,390.5590062111813,1,good
9000000655-1,2021-02-24,12.0,421.1985324092955,1,good
9000000655-1,2021-02-24,13.0,421.6733067729068,1,good
9000000655-1,2021-02-24,14.0,266.50124069478807,1,good
9000000655-1,2021-02-24,15.0,245.6504389465284,1,good
9000000655-1,2021-02-24,16.0,266.72006407689224,1,good
9000000655-1,2021-02-25,7.0,750.3448275861988,1,good
9000000655-1,2021-02-25,8.0,336.973478939158,1,good
9000000655-1,2021-02-25,9.0,570.4681872749071,1,good
9000000655-1,2021-02-25,10.0,323.3817701453092,1,good
9000000655-1,2021-02-25,11.0,361.267605633803,1,good
9000000655-1,2021-02-25,12.0,453.62318840579485,1,good
9000000655-1,2021-02-25,13.0,468.88361045130716,1,good
9000000655-1,2021-02-25,14.0,540.3564356435612,1,good
9000000655-1,2021-02-25,15.0,233.48196189704174,1,good
9000000655-1,2021-02-25,16.0,225.27427874847604,1,good
9000000655-1,2021-02-26,7.0,89.30987821380249,1,good
9000000655-1,2021-02-26,8.0,177.5784753363233,1,good
9000000655-1,2021-02-26,9.0,470.3125,1,good
9000000655-1,2021-02-26,10.0,320.47970479704674,1,good
9000000655-1,2021-02-26,11.0,249.64131994261115,1,good
9000000655-1,2021-02-26,12.0,394.3517329910147,1,good
9000000655-1,2021-02-26,13.0,337.7274565305298,1,good
9000000655-1,2021-02-26,14.0,427.3701566364385,1,good
9000000655-1,2021-02-26,15.0,290.8629441624366,1,good
9000000655-1,2021-02-26,16.0,148.0085653104924,1,good
9000000655-1,2021-02-26,17.0,500.3134796238269,1,good
9000000655-1,2021-02-27,7.0,230.1499605367003,0,good
9000000655-1,2021-02-27,8.0,289.15662650602513,0,good
9000000655-1,2021-02-27,9.0,383.9820359281447,0,good
9000000655-1,2021-02-27,10.0,463.86929075380823,0,good
9000000655-1,2021-02-27,11.0,475.9550561797728,0,good
9000000655-1,2021-02-27,12.0,419.48558067030325,0,good
9000000655-1,2021-02-27,13.0,335.18225039619654,0,good
9000000655-1,2021-02-27,14.0,387.62376237623585,0,good
9000000655-1,2021-02-27,15.0,278.9452332657185,0,good
9000000655-1,2021-02-27,16.0,149.8069498069494,0,good
9000000655-1,2021-02-27,17.0,365.87412587412433,0,good
9000000655-1,2021-02-28,7.0,51.03448275862075,0,bad
9000000655-1,2021-02-28,8.0,60.92089728453365,0,bad
9000000655-1,2021-02-28,9.0,112.25971806920137,0,bad
9000000655-1,2021-02-28,10.0,123.30827067669196,0,bad
9000000655-1,2021-02-28,11.0,287.6122082585273,0,bad
9000000655-1,2021-02-28,12.0,250.66026410564118,0,bad
9000000655-1,2021-02-28,13.0,247.4830954169792,0,bad
9000000655-1,2021-02-28,14.0,397.375530683131,0,bad
9000000655-1,2021-02-28,15.0,305.84958217270264,0,bad
9000000655-1,2021-02-28,16.0,139.34426229508225,0,bad
9000000655-1,2021-02-28,17.0,509.8945253641402,0,bad
9000000655-1,2021-03-01,7.0,371.39141742522804,1,good
9000000655-1,2021-03-01,8.0,114.55239711497669,1,good
9000000655-1,2021-03-01,9.0,450.2038966923422,1,good
9000000655-1,2021-03-01,10.0,329.7450424929183,1,good
9000000655-1,2021-03-01,11.0,307.2546230440971,1,good
9000000655-1,2021-03-01,12.0,269.06798739306674,1,good
9000000655-1,2021-03-01,13.0,170.6161137440756,1,good
9000000655-1,2021-03-01,14.0,321.9383259911887,1,good
9000000655-1,2021-03-01,15.0,296.6770048737261,1,good
9000000655-1,2021-03-01,16.0,136.1209964412812,1,good
9000000655-1,2021-03-01,17.0,305.8702368692064,1,good
9000000655-1,2021-03-02,7.0,572.215269086355,1,good
9000000655-1,2021-03-02,8.0,212.97107800175252,1,good
9000000655-1,2021-03-02,9.0,444.995722840035,1,good
9000000655-1,2021-03-02,10.0,381.68674698795087,1,good
9000000655-1,2021-03-02,11.0,315.2542372881355,1,good
9000000655-1,2021-03-02,12.0,293.877551020408,1,good
9000000655-1,2021-03-02,13.0,362.8369970966404,1,good
9000000655-1,2021-03-02,14.0,461.89856957087096,1,good
9000000655-1,2021-03-02,15.0,187.1662763466043,1,good
9000000655-1,2021-03-02,16.0,152.5874815179891,1,good
9000000655-1,2021-03-02,17.0,410.5263157894724,1,good
9000000655-1,2021-03-03,7.0,467.7105374523924,1,good
9000000655-1,2021-03-03,8.0,125.3503184713376,1,good
9000000655-1,2021-03-03,9.0,468.7160940325485,1,good
9000000655-1,2021-03-03,10.0,303.8856632425198,1,good
9000000655-1,2021-03-03,11.0,238.878504672897,1,good
9000000655-1,2021-03-03,12.0,458.5788561525139,1,good
9000000655-1,2021-03-03,13.0,306.826644600744,1,good
9000000655-1,2021-03-03,14.0,338.823529411765,1,good
9000000655-1,2021-03-03,15.0,246.229913473424,1,good
9000000655-1,2021-03-03,16.0,278.81219903691806,1,good
9000000655-1,2021-03-03,17.0,425.25107604017313,1,good
9000000655-1,2021-03-04,7.0,648.86144345812,1,good
9000000655-1,2021-03-04,8.0,565.277777777779,1,good
9000000655-1,2021-03-04,9.0,627.7136258660507,1,good
9000000655-1,2021-03-04,10.0,466.000799041153,1,good
9000000655-1,2021-03-04,11.0,368.69158878504595,1,good
9000000655-1,2021-03-04,12.0,366.4839467501969,1,good
9000000655-1,2021-03-04,13.0,487.2074882995319,1,good
9000000655-1,2021-03-04,14.0,453.45175615664095,1,good
9000000655-1,2021-03-04,15.0,290.5313623651627,1,good
9000000655-1,2021-03-04,16.0,350.4672897196252,1,good
9000000655-1,2021-03-05,7.0,712.857687905379,1,bad
9000000655-1,2021-03-05,8.0,596.132151490734,1,bad
9000000655-1,2021-03-05,9.0,605.6872037914729,1,bad
9000000655-1,2021-03-05,10.0,424.94767685223997,1,bad
9000000655-1,2021-03-05,11.0,323.628865979381,1,bad
9000000655-1,2021-03-05,12.0,400.4944375772565,1,bad
9000000655-1,2021-03-05,13.0,310.74918566775335,1,bad
9000000655-1,2021-03-05,14.0,444.48336252189097,1,bad
9000000655-1,2021-03-05,15.0,263.3093525179851,1,bad
9000000655-1,2021-03-05,16.0,393.30396475770897,1,bad
9000000655-1,2021-03-06,7.0,154.30593786865902,0,bad
9000000655-1,2021-03-06,8.0,99.41422594142257,0,bad
9000000655-1,2021-03-06,9.0,251.90839694656546,0,bad
9000000655-1,2021-03-06,10.0,327.12836347595913,0,bad
9000000655-1,2021-03-06,11.0,444.94382022472166,0,bad
9000000655-1,2021-03-06,12.0,357.4989783408259,0,bad
9000000655-1,2021-03-06,13.0,336.720554272518,0,bad
9000000655-1,2021-03-06,14.0,435.69513596323037,0,bad
9000000655-1,2021-03-06,15.0,217.1290711700839,0,bad
9000000655-1,2021-03-06,16.0,98.0667838312829,0,bad
9000000655-1,2021-03-06,17.0,265.9851301115232,0,bad
9000000655-1,2021-03-07,7.0,53.00271212708246,0,bad
9000000655-1,2021-03-07,8.0,48.417721518987385,0,bad
9000000655-1,2021-03-07,9.0,126.1245674740486,0,bad
9000000655-1,2021-03-07,10.0,231.91126279863542,0,bad
9000000655-1,2021-03-07,11.0,321.2713936430332,0,bad
9000000655-1,2021-03-07,12.0,337.2297838270618,0,bad
9000000655-1,2021-03-07,13.0,391.0060975609767,0,bad
9000000655-1,2021-03-07,14.0,448.2652274479582,0,bad
9000000655-1,2021-03-07,15.0,238.97515527950264,0,bad
9000000655-1,2021-03-07,16.0,190.6683480453974,0,bad
9000000655-1,2021-03-07,17.0,438.08553971486657,0,bad
9000000655-1,2021-03-08,7.0,584.745762711864,1,good
9000000655-1,2021-03-08,8.0,388.11544991511096,1,good
9000000655-1,2021-03-08,9.0,518.5554171855543,1,good
9000000655-1,2021-03-08,10.0,446.6105449712001,1,good
9000000655-1,2021-03-08,11.0,240.7695831424643,1,good
9000000655-1,2021-03-08,12.0,490.706319702601,1,good
9000000655-1,2021-03-08,13.0,375.773195876287,1,good
9000000655-1,2021-03-08,14.0,347.2081218274103,1,good
9000000655-1,2021-03-08,15.0,238.10316139767002,1,good
9000000655-1,2021-03-08,16.0,169.53754773016556,1,good
9000000655-1,2021-03-08,17.0,427.4902131361438,1,good
9000000655-1,2021-03-09,7.0,588.349514563106,1,bad
9000000655-1,2021-03-09,8.0,493.150684931507,1,bad
9000000655-1,2021-03-09,9.0,675.6262425447346,1,bad
9000000655-1,2021-03-09,10.0,357.702825888787,1,bad
9000000655-1,2021-03-09,11.0,354.387527839644,1,bad
9000000655-1,2021-03-09,12.0,539.4978078915909,1,bad
9000000655-1,2021-03-09,13.0,617.387852322352,1,bad
9000000655-1,2021-03-09,14.0,428.535877229366,1,bad
9000000655-1,2021-03-09,15.0,329.0322580645152,1,bad
9000000655-1,2021-03-09,16.0,175.57377049180337,1,bad
9000000655-1,2021-03-09,17.0,464.5631067961155,1,bad
9000000655-1,2021-03-10,7.0,656.8924302788839,1,bad
9000000655-1,2021-03-10,8.0,110.7205623901582,1,bad
9000000655-1,2021-03-10,9.0,544.96092143151,1,bad
9000000655-1,2021-03-10,10.0,378.33868747131805,1,bad
9000000655-1,2021-03-10,11.0,381.158816173407,1,bad
9000000655-1,2021-03-10,12.0,339.403706688155,1,bad
9000000655-1,2021-03-10,13.0,525.5886970172679,1,bad
9000000655-1,2021-03-10,14.0,529.5390781563145,1,bad
9000000655-1,2021-03-10,15.0,376.05284888522,1,bad
9000000655-1,2021-03-10,16.0,382.75862068965597,1,bad
9000000655-1,2021-03-10,17.0,585.762711864408,1,bad
9000000655-1,2021-03-11,7.0,661.0833653476731,1,bad
9000000655-1,2021-03-11,8.0,630.17543859649,1,bad
9000000655-1,2021-03-11,9.0,716.9724770642168,1,bad
9000000655-1,2021-03-11,10.0,657.2956455309399,1,bad
9000000655-1,2021-03-11,11.0,621.1123723042004,1,bad
9000000655-1,2021-03-11,12.0,688.9679715302489,1,bad
9000000655-1,2021-03-11,13.0,580.0000000000016,1,bad
9000000655-1,2021-03-11,14.0,549.6871088861051,1,bad
9000000655-1,2021-03-11,15.0,464.11149825784,1,bad
9000000655-1,2021-03-11,16.0,479.7202797202771,1,bad
9000000655-1,2021-03-12,8.0,404.876130554464,1,bad
9000000655-1,2021-03-12,9.0,655.1750673335889,1,bad
9000000655-1,2021-03-12,10.0,718.379594898722,1,bad
9000000655-1,2021-03-12,11.0,667.468973298232,1,bad
9000000655-1,2021-03-12,12.0,642.2600619195018,1,bad
9000000655-1,2021-03-12,13.0,675.2621359223281,1,bad
9000000655-1,2021-03-12,14.0,562.3255813953509,1,bad
9000000655-1,2021-03-12,15.0,434.457537586348,1,bad
9000000655-1,2021-03-12,16.0,606.1855670103082,1,bad
9000000655-1,2021-03-13,7.0,280.27017419125445,0,bad
9000000655-1,2021-03-13,8.0,190.3975993998499,0,bad
9000000655-1,2021-03-13,9.0,439.57337256344033,0,bad
9000000655-1,2021-03-13,10.0,545.3750910415163,0,bad
9000000655-1,2021-03-13,11.0,487.4172185430482,0,bad
9000000655-1,2021-03-13,12.0,460.9756097560979,0,bad
9000000655-1,2021-03-13,13.0,388.5400313971742,0,bad
9000000655-1,2021-03-13,14.0,454.9920760697316,0,bad
9000000655-1,2021-03-13,15.0,256.1643835616428,0,bad
9000000655-1,2021-03-13,16.0,342.5918762088978,0,bad
9000000655-1,2021-03-13,17.0,408.0464216634435,0,bad
9000000655-1,2021-03-14,8.0,144.61979913916767,0,bad
9000000655-1,2021-03-14,9.0,215.84302325581376,0,bad
9000000655-1,2021-03-14,10.0,296.67469879518,0,bad
9000000655-1,2021-03-14,11.0,350.15625,0,bad
9000000655-1,2021-03-14,12.0,324.8520710059187,0,bad
9000000655-1,2021-03-14,13.0,333.99339933993315,0,bad
9000000655-1,2021-03-14,14.0,322.2264009025937,0,bad
9000000655-1,2021-03-14,15.0,357.4843692534002,0,bad
9000000655-1,2021-03-14,16.0,394.6488294314388,0,bad
9000000655-1,2021-03-15,7.0,198.4375,1,good
9000000655-1,2021-03-15,8.0,141.1199999999999,1,good
9000000655-1,2021-03-15,9.0,535.5017850059537,1,good
9000000655-1,2021-03-15,10.0,554.9162730785708,1,good
9000000655-1,2021-03-15,11.0,614.6699266503678,1,good
9000000655-1,2021-03-15,12.0,511.07410491257235,1,good
9000000655-1,2021-03-15,13.0,615.1898734177262,1,good
9000000655-1,2021-03-15,14.0,652.8789659224416,1,good
9000000655-1,2021-03-15,15.0,357.251908396947,1,good
9000000655-1,2021-03-15,16.0,316.82626538987654,1,good
9000000655-1,2021-03-15,17.0,386.55737704918124,1,good
9000000655-1,2021-03-16,7.0,407.0921985815594,1,good
9000000655-1,2021-03-16,8.0,99.2318120198824,1,good
9000000655-1,2021-03-16,9.0,320.2737382378106,1,good
9000000655-1,2021-03-16,10.0,471.4091526959666,1,good
9000000655-1,2021-03-16,11.0,550.9591326105079,1,good
9000000655-1,2021-03-16,12.0,583.240223463687,1,good
9000000655-1,2021-03-16,13.0,631.727379553464,1,good
9000000655-1,2021-03-16,14.0,530.9778142974552,1,good
9000000655-1,2021-03-16,15.0,252.57819103972997,1,good
9000000655-1,2021-03-16,16.0,248.72727272727263,1,good
9000000655-1,2021-03-16,17.0,136.5094798249878,1,good
9000000655-1,2021-03-17,6.0,864.078731547301,1,bad
9000000655-1,2021-03-17,7.0,594.4954128440397,1,bad
9000000655-1,2021-03-17,8.0,55.66166439290589,1,bad
9000000655-1,2021-03-17,9.0,278.5898538263116,1,bad
9000000655-1,2021-03-17,10.0,559.299781181618,1,bad
9000000655-1,2021-03-17,11.0,636.2726222564476,1,bad
9000000655-1,2021-03-17,12.0,589.2473118279607,1,bad
9000000655-1,2021-03-17,13.0,531.5243415802073,1,bad
9000000655-1,2021-03-17,14.0,647.5129327497016,1,bad
9000000655-1,2021-03-17,15.0,434.0628730600875,1,bad
9000000655-1,2021-03-17,16.0,322.3374175306306,1,bad
9000000655-1,2021-03-17,17.0,584.0918084685386,1,bad
9000000655-1,2021-03-18,6.0,735.483870967739,1,bad
9000000655-1,2021-03-18,7.0,524.559341950644,1,bad
9000000655-1,2021-03-18,8.0,183.49120433017578,1,bad
9000000655-1,2021-03-18,9.0,412.6653306613231,1,bad
9000000655-1,2021-03-18,10.0,481.5384615384627,1,bad
9000000655-1,2021-03-18,11.0,576.9133192389036,1,bad
9000000655-1,2021-03-18,12.0,593.2148626817421,1,bad
9000000655-1,2021-03-18,13.0,646.1538461538469,1,bad
9000000655-1,2021-03-18,14.0,649.1803278688468,1,bad
9000000655-1,2021-03-18,15.0,627.5486381323002,1,bad
9000000655-1,2021-03-18,16.0,448.3243690525464,1,bad
9000000655-1,2021-03-18,17.0,326.3551401869165,1,bad
9000000655-1,2021-03-19,6.0,840.4602109300024,1,bad
9000000655-1,2021-03-19,7.0,617.34375,1,bad
9000000655-1,2021-03-19,8.0,55.3846153846154,1,bad
9000000655-1,2021-03-19,9.0,418.1432810512914,1,bad
9000000655-1,2021-03-19,10.0,534.325744308228,1,bad
9000000655-1,2021-03-19,11.0,569.3094629156045,1,bad
9000000655-1,2021-03-19,12.0,578.2162588792418,1,bad
9000000655-1,2021-03-19,13.0,510.71136549468514,1,bad
9000000655-1,2021-03-19,14.0,639.360000000002,1,bad
9000000655-1,2021-03-19,15.0,546.6561762391847,1,bad
9000000655-1,2021-03-19,16.0,553.5160905840308,1,bad
9000000655-1,2021-03-19,17.0,511.9605425400752,1,bad
9000000655-1,2021-03-20,7.0,259.94194484760476,0,bad
9000000655-1,2021-03-20,8.0,191.797623610579,0,bad
9000000655-1,2021-03-20,9.0,495.6826137689599,0,bad
9000000655-1,2021-03-20,10.0,482.11818879508587,0,bad
9000000655-1,2021-03-20,11.0,498.7866927592969,0,bad
9000000655-1,2021-03-20,12.0,491.46295599849384,0,bad
9000000655-1,2021-03-20,13.0,495.9524693650243,0,bad
9000000655-1,2021-03-20,14.0,388.1516587677741,0,bad
9000000655-1,2021-03-20,15.0,382.0408163265296,0,bad
9000000655-1,2021-03-20,16.0,408.58034321372895,0,bad
9000000655-1,2021-03-20,17.0,387.7535964588715,0,bad
9000000655-1,2021-03-21,6.0,90.4265402843603,0,bad
9000000655-1,2021-03-21,7.0,123.40582381127889,0,bad
9000000655-1,2021-03-21,8.0,14.1676505312869,0,bad
9000000655-1,2021-03-21,9.0,156.82613768961582,0,bad
9000000655-1,2021-03-21,10.0,277.85234899328924,0,bad
9000000655-1,2021-03-21,11.0,366.83456024796493,0,bad
9000000655-1,2021-03-21,12.0,410.55081458494686,0,bad
9000000655-1,2021-03-21,13.0,455.38922155688687,0,bad
9000000655-1,2021-03-21,14.0,508.66616428032887,0,bad
9000000655-1,2021-03-21,15.0,471.779597915112,0,bad
9000000655-1,2021-03-21,16.0,497.5830815709946,0,bad
9000000655-1,2021-03-21,17.0,627.4447949526835,0,bad
9000000655-1,2021-03-22,6.0,831.76895306859,1,good
9000000655-1,2021-03-22,7.0,638.985736925517,1,good
9000000655-1,2021-03-22,8.0,253.8764783180032,1,good
9000000655-1,2021-03-22,9.0,648.585819449826,1,good
9000000655-1,2021-03-22,10.0,560.132067684691,1,good
9000000655-1,2021-03-22,11.0,591.3585052549618,1,good
9000000655-1,2021-03-22,12.0,595.3846153846108,1,good
9000000655-1,2021-03-22,13.0,724.6575342465743,1,good
9000000655-1,2021-03-22,14.0,507.88962300816047,1,good
9000000655-1,2021-03-22,15.0,573.9776951672835,1,good
9000000655-1,2021-03-22,16.0,506.9546436285114,1,good
9000000655-1,2021-03-22,17.0,397.1259509721049,1,good
9000000655-1,2021-03-23,6.0,700.9376723662448,1,good
9000000655-1,2021-03-23,7.0,269.337694194604,1,good
9000000655-1,2021-03-23,8.0,38.560411311054,1,good
9000000655-1,2021-03-23,9.0,287.08860759493666,1,good
9000000655-1,2021-03-23,10.0,491.1864406779674,1,good
9000000655-1,2021-03-23,11.0,608.6812732534099,1,good
9000000655-1,2021-03-23,12.0,528.4671532846701,1,good
9000000655-1,2021-03-23,13.0,655.4621848739456,1,good
9000000655-1,2021-03-23,14.0,561.7882749894566,1,good
9000000655-1,2021-03-23,15.0,414.4435004248088,1,good
9000000655-1,2021-03-23,16.0,605.5813953488415,1,good
9000000655-1,2021-03-23,17.0,482.2382365409059,1,good
9000000655-1,2021-03-24,6.0,664.1566265060242,1,good
9000000655-1,2021-03-24,7.0,535.2517985611539,1,good
9000000655-1,2021-03-24,8.0,67.42160278745638,1,good
9000000655-1,2021-03-24,9.0,283.452631578947,1,good
9000000655-1,2021-03-24,10.0,498.852603706973,1,good
9000000655-1,2021-03-24,11.0,539.999999999998,1,good
9000000655-1,2021-03-24,12.0,587.7250409165272,1,good
9000000655-1,2021-03-24,13.0,648.2269503546067,1,good
9000000655-1,2021-03-24,14.0,556.655844155846,1,good
9000000655-1,2021-03-24,15.0,175.24752475247573,1,good
9000000655-1,2021-03-24,16.0,291.5784629544406,1,good
9000000655-1,2021-03-24,17.0,155.5114200595832,1,good
9000000655-1,2021-03-25,6.0,617.8456591639921,1,good
9000000655-1,2021-03-25,7.0,647.300970873785,1,good
9000000655-1,2021-03-25,8.0,170.842240273621,1,good
9000000655-1,2021-03-25,9.0,339.4770681525924,1,good
9000000655-1,2021-03-25,10.0,570.805369127515,1,good
9000000655-1,2021-03-25,11.0,564.432989690722,1,good
9000000655-1,2021-03-25,12.0,617.1009771986933,1,good
9000000655-1,2021-03-25,13.0,623.2121922626042,1,good
9000000655-1,2021-03-25,14.0,518.8936501753053,1,good
9000000655-1,2021-03-25,15.0,289.6723351306513,1,good
9000000655-1,2021-03-25,16.0,385.06224066389984,1,good
9000000655-1,2021-03-25,17.0,231.12840466926062,1,good
9000000655-1,2021-03-26,6.0,709.8591549295742,1,good
9000000655-1,2021-03-26,7.0,690.60092449923,1,good
9000000655-1,2021-03-26,8.0,110.511627906977,1,good
9000000655-1,2021-03-26,9.0,306.8607068607059,1,good
9000000655-1,2021-03-26,10.0,631.605143094152,1,good
9000000655-1,2021-03-26,11.0,504.7578947368411,1,good
9000000655-1,2021-03-26,12.0,530.6946688206762,1,good
9000000655-1,2021-03-26,13.0,562.0608899297414,1,good
9000000655-1,2021-03-26,14.0,487.5878220140508,1,good
9000000655-1,2021-03-26,15.0,232.6479227864042,1,good
9000000655-1,2021-03-26,16.0,383.93351800553984,1,good
9000000655-1,2021-03-26,17.0,213.2158590308374,1,good
9000000655-1,2021-03-27,6.0,214.0366562360302,0,bad
9000000655-1,2021-03-27,7.0,271.7469446441412,0,bad
9000000655-1,2021-03-27,8.0,287.2115760657012,0,bad
9000000655-1,2021-03-27,9.0,478.1679389312989,0,bad
9000000655-1,2021-03-27,10.0,461.60747663551604,0,bad
9000000655-1,2021-03-27,11.0,554.7671840354744,0,bad
9000000655-1,2021-03-27,12.0,488.71892925430313,0,bad
9000000655-1,2021-03-27,13.0,394.8910593538685,0,bad
9000000655-1,2021-03-27,14.0,485.6820744081184,0,bad
9000000655-1,2021-03-27,15.0,375.6041426927491,0,bad
9000000655-1,2021-03-27,16.0,329.22465208747445,0,bad
9000000655-1,2021-03-27,17.0,427.35305416826594,0,bad
9000000655-1,2021-03-28,8.0,163.2195618950591,0,bad
9000000655-1,2021-03-28,9.0,198.90230515916596,0,bad
9000000655-1,2021-03-28,10.0,236.1319340329833,0,bad
9000000655-1,2021-03-28,11.0,273.4346054094105,0,bad
9000000655-1,2021-03-28,12.0,351.7474633596403,0,bad
9000000655-1,2021-03-28,13.0,340.95449500554804,0,bad
9000000655-1,2021-03-28,14.0,418.2352941176455,0,bad
9000000655-1,2021-03-28,15.0,417.2140430351089,0,bad
9000000655-1,2021-03-28,16.0,493.9349112426073,0,bad
9000000655-1,2021-03-28,17.0,480.85106382978466,0,bad
9000000655-1,2021-03-28,18.0,433.35955940204684,0,bad
9000000655-1,2021-03-29,7.0,274.915418076365,1,good
9000000655-1,2021-03-29,8.0,258.682634730538,1,good
9000000655-1,2021-03-29,9.0,308.9497343686147,1,good
9000000655-1,2021-03-29,10.0,480.66561014263107,1,good
9000000655-1,2021-03-29,11.0,663.732928679815,1,good
9000000655-1,2021-03-29,12.0,552.1472392638029,1,good
9000000655-1,2021-03-29,13.0,495.3460137596122,1,good
9000000655-1,2021-03-29,14.0,671.090047393368,1,good
9000000655-1,2021-03-29,15.0,470.250896057349,1,good
9000000655-1,2021-03-29,16.0,241.5521422797089,1,good
9000000655-1,2021-03-29,17.0,372.9803742583281,1,good
9000000655-1,2021-03-29,18.0,340.5198125266308,1,good
9000000655-1,2021-03-30,7.0,196.11486486486478,1,good
9000000655-1,2021-03-30,8.0,207.22689075630208,1,good
9000000655-1,2021-03-30,9.0,118.9591078066915,1,good
9000000655-1,2021-03-30,10.0,325.13281569268486,1,good
9000000655-1,2021-03-30,11.0,559.561920808761,1,good
9000000655-1,2021-03-30,12.0,465.45146248410197,1,good
9000000655-1,2021-03-30,13.0,494.4078947368428,1,good
9000000655-1,2021-03-30,14.0,592.189349112427,1,good
9000000655-1,2021-03-30,15.0,451.06382978723246,1,good
9000000655-1,2021-03-30,16.0,147.239263803681,1,good
9000000655-1,2021-03-30,17.0,291.4051841746243,1,good
9000000655-1,2021-03-30,18.0,197.3534971644611,1,good
9000000655-1,2021-03-31,7.0,425.642994241843,1,good
9000000655-1,2021-03-31,8.0,491.6054158607351,1,good
9000000655-1,2021-03-31,9.0,187.64186633039049,1,good
9000000655-1,2021-03-31,10.0,305.8623619371284,1,good
9000000655-1,2021-03-31,11.0,562.166737198477,1,good
9000000655-1,2021-03-31,12.0,545.636743215029,1,good
9000000655-1,2021-03-31,13.0,394.07407407407436,1,good
9000000655-1,2021-03-31,14.0,596.9133359715067,1,good
9000000655-1,2021-03-31,15.0,281.6625916870418,1,good
9000000655-1,2021-03-31,16.0,221.42566191446028,1,good
9000000655-1,2021-03-31,17.0,346.8331846565576,1,good
9000000655-1,2021-03-31,18.0,230.5418719211823,1,good
9000000655-1,2021-04-01,7.0,667.297887836854,1,good
9000000655-1,2021-04-01,8.0,557.993260950953,1,good
9000000655-1,2021-04-01,9.0,173.4046932894196,1,good
9000000655-1,2021-04-01,10.0,341.907400079144,1,good
9000000655-1,2021-04-01,11.0,516.3695299837921,1,good
9000000655-1,2021-04-01,12.0,450.886175659709,1,good
9000000655-1,2021-04-01,13.0,522.625482625484,1,good
9000000655-1,2021-04-01,14.0,563.219255359156,1,good
9000000655-1,2021-04-01,15.0,407.76699029126087,1,good
9000000655-1,2021-04-01,16.0,476.7567567567586,1,good
9000000655-1,2021-04-01,17.0,281.9923371647509,1,good
9000000655-1,2021-04-01,18.0,259.45945945945954,1,good
9000000655-1,2021-04-02,7.0,629.46305644791,1,good
9000000655-1,2021-04-02,8.0,473.18894697535495,1,good
9000000655-1,2021-04-02,9.0,625.213834139083,1,good
9000000655-1,2021-04-02,10.0,556.3886763580699,1,good
9000000655-1,2021-04-02,11.0,577.674418604654,1,good
9000000655-1,2021-04-02,12.0,540.2046229632439,1,good
9000000655-1,2021-04-02,13.0,559.5428571428553,1,good
9000000655-1,2021-04-02,14.0,573.00509337861,1,good
9000000655-1,2021-04-02,15.0,540.7606607760255,1,good
9000000655-1,2021-04-02,16.0,517.0581440123198,1,good
9000000655-1,2021-04-02,17.0,550.7159005275035,1,good
9000000655-1,2021-04-02,18.0,444.4109898381659,1,good
9000000655-1,2021-04-03,7.0,157.510938259601,0,bad
9000000655-1,2021-04-03,8.0,232.38805970149252,0,bad
9000000655-1,2021-04-03,9.0,264.3818849449201,0,bad
9000000655-1,2021-04-03,10.0,385.12269938650445,0,bad
9000000655-1,2021-04-03,11.0,308.52713178294493,0,bad
9000000655-1,2021-04-03,12.0,351.35341212352284,0,bad
9000000655-1,2021-04-03,13.0,334.65952563121607,0,bad
9000000655-1,2021-04-03,14.0,299.541984732824,0,bad
9000000655-1,2021-04-03,15.0,311.45752143413955,0,bad
9000000655-1,2021-04-03,16.0,329.4117647058824,0,bad
9000000655-1,2021-04-03,17.0,217.8493687418374,0,bad
9000000655-1,2021-04-03,18.0,172.60273972602758,0,bad
9000000655-1,2021-04-04,7.0,83.87824126268325,0,good
9000000655-1,2021-04-04,8.0,146.017699115044,0,good
9000000655-1,2021-04-04,9.0,81.88235294117649,0,good
9000000655-1,2021-04-04,10.0,219.67081493376122,0,good
9000000655-1,2021-04-04,11.0,332.2654462242566,0,good
9000000655-1,2021-04-04,12.0,303.56458413185237,0,good
9000000655-1,2021-04-04,13.0,357.1374479363877,0,good
9000000655-1,2021-04-04,14.0,314.30769230769175,0,good
9000000655-1,2021-04-04,15.0,274.7580044676083,0,good
9000000655-1,2021-04-04,16.0,150.51311288483464,0,good
9000000655-1,2021-04-04,17.0,200.70237050043937,0,good
9000000655-1,2021-04-04,18.0,253.87647831800322,0,good
9000000655-1,2021-04-05,7.0,78.01065719360571,1,bad
9000000655-1,2021-04-05,8.0,113.1024634059263,1,bad
9000000655-1,2021-04-05,9.0,69.00958466453679,1,bad
9000000655-1,2021-04-05,10.0,204.3428571428574,1,bad
9000000655-1,2021-04-05,11.0,382.23938223938296,1,bad
9000000655-1,2021-04-05,12.0,354.1197822141552,1,bad
9000000655-1,2021-04-05,13.0,369.88940420977707,1,bad
9000000655-1,2021-04-05,14.0,396.5217391304341,1,bad
9000000655-1,2021-04-05,15.0,294.6988820771729,1,bad
9000000655-1,2021-04-05,16.0,257.9064587973279,1,bad
9000000655-1,2021-04-05,17.0,430.7937774232179,1,bad
9000000655-1,2021-04-05,18.0,493.7068024736288,1,bad
9000000655-1,2021-04-06,8.0,393.3721450962818,1,bad
9000000655-1,2021-04-06,9.0,339.7326852976903,1,bad
9000000655-1,2021-04-06,10.0,347.1074380165304,1,bad
9000000655-1,2021-04-06,11.0,341.5455241009933,1,bad
9000000655-1,2021-04-06,12.0,370.1447067783705,1,bad
9000000655-1,2021-04-06,13.0,403.5995500562423,1,bad
9000000655-1,2021-04-06,14.0,489.4135567402908,1,bad
9000000655-1,2021-04-06,15.0,536.1702127659579,1,bad
9000000655-1,2021-04-06,16.0,505.90909090909304,1,bad
9000000655-1,2021-04-06,17.0,304.6153846153852,1,bad
9000000655-1,2021-04-06,18.0,172.4459516744382,1,bad
9000000655-1,2021-04-07,7.0,648.791208791213,1,bad
9000000655-1,2021-04-07,8.0,572.759022118744,1,bad
9000000655-1,2021-04-07,9.0,501.29966580022403,1,bad
9000000655-1,2021-04-07,10.0,530.7332293291729,1,bad
9000000655-1,2021-04-07,11.0,523.0769230769239,1,bad
9000000655-1,2021-04-07,12.0,520.661157024793,1,bad
9000000655-1,2021-04-07,13.0,568.848758465014,1,bad
9000000655-1,2021-04-07,14.0,499.8864926220201,1,bad
9000000655-1,2021-04-07,15.0,539.9999999999969,1,bad
9000000655-1,2021-04-07,16.0,516.2264150943413,1,bad
9000000655-1,2021-04-07,17.0,490.8464189965496,1,bad
9000000655-1,2021-04-07,18.0,310.5199516324053,1,bad
9000000655-1,2021-04-08,7.0,650.728862973766,1,bad
9000000655-1,2021-04-08,8.0,604.863669859987,1,bad
9000000655-1,2021-04-08,9.0,205.7571964956196,1,bad
9000000655-1,2021-04-08,10.0,334.27533306418997,1,bad
9000000655-1,2021-04-08,11.0,467.456104532464,1,bad
9000000655-1,2021-04-08,12.0,527.6693455797949,1,bad
9000000655-1,2021-04-08,13.0,543.9635535307494,1,bad
9000000655-1,2021-04-08,14.0,508.14814814814724,1,bad
9000000655-1,2021-04-08,15.0,350.6212424849695,1,bad
9000000655-1,2021-04-08,16.0,173.54581673306822,1,bad
9000000655-1,2021-04-08,17.0,188.58746492048698,1,bad
9000000655-1,2021-04-08,18.0,297.7562692476897,1,bad
9000000655-1,2021-04-09,7.0,650.633828323076,1,good
9000000655-1,2021-04-09,8.0,601.342281879194,1,good
9000000655-1,2021-04-09,9.0,215.5243600330303,1,good
9000000655-1,2021-04-09,10.0,443.58161648177395,1,good
9000000655-1,2021-04-09,11.0,517.3825772782,1,good
9000000655-1,2021-04-09,12.0,525.000000000002,1,good
9000000655-1,2021-04-09,13.0,530.511182108625,1,good
9000000655-1,2021-04-09,14.0,491.174089068824,1,good
9000000655-1,2021-04-09,15.0,448.87406171809766,1,good
9000000655-1,2021-04-09,16.0,411.5085536547442,1,good
9000000655-1,2021-04-09,17.0,405.8236272878518,1,good
9000000655-1,2021-04-09,18.0,422.6327944572745,1,good
9000000655-1,2021-04-10,7.0,183.1802120141338,0,good
9000000655-1,2021-04-10,8.0,258.1570455360344,0,good
9000000655-1,2021-04-10,9.0,344.46043165467586,0,good
9000000655-1,2021-04-10,10.0,428.856825749167,0,good
9000000655-1,2021-04-10,11.0,433.418460415904,0,good
9000000655-1,2021-04-10,12.0,450.983248361253,0,good
9000000655-1,2021-04-10,13.0,435.65217391304253,0,good
9000000655-1,2021-04-10,14.0,362.7906976744186,0,good
9000000655-1,2021-04-10,15.0,263.3158289572399,0,good
9000000655-1,2021-04-10,16.0,142.31927710843388,0,good
9000000655-1,2021-04-10,17.0,176.3919821826283,0,good
9000000655-1,2021-04-10,18.0,324.1915677445758,0,good
9000000655-1,2021-04-11,7.0,108.13050233039871,0,bad
9000000655-1,2021-04-11,8.0,125.9550160656911,0,bad
9000000655-1,2021-04-11,9.0,196.5780851838369,0,bad
9000000655-1,2021-04-11,10.0,259.21052631578976,0,bad
9000000655-1,2021-04-11,11.0,340.0220507166494,0,bad
9000000655-1,2021-04-11,12.0,328.1012658227837,0,bad
9000000655-1,2021-04-11,13.0,374.0944017563114,0,bad
9000000655-1,2021-04-11,14.0,317.1459774299231,0,bad
9000000655-1,2021-04-11,15.0,349.41176470588084,0,bad
9000000655-1,2021-04-11,16.0,373.4494015233949,0,bad
9000000655-1,2021-04-11,17.0,453.35320417287824,0,bad
9000000655-1,2021-04-11,18.0,443.2634730538932,0,bad
9000000655-1,2021-04-12,8.0,774.773354355542,1,bad
9000000655-1,2021-04-12,9.0,492.807424593969,1,bad
9000000655-1,2021-04-12,10.0,556.7710298000741,1,bad
9000000655-1,2021-04-12,11.0,619.1170825335879,1,bad
9000000655-1,2021-04-12,12.0,613.094310210442,1,bad
9000000655-1,2021-04-12,13.0,676.99421965318,1,bad
9000000655-1,2021-04-12,14.0,665.172013915731,1,bad
9000000655-1,2021-04-12,15.0,634.1310317771711,1,bad
9000000655-1,2021-04-12,16.0,504.67289719626297,1,bad
9000000655-1,2021-04-12,17.0,534.449942900645,1,bad
9000000655-1,2021-04-12,18.0,542.9864253393649,1,bad
9000000655-1,2021-04-13,7.0,1028.071879553177,1,bad
9000000655-1,2021-04-13,8.0,754.662623199394,1,bad
9000000655-1,2021-04-13,9.0,669.8920729438071,1,bad
9000000655-1,2021-04-13,10.0,593.925759280088,1,bad
9000000655-1,2021-04-13,11.0,561.4302015975661,1,bad
9000000655-1,2021-04-13,12.0,604.10022779043,1,bad
9000000655-1,2021-04-13,13.0,574.173712528823,1,bad
9000000655-1,2021-04-13,14.0,597.6833976834,1,bad
9000000655-1,2021-04-13,15.0,700.811123986092,1,bad
9000000655-1,2021-04-13,16.0,633.307271305705,1,bad
9000000655-1,2021-04-13,17.0,627.890895121011,1,bad
9000000655-1,2021-04-13,18.0,518.5860889395652,1,bad
9000000655-1,2021-04-14,7.0,1026.621160409551,1,good
9000000655-1,2021-04-14,8.0,845.011600928072,1,good
9000000655-1,2021-04-14,9.0,355.5743959304784,1,good
9000000655-1,2021-04-14,10.0,511.42061281337,1,good
9000000655-1,2021-04-14,11.0,627.602905569007,1,good
9000000655-1,2021-04-14,12.0,578.3419278064297,1,good
9000000655-1,2021-04-14,13.0,579.069767441863,1,good
9000000655-1,2021-04-14,14.0,657.7981651376122,1,good
9000000655-1,2021-04-14,15.0,693.9759036144522,1,good
9000000655-1,2021-04-14,16.0,585.0,1,good
9000000655-1,2021-04-14,17.0,380.5758487322741,1,good
9000000655-1,2021-04-14,18.0,591.6083916083885,1,good
9000000655-1,2021-04-15,7.0,1030.2940081875772,1,good
9000000655-1,2021-04-15,8.0,812.0610687022881,1,good
9000000655-1,2021-04-15,9.0,294.1276595744684,1,good
9000000655-1,2021-04-15,10.0,579.943616592829,1,good
9000000655-1,2021-04-15,11.0,595.724465558196,1,good
9000000655-1,2021-04-15,12.0,648.421052631577,1,good
9000000655-1,2021-04-15,13.0,541.9504643962824,1,good
9000000655-1,2021-04-15,14.0,710.281857880116,1,good
9000000655-1,2021-04-15,15.0,577.2337821297422,1,good
9000000655-1,2021-04-15,16.0,522.9050279329638,1,good
9000000655-1,2021-04-15,17.0,574.8616600790488,1,good
9000000655-1,2021-04-15,18.0,384.5653939886261,1,good
9000000655-1,2021-04-15,19.0,515.2606635071062,1,good
9000000655-1,2021-04-16,7.0,992.8251121076169,1,good
9000000655-1,2021-04-16,8.0,889.52676493405,1,good
9000000655-1,2021-04-16,9.0,302.2556390977446,1,good
9000000655-1,2021-04-16,10.0,648.582995951414,1,good
9000000655-1,2021-04-16,11.0,666.441251056634,1,good
9000000655-1,2021-04-16,12.0,598.564593301433,1,good
9000000655-1,2021-04-16,13.0,585.436893203882,1,good
9000000655-1,2021-04-16,14.0,636.370746969101,1,good
9000000655-1,2021-04-16,15.0,372.97969332780707,1,good
9000000655-1,2021-04-16,16.0,284.1322314049583,1,good
9000000655-1,2021-04-16,17.0,446.9798657718108,1,good
9000000655-1,2021-04-16,18.0,442.4416222859502,1,good
9000000655-1,2021-04-16,19.0,569.0998656515875,1,good
9000000655-1,2021-04-17,7.0,258.6979722518669,0,good
9000000655-1,2021-04-17,8.0,299.45984875765373,0,good
9000000655-1,2021-04-17,9.0,515.2126892573867,0,good
9000000655-1,2021-04-17,10.0,470.5366922234412,0,good
9000000655-1,2021-04-17,11.0,496.05157131345703,0,good
9000000655-1,2021-04-17,12.0,511.62102146558243,0,good
9000000655-1,2021-04-17,13.0,474.7399702823203,0,good
9000000655-1,2021-04-17,14.0,455.09433962264353,0,good
9000000655-1,2021-04-17,15.0,293.6555891238674,0,good
9000000655-1,2021-04-17,16.0,406.666666666666,0,good
9000000655-1,2021-04-17,17.0,420.7601144258284,0,good
9000000655-1,2021-04-17,18.0,392.0374707259946,0,good
9000000655-1,2021-04-17,19.0,372.85714285714266,0,good
9000000655-1,2021-04-18,7.0,109.45054945054926,0,bad
9000000655-1,2021-04-18,8.0,150.7516105941304,0,bad
9000000655-1,2021-04-18,9.0,225.3200568990038,0,bad
9000000655-1,2021-04-18,10.0,318.9873417721516,0,bad
9000000655-1,2021-04-18,11.0,383.8427947598237,0,bad
9000000655-1,2021-04-18,12.0,444.26647251546933,0,bad
9000000655-1,2021-04-18,13.0,432.05268935235915,0,bad
9000000655-1,2021-04-18,14.0,364.82084690553694,0,bad
9000000655-1,2021-04-18,15.0,365.8107116654439,0,bad
9000000655-1,2021-04-18,16.0,461.77663103575685,0,bad
9000000655-1,2021-04-18,17.0,461.1906556141655,0,bad
9000000655-1,2021-04-18,18.0,534.6666666666633,0,bad
9000000655-1,2021-04-18,19.0,500.2145922746801,0,bad
9000000655-1,2021-04-19,7.0,1047.906976744195,1,bad
9000000655-1,2021-04-19,8.0,793.700787401579,1,bad
9000000655-1,2021-04-19,9.0,614.701378254214,1,bad
9000000655-1,2021-04-19,10.0,657.5217885562699,1,bad
9000000655-1,2021-04-19,11.0,618.856493752366,1,bad
9000000655-1,2021-04-19,12.0,704.256149941432,1,bad
9000000655-1,2021-04-19,13.0,604.9122807017524,1,bad
9000000655-1,2021-04-19,14.0,605.11231603408,1,bad
9000000655-1,2021-04-19,15.0,715.7563850687641,1,bad
9000000655-1,2021-04-19,16.0,540.0722021660677,1,bad
9000000655-1,2021-04-19,17.0,559.4202898550683,1,bad
9000000655-1,2021-04-20,7.0,1033.4341906202787,1,bad
9000000655-1,2021-04-20,8.0,975.085714285723,1,bad
9000000655-1,2021-04-20,9.0,715.6130997715139,1,bad
9000000655-1,2021-04-20,10.0,630.246189917938,1,bad
9000000655-1,2021-04-20,11.0,644.121116791189,1,bad
9000000655-1,2021-04-20,12.0,586.469673405911,1,bad
9000000655-1,2021-04-20,13.0,564.137931034479,1,bad
9000000655-1,2021-04-20,14.0,654.4099378881972,1,bad
9000000655-1,2021-04-20,15.0,595.754716981136,1,bad
9000000655-1,2021-04-20,16.0,476.32763276327603,1,bad
9000000655-1,2021-04-20,17.0,324.3396226415099,1,bad
9000000655-1,2021-04-20,18.0,381.4360770577926,1,bad
9000000655-1,2021-04-20,19.0,466.6362391601992,1,bad
9000000655-1,2021-04-21,8.0,826.794258373209,1,bad
9000000655-1,2021-04-21,9.0,431.47699757869265,1,bad
9000000655-1,2021-04-21,10.0,619.6261682243,1,bad
9000000655-1,2021-04-21,11.0,604.017329657343,1,bad
9000000655-1,2021-04-21,12.0,562.274729675608,1,bad
9000000655-1,2021-04-21,13.0,528.213419563457,1,bad
9000000655-1,2021-04-21,14.0,723.682140047207,1,bad
9000000655-1,2021-04-21,15.0,416.77852348993247,1,bad
9000000655-1,2021-04-21,16.0,347.8481012658226,1,bad
9000000655-1,2021-04-21,17.0,503.75939849624143,1,bad
9000000655-1,2021-04-21,18.0,520.7272727272716,1,bad
9000000655-1,2021-04-21,19.0,487.3754152823925,1,bad
9000000655-1,2021-04-22,6.0,864.0756302521054,1,good
9000000655-1,2021-04-22,7.0,1030.5187429004282,1,good
9000000655-1,2021-04-22,8.0,661.8301731244841,1,good
9000000655-1,2021-04-22,9.0,467.357942762339,1,good
9000000655-1,2021-04-22,10.0,538.4121892542121,1,good
9000000655-1,2021-04-22,11.0,637.559429477022,1,good
9000000655-1,2021-04-22,12.0,633.622730860298,1,good
9000000655-1,2021-04-22,13.0,716.417910447761,1,good
9000000655-1,2021-04-22,14.0,716.253002401926,1,good
9000000655-1,2021-04-22,15.0,637.155413503799,1,good
9000000655-1,2021-04-22,16.0,609.917355371899,1,good
9000000655-1,2021-04-22,17.0,331.7647058823514,1,good
9000000655-1,2021-04-22,18.0,378.5567010309266,1,good
9000000655-1,2021-04-22,19.0,537.2467961967753,1,good
9000000655-1,2021-04-23,6.0,1045.378151260498,1,good
9000000655-1,2021-04-23,7.0,1049.538461538451,1,good
9000000655-1,2021-04-23,8.0,885.030425963483,1,good
9000000655-1,2021-04-23,9.0,750.3649635036529,1,good
9000000655-1,2021-04-23,10.0,539.568345323742,1,good
9000000655-1,2021-04-23,11.0,680.082135523618,1,good
9000000655-1,2021-04-23,12.0,735.927898402297,1,good
9000000655-1,2021-04-23,13.0,627.4206041828023,1,good
9000000655-1,2021-04-23,14.0,695.5835962145129,1,good
9000000655-1,2021-04-23,15.0,321.96280174119494,1,good
9000000655-1,2021-04-23,16.0,334.1710579651402,1,good
9000000655-1,2021-04-23,17.0,452.8397139251183,1,good
9000000655-1,2021-04-23,18.0,391.3718723037117,1,good
9000000655-1,2021-04-23,19.0,528.275862068961,1,good
9000000655-1,2021-04-24,6.0,153.44262295081998,0,good
9000000655-1,2021-04-24,7.0,311.0953058321466,0,good
9000000655-1,2021-04-24,8.0,353.5345815819649,0,good
9000000655-1,2021-04-24,9.0,236.7281475541304,0,good
9000000655-1,2021-04-24,10.0,461.22448979591803,0,good
9000000655-1,2021-04-24,11.0,493.6592818945771,0,good
9000000655-1,2021-04-24,12.0,506.65652339292467,0,good
9000000655-1,2021-04-24,13.0,455.1419093254723,0,good
9000000655-1,2021-04-24,14.0,457.9362101313351,0,good
9000000655-1,2021-04-24,15.0,263.1578947368431,0,good
9000000655-1,2021-04-24,16.0,195.74144486692032,0,good
9000000655-1,2021-04-24,17.0,309.3525179856116,0,good
9000000655-1,2021-04-24,18.0,298.3675177898697,0,good
9000000655-1,2021-04-24,19.0,443.2887189292549,0,good
9000000655-1,2021-04-25,6.0,82.6923076923076,0,good
9000000655-1,2021-04-25,7.0,120.7356653443927,0,good
9000000655-1,2021-04-25,8.0,166.6023910528348,0,good
9000000655-1,2021-04-25,9.0,138.51481338976555,0,good
9000000655-1,2021-04-25,10.0,313.3333333333344,0,good
9000000655-1,2021-04-25,11.0,385.3437628653781,0,good
9000000655-1,2021-04-25,12.0,380.9593555474204,0,good
9000000655-1,2021-04-25,13.0,379.29759704251427,0,good
9000000655-1,2021-04-25,14.0,419.1599115696406,0,good
9000000655-1,2021-04-25,15.0,318.1647235802929,0,good
9000000655-1,2021-04-25,16.0,267.5580023594188,0,good
9000000655-1,2021-04-25,17.0,366.3520722199427,0,good
9000000655-1,2021-04-25,18.0,402.1121039805033,0,good
9000000655-1,2021-04-25,19.0,514.6747352496237,0,good
9000000655-1,2021-04-26,6.0,617.0970614425668,1,bad
9000000655-1,2021-04-26,7.0,536.3973313565618,1,bad
9000000655-1,2021-04-26,8.0,597.1830985915476,1,bad
9000000655-1,2021-04-26,9.0,645.5755677368851,1,bad
9000000655-1,2021-04-26,10.0,612.060301507535,1,bad
9000000655-1,2021-04-26,11.0,640.0610454025169,1,bad
9000000655-1,2021-04-26,12.0,695.872496935024,1,bad
9000000655-1,2021-04-26,13.0,600.465477114038,1,bad
9000000655-1,2021-04-26,14.0,590.425531914892,1,bad
9000000655-1,2021-04-26,15.0,610.3806228373663,1,bad
9000000655-1,2021-04-26,16.0,564.3564356435608,1,bad
9000000655-1,2021-04-26,17.0,522.0749716016655,1,bad
9000000655-1,2021-04-26,18.0,530.9932785660911,1,bad
9000000655-1,2021-04-26,19.0,423.9708181344447,1,bad
9000000655-1,2021-04-27,7.0,174.1324921135642,1,bad
9000000655-1,2021-04-27,8.0,193.7677053824358,1,bad
9000000655-1,2021-04-27,9.0,237.91982665222127,1,bad
9000000655-1,2021-04-27,10.0,367.3469387755101,1,bad
9000000655-1,2021-04-27,11.0,423.3747260774299,1,bad
9000000655-1,2021-04-27,12.0,338.4839650145767,1,bad
9000000655-1,2021-04-27,13.0,423.60801781737297,1,bad
9000000655-1,2021-04-27,14.0,447.1380471380462,1,bad
9000000655-1,2021-04-27,15.0,457.71812080536944,1,bad
9000000655-1,2021-04-27,16.0,475.5739555890119,1,bad
9000000655-1,2021-04-27,17.0,531.0166358595184,1,bad
9000000655-1,2021-04-27,18.0,452.2133938706007,1,bad
9000000655-1,2021-04-28,7.0,920.209580838325,1,good
9000000655-1,2021-04-28,8.0,725.571112748714,1,good
9000000655-1,2021-04-28,9.0,605.693430656937,1,good
9000000655-1,2021-04-28,10.0,698.95916733387,1,good
9000000655-1,2021-04-28,11.0,678.384798099764,1,good
9000000655-1,2021-04-28,12.0,665.724381625444,1,good
9000000655-1,2021-04-28,13.0,549.272512780179,1,good
9000000655-1,2021-04-28,14.0,585.57692307692,1,good
9000000655-1,2021-04-28,15.0,663.2390745501309,1,good
9000000655-1,2021-04-28,16.0,577.921552769917,1,good
9000000655-1,2021-04-28,17.0,627.334851936216,1,good
9000000655-1,2021-04-28,18.0,529.0178571428582,1,good
9000000655-1,2021-04-29,7.0,776.335877862594,1,good
9000000655-1,2021-04-29,8.0,764.489636292526,1,good
9000000655-1,2021-04-29,9.0,660.6342494714609,1,good
9000000655-1,2021-04-29,10.0,580.3353658536591,1,good
9000000655-1,2021-04-29,11.0,630.9133489461352,1,good
9000000655-1,2021-04-29,12.0,633.027522935778,1,good
9000000655-1,2021-04-29,13.0,572.8527607361999,1,good
9000000655-1,2021-04-29,14.0,509.33867735471097,1,good
9000000655-1,2021-04-29,15.0,589.3491124260358,1,good
9000000655-1,2021-04-29,16.0,481.3953488372099,1,good
9000000655-1,2021-04-29,17.0,541.6879795396449,1,good
9000000655-1,2021-04-29,18.0,471.61572052401914,1,good
9000000655-1,2021-04-29,19.0,477.5359342915845,1,good
9000000655-1,2021-04-30,7.0,796.15384615384,1,bad
9000000655-1,2021-04-30,8.0,731.572904707234,1,bad
9000000655-1,2021-04-30,9.0,526.3250883392254,1,bad
9000000655-1,2021-04-30,10.0,638.5412349772057,1,bad
9000000655-1,2021-04-30,11.0,735.830618892503,1,bad
9000000655-1,2021-04-30,12.0,649.860834990062,1,bad
9000000655-1,2021-04-30,13.0,548.40294840295,1,bad
9000000655-1,2021-04-30,14.0,590.7692307692321,1,bad
9000000655-1,2021-04-30,15.0,506.5246338215734,1,bad
9000000655-1,2021-04-30,16.0,464.9558266722791,1,bad
9000000655-1,2021-04-30,17.0,596.5964343598054,1,bad
9000000655-1,2021-04-30,18.0,509.52564596992124,1,bad
9000000655-1,2021-04-30,19.0,371.3240673006595,1,bad
9000000655-1,2021-05-01,6.0,89.04051172707887,0,good
9000000655-1,2021-05-01,7.0,164.33666191155447,0,good
9000000655-1,2021-05-01,8.0,205.3429602888082,0,good
9000000655-1,2021-05-01,9.0,257.14285714285785,0,good
9000000655-1,2021-05-01,10.0,359.610530111792,0,good
9000000655-1,2021-05-01,11.0,418.4837545126364,0,good
9000000655-1,2021-05-01,12.0,439.53488372092806,0,good
9000000655-1,2021-05-01,13.0,398.22419533851007,0,good
9000000655-1,2021-05-01,14.0,407.2992700729943,0,good
9000000655-1,2021-05-01,15.0,378.1335415853192,0,good
9000000655-1,2021-05-01,16.0,406.7340067340056,0,good
9000000655-1,2021-05-01,17.0,450.0,0,good
9000000655-1,2021-05-01,18.0,436.6986564299409,0,good
9000000655-1,2021-05-01,19.0,519.0635451505026,0,good
9000000655-1,2021-05-02,7.0,89.1153986166727,0,bad
9000000655-1,2021-05-02,8.0,164.9560117302048,0,bad
9000000655-1,2021-05-02,9.0,270.6569343065692,0,bad
9000000655-1,2021-05-02,10.0,311.7798165137608,0,bad
9000000655-1,2021-05-02,11.0,422.7474150664694,0,bad
9000000655-1,2021-05-02,12.0,377.8931750741834,0,bad
9000000655-1,2021-05-02,13.0,356.5844402277053,0,bad
9000000655-1,2021-05-02,14.0,367.9031037093097,0,bad
9000000655-1,2021-05-02,15.0,412.9371944339961,0,bad
9000000655-1,2021-05-02,16.0,520.6779661016972,0,bad
9000000655-1,2021-05-02,17.0,587.837837837839,0,bad
9000000655-1,2021-05-02,18.0,582.7401267674286,0,bad
9000000655-1,2021-05-03,8.0,984.122017989826,1,good
9000000655-1,2021-05-03,9.0,720.594304581102,1,good
9000000655-1,2021-05-03,10.0,640.06677796327,1,good
9000000655-1,2021-05-03,11.0,565.445026178013,1,good
9000000655-1,2021-05-03,12.0,475.126903553299,1,good
9000000655-1,2021-05-03,13.0,589.54703832753,1,good
9000000655-1,2021-05-03,14.0,556.53864851726,1,good
9000000655-1,2021-05-03,15.0,393.21148825065194,1,good
9000000655-1,2021-05-03,16.0,403.2618025751079,1,good
9000000655-1,2021-05-03,17.0,447.3372781065066,1,good
9000000655-1,2021-05-03,18.0,448.02804557405653,1,good
9000000655-1,2021-05-03,19.0,469.80694980695193,1,good
9000000655-1,2021-05-04,6.0,1031.4365300437812,1,good
9000000655-1,2021-05-04,7.0,1075.307262569827,1,good
9000000655-1,2021-05-04,8.0,744.926382809392,1,good
9000000655-1,2021-05-04,9.0,535.8552631578959,1,good
9000000655-1,2021-05-04,10.0,592.38699444885,1,good
9000000655-1,2021-05-04,11.0,658.354114713217,1,good
9000000655-1,2021-05-04,12.0,699.2164948453591,1,good
9000000655-1,2021-05-04,13.0,627.04918032787,1,good
9000000655-1,2021-05-04,14.0,561.020326823437,1,good
9000000655-1,2021-05-04,15.0,333.333333333334,1,good
9000000655-1,2021-05-04,16.0,361.5062761506292,1,good
9000000655-1,2021-05-04,17.0,407.6376554174083,1,good
9000000655-1,2021-05-04,18.0,436.5079365079356,1,good
9000000655-1,2021-05-04,19.0,497.6832510444371,1,good
9000000655-1,2021-05-05,6.0,976.829268292684,1,bad
9000000655-1,2021-05-05,7.0,1106.651634723792,1,bad
9000000655-1,2021-05-05,8.0,986.3799283154192,1,bad
9000000655-1,2021-05-05,9.0,600.2458009012724,1,bad
9000000655-1,2021-05-05,10.0,689.0019569471631,1,bad
9000000655-1,2021-05-05,11.0,706.7213114754101,1,bad
9000000655-1,2021-05-05,12.0,667.4157303370821,1,bad
9000000655-1,2021-05-05,13.0,689.246908954668,1,bad
9000000655-1,2021-05-05,14.0,715.8461538461481,1,bad
9000000655-1,2021-05-05,15.0,591.9137466307247,1,bad
9000000655-1,2021-05-05,16.0,700.421294523165,1,bad
9000000655-1,2021-05-05,17.0,729.420560747662,1,bad
9000000655-1,2021-05-05,18.0,634.4150943396254,1,bad
9000000655-1,2021-05-05,19.0,492.7982407916419,1,bad
9000000655-1,2021-05-06,7.0,1123.175416133156,1,bad
9000000655-1,2021-05-06,8.0,726.8181818181849,1,bad
9000000655-1,2021-05-06,9.0,800.459242250289,1,bad
9000000655-1,2021-05-06,10.0,763.4756995581699,1,bad
9000000655-1,2021-05-06,11.0,658.1679389312981,1,bad
9000000655-1,2021-05-06,12.0,719.1717791411079,1,bad
9000000655-1,2021-05-06,13.0,718.6491557223301,1,bad
9000000655-1,2021-05-06,14.0,657.415173465499,1,bad
9000000655-1,2021-05-06,15.0,759.2677345537791,1,bad
9000000655-1,2021-05-06,16.0,825.000000000006,1,bad
9000000655-1,2021-05-06,17.0,704.5790251107791,1,bad
9000000655-1,2021-05-06,18.0,596.8205904617689,1,bad
9000000655-1,2021-05-06,19.0,531.9983980776909,1,bad
9000000655-1,2021-05-07,7.0,1049.886963074599,1,bad
9000000655-1,2021-05-07,8.0,976.4749536178031,1,bad
9000000655-1,2021-05-07,9.0,750.457317073172,1,bad
9000000655-1,2021-05-07,10.0,735.172413793098,1,bad
9000000655-1,2021-05-07,11.0,747.302580140732,1,bad
9000000655-1,2021-05-07,12.0,736.080092414322,1,bad
9000000655-1,2021-05-07,13.0,658.152793614594,1,bad
9000000655-1,2021-05-07,14.0,579.81796596755,1,bad
9000000655-1,2021-05-07,15.0,580.0547516621009,1,bad
9000000655-1,2021-05-07,16.0,717.5115207373279,1,bad
9000000655-1,2021-05-07,19.0,421.1375554659134,1,bad
9000000655-1,2021-05-08,6.0,264.66403162055326,0,good
9000000655-1,2021-05-08,7.0,318.5158758473069,0,good
9000000655-1,2021-05-08,8.0,347.10365853658624,0,good
9000000655-1,2021-05-08,9.0,399.38366718027817,0,good
9000000655-1,2021-05-08,10.0,441.162608012569,0,good
9000000655-1,2021-05-08,11.0,471.015052103432,0,good
9000000655-1,2021-05-08,12.0,482.6433725788089,0,good
9000000655-1,2021-05-08,13.0,434.4827586206881,0,good
9000000655-1,2021-05-08,14.0,470.0180831826413,0,good
9000000655-1,2021-05-08,15.0,252.72394881170123,0,good
9000000655-1,2021-05-08,16.0,213.42116097159362,0,good
9000000655-1,2021-05-08,17.0,320.7096027767082,0,good
9000000655-1,2021-05-08,18.0,397.44,0,good
9000000655-1,2021-05-08,19.0,415.88921282799026,0,good
9000000655-1,2021-05-09,6.0,83.5642081617372,0,good
9000000655-1,2021-05-09,7.0,164.79344994417582,0,good
9000000655-1,2021-05-09,8.0,161.4664586583459,0,good
9000000655-1,2021-05-09,9.0,173.0379271498311,0,good
9000000655-1,2021-05-09,10.0,343.531093638313,0,good
9000000655-1,2021-05-09,11.0,398.543335761108,0,good
9000000655-1,2021-05-09,12.0,435.221941537349,0,good
9000000655-1,2021-05-09,13.0,417.4099179450609,0,good
9000000655-1,2021-05-09,14.0,462.4911032028458,0,good
9000000655-1,2021-05-09,15.0,351.8301610541724,0,good
9000000655-1,2021-05-09,16.0,257.9226686884002,0,good
9000000655-1,2021-05-09,17.0,355.9485530546633,0,good
9000000655-1,2021-05-09,18.0,369.46959896507224,0,good
9000000655-1,2021-05-09,19.0,658.7973273942091,0,good
9000000655-1,2021-05-10,6.0,940.4682274247511,1,good
9000000655-1,2021-05-10,7.0,1076.117103235739,1,good
9000000655-1,2021-05-10,8.0,934.851936218674,1,good
9000000655-1,2021-05-10,9.0,617.61058288549,1,good
9000000655-1,2021-05-10,10.0,620.292504570383,1,good
9000000655-1,2021-05-10,11.0,582.580645161291,1,good
9000000655-1,2021-05-10,12.0,669.7674418604661,1,good
9000000655-1,2021-05-10,13.0,631.257941550187,1,good
9000000655-1,2021-05-10,14.0,603.687445127303,1,good
9000000655-1,2021-05-10,15.0,503.03766707168705,1,good
9000000655-1,2021-05-10,16.0,377.7400169923537,1,good
9000000655-1,2021-05-10,17.0,447.4664356864428,1,good
9000000655-1,2021-05-10,18.0,423.893425010744,1,good
9000000655-1,2021-05-10,19.0,493.0581613508464,1,good
9000000655-1,2021-05-11,6.0,956.5283593452541,1,good
9000000655-1,2021-05-11,7.0,1047.5350701402742,1,good
9000000655-1,2021-05-11,8.0,760.627916843443,1,good
9000000655-1,2021-05-11,9.0,511.55573703552295,1,good
9000000655-1,2021-05-11,10.0,637.059492231907,1,good
9000000655-1,2021-05-11,11.0,631.8862275449119,1,good
9000000655-1,2021-05-11,12.0,647.698744769874,1,good
9000000655-1,2021-05-11,13.0,570.7485604606501,1,good
9000000655-1,2021-05-11,14.0,566.0801198053141,1,good
9000000655-1,2021-05-11,15.0,459.7701149425296,1,good
9000000655-1,2021-05-11,16.0,539.7805770012212,1,good
9000000655-1,2021-05-11,17.0,541.6630004399452,1,good
9000000655-1,2021-05-11,18.0,596.3459196102283,1,good
9000000655-1,2021-05-11,19.0,528.8702928870277,1,good
9000000655-1,2021-05-12,7.0,1098.0273141122939,1,good
9000000655-1,2021-05-12,8.0,964.411419632375,1,good
9000000655-1,2021-05-12,9.0,736.9760479041929,1,good
9000000655-1,2021-05-12,10.0,679.8967170785689,1,good
9000000655-1,2021-05-12,11.0,697.466467958274,1,good
9000000655-1,2021-05-12,12.0,594.320333207118,1,good
9000000655-1,2021-05-12,13.0,700.8849557522101,1,good
9000000655-1,2021-05-12,14.0,752.5195968644989,1,good
9000000655-1,2021-05-12,15.0,554.0603248259889,1,good
9000000655-1,2021-05-12,16.0,657.250187828699,1,good
9000000655-1,2021-05-12,17.0,735.756676557861,1,good
9000000655-1,2021-05-12,18.0,475.845790715972,1,good
9000000655-1,2021-05-12,19.0,509.9337748344387,1,good
9000000655-1,2021-05-13,6.0,1109.774436090232,1,good
9000000655-1,2021-05-13,7.0,1074.310915104738,1,good
9000000655-1,2021-05-13,8.0,963.737486095669,1,good
9000000655-1,2021-05-13,9.0,658.6707410236841,1,good
9000000655-1,2021-05-13,11.0,744.620517097582,1,good
9000000655-1,2021-05-13,12.0,673.940345368915,1,good
9000000655-1,2021-05-13,13.0,717.888563049852,1,good
9000000655-1,2021-05-13,14.0,710.313901345289,1,good
9000000655-1,2021-05-13,15.0,448.3985765124535,1,good
9000000655-1,2021-05-13,16.0,627.495908346969,1,good
9000000655-1,2021-05-13,17.0,665.498007968128,1,good
9000000655-1,2021-05-13,18.0,581.29175946548,1,good
9000000655-1,2021-05-13,19.0,514.8429035752961,1,good
9000000655-1,2021-05-14,6.0,1043.064729194195,1,bad
9000000655-1,2021-05-14,7.0,1042.2099447513829,1,bad
9000000655-1,2021-05-14,8.0,902.666666666669,1,bad
9000000655-1,2021-05-14,9.0,822.555840351524,1,bad
9000000655-1,2021-05-14,10.0,798.816568047343,1,bad
9000000655-1,2021-05-14,11.0,719.7314434912379,1,bad
9000000655-1,2021-05-14,12.0,790.743550834595,1,bad
9000000655-1,2021-05-14,13.0,756.687898089176,1,bad
9000000655-1,2021-05-14,14.0,667.56032171582,1,bad
9000000655-1,2021-05-14,15.0,636.272622256446,1,bad
9000000655-1,2021-05-14,16.0,662.9784009094341,1,bad
9000000655-1,2021-05-14,17.0,652.1538461538403,1,bad
9000000655-1,2021-05-14,18.0,597.771173848442,1,bad
9000000655-1,2021-05-14,19.0,457.5250836120408,1,bad
9000000655-1,2021-05-15,6.0,219.0307746727985,0,good
9000000655-1,2021-05-15,7.0,302.51046025104597,0,good
9000000655-1,2021-05-15,8.0,426.26480086113975,0,good
9000000655-1,2021-05-15,9.0,449.82698961937604,0,good
9000000655-1,2021-05-15,10.0,500.0000000000009,0,good
9000000655-1,2021-05-15,11.0,547.200000000002,0,good
9000000655-1,2021-05-15,12.0,508.69565217391045,0,good
9000000655-1,2021-05-15,13.0,415.3846153846165,0,good
9000000655-1,2021-05-15,14.0,491.58807996982085,0,good
9000000655-1,2021-05-15,15.0,383.2864604258747,0,good
9000000655-1,2021-05-15,16.0,268.7569988801788,0,good
9000000655-1,2021-05-15,17.0,416.2888974260455,0,good
9000000655-1,2021-05-15,18.0,396.9788519637462,0,good
9000000655-1,2021-05-15,19.0,460.5710155402996,0,good
9000000655-1,2021-05-16,7.0,124.57182803215662,0,good
9000000655-1,2021-05-16,8.0,215.2104704633889,0,good
9000000655-1,2021-05-16,9.0,267.8765880217783,0,good
9000000655-1,2021-05-16,10.0,359.3559928443645,0,good
9000000655-1,2021-05-16,11.0,370.4579025110782,0,good
9000000655-1,2021-05-16,12.0,455.5661274976204,0,good
9000000655-1,2021-05-16,13.0,387.3318872017331,0,good
9000000655-1,2021-05-16,14.0,419.8062432723347,0,good
9000000655-1,2021-05-16,15.0,441.3152251608279,0,good
9000000655-1,2021-05-16,16.0,503.64124185511594,0,good
9000000655-1,2021-05-16,17.0,563.886874546769,0,good
9000000655-1,2021-05-16,18.0,591.12233850595,0,good
9000000655-1,2021-05-16,19.0,554.4891640866861,0,good
9000000655-1,2021-05-17,7.0,1021.978021978023,1,good
9000000655-1,2021-05-17,8.0,940.2676864244711,1,good
9000000655-1,2021-05-17,9.0,719.73194341027,1,good
9000000655-1,2021-05-17,10.0,585.2017937219711,1,good
9000000655-1,2021-05-17,11.0,666.1732050333089,1,good
9000000655-1,2021-05-17,12.0,621.4598540146002,1,good
9000000655-1,2021-05-17,13.0,732.719911667278,1,good
9000000655-1,2021-05-17,14.0,449.6593489780458,1,good
9000000655-1,2021-05-17,15.0,334.5512311358225,1,good
9000000655-1,2021-05-17,16.0,409.1236494597821,1,good
9000000655-1,2021-05-17,17.0,657.9598145285938,1,good
9000000655-1,2021-05-17,18.0,449.070631970259,1,good
9000000655-1,2021-05-17,19.0,420.905923344948,1,good
9000000655-1,2021-05-18,6.0,1044.285175405502,1,good
9000000655-1,2021-05-18,7.0,990.753549326534,1,good
9000000655-1,2021-05-18,8.0,977.237569060774,1,good
9000000655-1,2021-05-18,9.0,719.735391400219,1,good
9000000655-1,2021-05-18,10.0,654.281098546041,1,good
9000000655-1,2021-05-18,11.0,554.5691906005239,1,good
9000000655-1,2021-05-18,12.0,671.8738265114549,1,good
9000000655-1,2021-05-18,13.0,591.8367346938741,1,good
9000000655-1,2021-05-18,14.0,633.246560059499,1,good
9000000655-1,2021-05-18,15.0,448.5804416403795,1,good
9000000655-1,2021-05-18,16.0,474.4622604614759,1,good
9000000655-1,2021-05-18,17.0,642.011605415861,1,good
9000000655-1,2021-05-18,18.0,396.75352413498626,1,good
9000000655-1,2021-05-18,19.0,520.4483958252792,1,good
9000000655-1,2021-05-19,7.0,1011.402850712676,1,bad
9000000655-1,2021-05-19,8.0,836.793893129772,1,bad
9000000655-1,2021-05-19,9.0,786.176470588235,1,bad
9000000655-1,2021-05-19,10.0,720.535714285716,1,bad
9000000655-1,2021-05-19,11.0,592.405063291136,1,bad
9000000655-1,2021-05-19,12.0,773.442745244316,1,bad
9000000655-1,2021-05-19,13.0,718.41526045488,1,bad
9000000655-1,2021-05-19,14.0,672.160356347441,1,bad
9000000655-1,2021-05-19,15.0,564.886613021216,1,bad
9000000655-1,2021-05-19,16.0,659.7665369649841,1,bad
9000000655-1,2021-05-19,17.0,630.7391474384006,1,bad
9000000655-1,2021-05-19,18.0,620.2346041055699,1,bad
9000000655-1,2021-05-19,19.0,514.6542457900364,1,bad
9000000655-1,2021-05-20,6.0,1040.63678257227,1,good
9000000655-1,2021-05-20,7.0,1139.732142857135,1,good
9000000655-1,2021-05-20,8.0,658.723404255316,1,good
9000000655-1,2021-05-20,9.0,507.305389221556,1,good
9000000655-1,2021-05-20,10.0,577.821011673152,1,good
9000000655-1,2021-05-20,12.0,621.276595744678,1,good
9000000655-1,2021-05-20,13.0,679.3103448275866,1,good
9000000655-1,2021-05-20,14.0,695.714285714288,1,good
9000000655-1,2021-05-20,15.0,447.2945891783571,1,good
9000000655-1,2021-05-20,16.0,564.905203711172,1,good
9000000655-1,2021-05-20,17.0,532.1601407831038,1,good
9000000655-1,2021-05-20,18.0,406.4516129032266,1,good
9000000655-1,2021-05-20,19.0,411.4689709348011,1,good
9000000655-1,2021-05-21,6.0,922.282023681387,1,
9000000655-1,2021-05-21,8.0,721.22501063377,1,
9000000655-1,2021-05-21,9.0,594.42874444893,1,
9000000655-1,2021-05-21,10.0,779.754372906592,1,
9000000655-1,2021-05-21,11.0,643.843358901897,1,
9000000655-1,2021-05-21,12.0,737.3654916512021,1,
9000000655-1,2021-05-21,13.0,721.345794392523,1,
9000000655-1,2021-05-21,14.0,770.276325616131,1,
9000000655-1,2021-05-21,15.0,610.8705258506427,1,
9000000655-1,2021-05-21,16.0,467.5895765472296,1,
9000000655-1,2021-05-21,17.0,595.7845433255253,1,
9000000655-1,2021-05-21,18.0,577.3195876288648,1,
9000000655-1,2021-05-21,19.0,543.1259044862554,1,
9000000655-1,2021-05-22,6.0,191.574279379158,0,
9000000655-1,2021-05-22,7.0,334.5300950369579,0,
9000000655-1,2021-05-22,8.0,415.4829545454528,0,
9000000655-1,2021-05-22,9.0,455.4371002132183,0,
9000000655-1,2021-05-22,10.0,483.2214765100639,0,
9000000655-1,2021-05-22,11.0,535.7066571733719,0,
9000000655-1,2021-05-22,12.0,462.5987078248362,0,
9000000655-1,2021-05-22,13.0,492.1420882669524,0,
9000000655-1,2021-05-22,14.0,451.64594001463144,0,
9000000655-1,2021-05-22,15.0,397.8189749182125,0,
9000000655-1,2021-05-22,16.0,463.7803590285102,0,
9000000655-1,2021-05-22,17.0,455.94006421691284,0,
9000000655-1,2021-05-22,18.0,493.64120781527373,0,
9000000655-1,2021-05-22,19.0,455.6149732620351,0,
9000000655-1,2021-05-23,7.0,116.2957645369706,0,
9000000655-1,2021-05-23,8.0,249.2109038737441,0,
9000000655-1,2021-05-23,9.0,247.7000386548124,0,
9000000655-1,2021-05-23,10.0,318.6742118027479,0,
9000000655-1,2021-05-23,11.0,390.4761904761887,0,
9000000655-1,2021-05-23,12.0,390.7284768211927,0,
9000000655-1,2021-05-23,13.0,386.1771058315331,0,
9000000655-1,2021-05-23,14.0,379.9401197604803,0,
9000000655-1,2021-05-23,15.0,501.4285714285696,0,
9000000655-1,2021-05-23,16.0,484.7880299251856,0,
9000000655-1,2021-05-23,17.0,529.949238578676,0,
9000000655-1,2021-05-23,18.0,502.7152831652416,0,
9000000655-1,2021-05-23,19.0,534.6070343030848,0,
9000000655-1,2021-05-24,6.0,1150.1264907842337,1,
9000000655-1,2021-05-24,7.0,1100.1647446457919,1,
9000000655-1,2021-05-24,8.0,976.7026423520721,1,
9000000655-1,2021-05-24,9.0,714.25313568985,1,
9000000655-1,2021-05-24,10.0,778.846153846159,1,
9000000655-1,2021-05-24,11.0,693.076638282114,1,
9000000655-1,2021-05-24,12.0,675.085583872195,1,
9000000655-1,2021-05-24,13.0,624.584717607972,1,
9000000655-1,2021-05-24,14.0,704.790645039604,1,
9000000655-1,2021-05-24,15.0,704.043545878694,1,
9000000655-1,2021-05-24,16.0,737.5415282392009,1,
9000000655-1,2021-05-24,17.0,711.9553072625681,1,
9000000655-1,2021-05-24,18.0,631.7192358951551,1,
9000000655-1,2021-05-24,19.0,486.1124459394499,1,
9000000655-1,2021-05-25,8.0,999.178184534923,1,
9000000655-2,2020-09-03,11.0,665.361077111388,1,good
9000000655-2,2020-09-03,12.0,621.989528795811,1,good
9000000655-2,2020-09-03,15.0,434.670116429497,1,good
9000000655-2,2020-09-03,16.0,500.895036615138,1,good
9000000655-2,2020-09-03,17.0,432.213438735176,1,good
9000000655-2,2020-09-03,18.0,285.413929040737,1,good
9000000655-2,2020-09-04,7.0,546.499631540166,1,good
9000000655-2,2020-09-04,8.0,569.552238805969,1,good
9000000655-2,2020-09-04,9.0,385.814497272017,1,good
9000000655-2,2020-09-04,10.0,254.17010734929798,1,good
9000000655-2,2020-09-04,11.0,638.341091832419,1,good
9000000655-2,2020-09-04,12.0,747.169811320747,1,good
9000000655-2,2020-09-04,13.0,518.983320095317,1,good
9000000655-2,2020-09-04,14.0,392.140111063649,1,good
9000000655-2,2020-09-04,15.0,613.7847642079811,1,good
9000000655-2,2020-09-04,16.0,454.87364620938905,1,good
9000000655-2,2020-09-04,17.0,436.36363636363603,1,good
9000000655-2,2020-09-04,18.0,368.52928028609597,1,good
9000000655-2,2020-09-05,7.0,319.304347826085,0,good
9000000655-2,2020-09-05,8.0,483.486888731393,0,good
9000000655-2,2020-09-05,9.0,312.04502814259104,0,good
9000000655-2,2020-09-05,10.0,344.106925880922,0,good
9000000655-2,2020-09-05,11.0,630.614704700688,0,good
9000000655-2,2020-09-05,12.0,678.002287457109,0,good
9000000655-2,2020-09-05,13.0,612.958963282942,0,good
9000000655-2,2020-09-05,14.0,554.5421903052111,0,good
9000000655-2,2020-09-05,15.0,508.022922636102,0,good
9000000655-2,2020-09-05,16.0,393.413173652695,0,good
9000000655-2,2020-09-05,17.0,216.65939816833802,0,good
9000000655-2,2020-09-05,18.0,243.56176342208698,0,good
9000000655-2,2020-09-06,7.0,146.013986013986,0,good
9000000655-2,2020-09-06,8.0,241.525423728815,0,good
9000000655-2,2020-09-06,9.0,160.465116279069,0,good
9000000655-2,2020-09-06,10.0,317.273795534663,0,good
9000000655-2,2020-09-06,11.0,430.6704134885569,0,good
9000000655-2,2020-09-06,12.0,210.90317331163502,0,good
9000000655-2,2020-09-06,14.0,11.480637813211803,0,good
9000000655-2,2020-09-06,15.0,9.50584685024519,0,good
9000000655-2,2020-09-06,16.0,237.18674211802798,0,good
9000000655-2,2020-09-06,17.0,495.328467153288,0,good
9000000655-2,2020-09-06,18.0,483.088235294115,0,good
9000000655-2,2020-09-07,7.0,405.09554140127403,1,good
9000000655-2,2020-09-07,8.0,321.331316187594,1,good
9000000655-2,2020-09-07,9.0,690.066225165564,1,good
9000000655-2,2020-09-07,10.0,705.290040131335,1,good
9000000655-2,2020-09-07,11.0,714.79650057056,1,good
9000000655-2,2020-09-07,12.0,802.3853894893821,1,good
9000000655-2,2020-09-07,13.0,956.978896704926,1,good
9000000655-2,2020-09-07,14.0,846.619659892161,1,good
9000000655-2,2020-09-07,15.0,653.908984830804,1,good
9000000655-2,2020-09-07,16.0,551.2761020881693,1,good
9000000655-2,2020-09-07,17.0,753.361184960123,1,good
9000000655-2,2020-09-07,18.0,825.5033557046961,1,good
9000000655-2,2020-09-08,7.0,526.3707571801581,1,good
9000000655-2,2020-09-08,8.0,494.276094276095,1,good
9000000655-2,2020-09-08,9.0,591.245791245792,1,good
9000000655-2,2020-09-08,10.0,704.259329061437,1,good
9000000655-2,2020-09-08,11.0,832.1761219305721,1,good
9000000655-2,2020-09-08,12.0,773.5537190082609,1,good
9000000655-2,2020-09-08,13.0,930.461538461531,1,good
9000000655-2,2020-09-08,14.0,580.78125,1,good
9000000655-2,2020-09-08,15.0,409.3251533742332,1,good
9000000655-2,2020-09-08,16.0,337.640683618176,1,good
9000000655-2,2020-09-08,17.0,339.21478060046195,1,good
9000000655-2,2020-09-08,18.0,293.555458132399,1,good
9000000655-2,2020-09-09,7.0,612.0805369127511,1,good
9000000655-2,2020-09-09,8.0,553.535353535353,1,good
9000000655-2,2020-09-09,9.0,251.4760914760904,1,good
9000000655-2,2020-09-09,10.0,524.013157894738,1,good
9000000655-2,2020-09-09,11.0,639.799749687108,1,good
9000000655-2,2020-09-09,12.0,812.285012285014,1,good
9000000655-2,2020-09-09,13.0,850.984936268828,1,good
9000000655-2,2020-09-09,14.0,752.0647773279329,1,good
9000000655-2,2020-09-09,15.0,477.5951903807631,1,good
9000000655-2,2020-09-09,16.0,274.968866749688,1,good
9000000655-2,2020-09-09,17.0,390.22140221402094,1,good
9000000655-2,2020-09-09,18.0,408.05251641137806,1,good
9000000655-2,2020-09-10,7.0,594.072447859494,1,good
9000000655-2,2020-09-10,8.0,568.773234200746,1,good
9000000655-2,2020-09-10,9.0,653.3622559652949,1,good
9000000655-2,2020-09-10,10.0,596.633577902458,1,good
9000000655-2,2020-09-10,11.0,738.391155165843,1,good
9000000655-2,2020-09-10,12.0,695.617529880476,1,good
9000000655-2,2020-09-10,13.0,923.603192702396,1,good
9000000655-2,2020-09-10,14.0,728.654517254747,1,good
9000000655-2,2020-09-10,15.0,514.083398898506,1,good
9000000655-2,2020-09-10,16.0,387.26833199033103,1,good
9000000655-2,2020-09-10,17.0,653.593685085171,1,good
9000000655-2,2020-09-10,18.0,570.626003210274,1,good
9000000655-2,2020-09-11,7.0,698.823529411761,1,good
9000000655-2,2020-09-11,8.0,667.1761559037091,1,good
9000000655-2,2020-09-11,9.0,315.4716981132083,1,good
9000000655-2,2020-09-11,10.0,637.441497659907,1,good
9000000655-2,2020-09-11,11.0,812.4567474048421,1,good
9000000655-2,2020-09-11,12.0,704.285714285716,1,good
9000000655-2,2020-09-11,13.0,641.806150253018,1,good
9000000655-2,2020-09-11,14.0,692.84603421462,1,good
9000000655-2,2020-09-11,15.0,633.9162261081701,1,good
9000000655-2,2020-09-11,16.0,431.536604987931,1,good
9000000655-2,2020-09-11,17.0,485.49243972210905,1,good
9000000655-2,2020-09-11,18.0,506.181818181819,1,good
9000000655-2,2020-09-12,7.0,322.1052631578947,0,good
9000000655-2,2020-09-12,8.0,463.022508038584,0,good
9000000655-2,2020-09-12,9.0,275.2773375594291,0,good
9000000655-2,2020-09-12,10.0,455.49862041781745,0,good
9000000655-2,2020-09-12,11.0,624.518118735545,0,good
9000000655-2,2020-09-12,12.0,649.484536082471,0,good
9000000655-2,2020-09-12,13.0,554.2446043165457,0,good
9000000655-2,2020-09-12,14.0,422.1238938053103,0,good
9000000655-2,2020-09-12,15.0,414.0403286034335,0,good
9000000655-2,2020-09-12,16.0,333.0763299922902,0,good
9000000655-2,2020-09-12,17.0,328.740317977985,0,good
9000000655-2,2020-09-12,18.0,254.27509293680276,0,good
9000000655-2,2020-09-13,7.0,166.95293713500502,0,good
9000000655-2,2020-09-13,8.0,272.84482758620743,0,good
9000000655-2,2020-09-13,9.0,148.4824902723731,0,good
9000000655-2,2020-09-13,10.0,441.40565317036084,0,good
9000000655-2,2020-09-13,11.0,532.3751891074141,0,good
9000000655-2,2020-09-13,12.0,502.5081788440577,0,good
9000000655-2,2020-09-13,13.0,438.0753138075285,0,good
9000000655-2,2020-09-13,14.0,441.0511363636342,0,good
9000000655-2,2020-09-13,15.0,418.3957219251359,0,good
9000000655-2,2020-09-13,16.0,328.369322412508,0,good
9000000655-2,2020-09-13,17.0,302.6169706582073,0,good
9000000655-2,2020-09-13,18.0,394.4055944055932,0,good
9000000655-2,2020-09-14,7.0,633.802816901411,1,good
9000000655-2,2020-09-14,8.0,545.4545454545471,1,good
9000000655-2,2020-09-14,9.0,376.0765550239234,1,good
9000000655-2,2020-09-14,10.0,662.456140350875,1,good
9000000655-2,2020-09-14,11.0,729.448089540713,1,good
9000000655-2,2020-09-14,12.0,771.9325754606019,1,good
9000000655-2,2020-09-14,13.0,759.385537654555,1,good
9000000655-2,2020-09-14,14.0,780.655226209049,1,good
9000000655-2,2020-09-14,15.0,654.4099378882,1,good
9000000655-2,2020-09-14,16.0,379.10085054678,1,good
9000000655-2,2020-09-14,17.0,431.93197921587,1,good
9000000655-2,2020-09-14,18.0,324.563017479301,1,good
9000000655-2,2020-09-15,7.0,612.134831460673,1,good
9000000655-2,2020-09-15,8.0,585.297549591598,1,good
9000000655-2,2020-09-15,9.0,187.0722433460073,1,good
9000000655-2,2020-09-15,10.0,420.7792207792221,1,good
9000000655-2,2020-09-15,11.0,706.291390728473,1,good
9000000655-2,2020-09-15,12.0,784.013050570966,1,good
9000000655-2,2020-09-15,13.0,821.9931271477651,1,good
9000000655-2,2020-09-15,14.0,700.64205457464,1,good
9000000655-2,2020-09-15,15.0,537.313432835821,1,good
9000000655-2,2020-09-15,16.0,450.88897668905497,1,good
9000000655-2,2020-09-15,17.0,558.429561200925,1,good
9000000655-2,2020-09-15,18.0,607.299270072991,1,good
9000000655-2,2020-09-16,7.0,539.1952309985121,1,good
9000000655-2,2020-09-16,8.0,462.593614505322,1,good
9000000655-2,2020-09-16,9.0,283.5218093699525,1,good
9000000655-2,2020-09-16,10.0,600.473186119877,1,good
9000000655-2,2020-09-16,11.0,573.2484076433141,1,good
9000000655-2,2020-09-16,12.0,663.789721459399,1,good
9000000655-2,2020-09-16,13.0,826.3852242744001,1,good
9000000655-2,2020-09-16,14.0,1072.9096989966579,1,good
9000000655-2,2020-09-16,15.0,1072.6703210649962,1,good
9000000655-2,2020-09-16,16.0,1134.561865362927,1,good
9000000655-2,2020-09-16,17.0,888.241881298997,1,good
9000000655-2,2020-09-16,18.0,825.418060200671,1,good
9000000655-2,2020-09-17,7.0,537.725631768952,1,good
9000000655-2,2020-09-17,8.0,574.528301886795,1,good
9000000655-2,2020-09-17,9.0,544.909719554359,1,good
9000000655-2,2020-09-17,10.0,604.43062572872,1,good
9000000655-2,2020-09-17,11.0,570.5972434915797,1,good
9000000655-2,2020-09-17,12.0,707.3636016787491,1,good
9000000655-2,2020-09-17,13.0,715.5624036979959,1,good
9000000655-2,2020-09-17,14.0,1033.177570093465,1,good
9000000655-2,2020-09-17,15.0,1045.207667731625,1,good
9000000655-2,2020-09-17,16.0,1123.889099886056,1,good
9000000655-2,2020-09-17,17.0,795.175273275532,1,good
9000000655-2,2020-09-17,18.0,601.1843663639979,1,good
9000000655-2,2020-09-18,7.0,485.393258426966,1,good
9000000655-2,2020-09-18,8.0,503.48706411698504,1,good
9000000655-2,2020-09-18,9.0,595.439739413679,1,good
9000000655-2,2020-09-18,10.0,641.860465116278,1,good
9000000655-2,2020-09-18,11.0,691.599707815927,1,good
9000000655-2,2020-09-18,12.0,714.328582145532,1,good
9000000655-2,2020-09-18,13.0,886.6301798279881,1,good
9000000655-2,2020-09-18,14.0,872.3839496459472,1,good
9000000655-2,2020-09-18,15.0,829.03629536921,1,good
9000000655-2,2020-09-18,16.0,898.638426626327,1,good
9000000655-2,2020-09-18,17.0,708.9443378118981,1,good
9000000655-2,2020-09-18,18.0,567.990919409761,1,good
9000000655-2,2020-09-19,7.0,241.3549752999294,0,good
9000000655-2,2020-09-19,8.0,316.0849226340413,0,good
9000000655-2,2020-09-19,9.0,225.60553633218012,0,good
9000000655-2,2020-09-19,10.0,400.77579519006775,0,good
9000000655-2,2020-09-19,11.0,521.6274089935729,0,good
9000000655-2,2020-09-19,12.0,497.90007241129865,0,good
9000000655-2,2020-09-19,13.0,527.8097982708963,0,good
9000000655-2,2020-09-19,14.0,514.1016463851071,0,good
9000000655-2,2020-09-19,15.0,425.13542795232786,0,good
9000000655-2,2020-09-19,16.0,345.0566037735856,0,good
9000000655-2,2020-09-19,17.0,219.97471554993638,0,good
9000000655-2,2020-09-19,18.0,263.97941680960514,0,good
9000000655-2,2020-09-20,7.0,175.9445407279032,0,good
9000000655-2,2020-09-20,8.0,207.846039970392,0,good
9000000655-2,2020-09-20,9.0,117.49525616698241,0,good
9000000655-2,2020-09-20,10.0,200.70671378091927,0,good
9000000655-2,2020-09-20,11.0,397.62470308788625,0,good
9000000655-2,2020-09-20,12.0,451.34328358208995,0,good
9000000655-2,2020-09-20,13.0,383.0056179775303,0,good
9000000655-2,2020-09-20,14.0,356.6761363636347,0,good
9000000655-2,2020-09-20,15.0,445.5510801904085,0,good
9000000655-2,2020-09-20,16.0,308.8838268792703,0,good
9000000655-2,2020-09-20,17.0,191.1633563032027,0,good
9000000655-2,2020-09-20,18.0,367.11462450592865,0,good
9000000655-2,2020-09-21,7.0,466.467513069455,1,good
9000000655-2,2020-09-21,8.0,505.685618729098,1,good
9000000655-2,2020-09-21,9.0,480.5460750853251,1,good
9000000655-2,2020-09-21,10.0,551.935607512456,1,good
9000000655-2,2020-09-21,11.0,540.9477521263659,1,good
9000000655-2,2020-09-21,12.0,677.10280373832,1,good
9000000655-2,2020-09-21,13.0,717.372262773725,1,good
9000000655-2,2020-09-21,14.0,964.23741547709,1,good
9000000655-2,2020-09-21,15.0,924.990222917476,1,good
9000000655-2,2020-09-21,16.0,627.361563517915,1,good
9000000655-2,2020-09-21,17.0,463.813229571983,1,good
9000000655-2,2020-09-21,18.0,544.524925436727,1,good
9000000655-2,2020-09-22,7.0,468.0437424058309,1,good
9000000655-2,2020-09-22,8.0,509.98860615267796,1,good
9000000655-2,2020-09-22,9.0,567.39834472832,1,good
9000000655-2,2020-09-22,10.0,549.1754122938511,1,good
9000000655-2,2020-09-22,11.0,594.3714821763639,1,good
9000000655-2,2020-09-22,12.0,638.553289726816,1,good
9000000655-2,2020-09-22,13.0,717.824773413895,1,good
9000000655-2,2020-09-22,14.0,955.909090909096,1,good
9000000655-2,2020-09-22,15.0,968.591224018473,1,good
9000000655-2,2020-09-22,16.0,979.2109256449119,1,good
9000000655-2,2020-09-22,17.0,909.2150170648472,1,good
9000000655-2,2020-09-23,7.0,558.390682901005,1,good
9000000655-2,2020-09-23,8.0,569.832402234636,1,good
9000000655-2,2020-09-23,9.0,503.97326401782493,1,good
9000000655-2,2020-09-23,10.0,608.642911296437,1,good
9000000655-2,2020-09-23,11.0,571.896955503512,1,good
9000000655-2,2020-09-23,12.0,753.91202802647,1,good
9000000655-2,2020-09-23,13.0,780.429055325561,1,good
9000000655-2,2020-09-23,14.0,952.285050348567,1,good
9000000655-2,2020-09-23,15.0,951.676300578036,1,good
9000000655-2,2020-09-23,16.0,707.4903474903499,1,good
9000000655-2,2020-09-23,17.0,801.772049939587,1,good
9000000655-2,2020-09-23,18.0,524.752475247525,1,good
9000000655-2,2020-09-24,7.0,500.65189048239995,1,good
9000000655-2,2020-09-24,8.0,532.778198334594,1,good
9000000655-2,2020-09-24,9.0,200.6509357200976,1,good
9000000655-2,2020-09-24,10.0,470.9046454767743,1,good
9000000655-2,2020-09-24,11.0,594.0921622686079,1,good
9000000655-2,2020-09-24,12.0,622.41047362341,1,good
9000000655-2,2020-09-24,13.0,717.023675310036,1,good
9000000655-2,2020-09-24,14.0,1018.16793893129,1,good
9000000655-2,2020-09-24,15.0,820.600089565603,1,good
9000000655-2,2020-09-24,16.0,593.9240506329119,1,good
9000000655-2,2020-09-24,17.0,400.513478819,1,good
9000000655-2,2020-09-24,18.0,602.403204272362,1,good
9000000655-2,2020-09-25,8.0,465.26877621044696,1,good
9000000655-2,2020-09-25,9.0,583.333333333336,1,good
9000000655-2,2020-09-25,10.0,617.727272727275,1,good
9000000655-2,2020-09-25,11.0,688.357748650734,1,good
9000000655-2,2020-09-25,12.0,773.28273244782,1,good
9000000655-2,2020-09-25,13.0,889.427813565742,1,good
9000000655-2,2020-09-25,14.0,863.8069705093869,1,good
9000000655-2,2020-09-25,15.0,1021.7583299879611,1,good
9000000655-2,2020-09-25,16.0,916.312056737583,1,good
9000000655-2,2020-09-25,17.0,786.084381939308,1,good
9000000655-2,2020-09-26,8.0,348.3870967741941,0,bad
9000000655-2,2020-09-26,9.0,459.54738330976,0,bad
9000000655-2,2020-09-26,10.0,506.42984014209435,0,bad
9000000655-2,2020-09-26,11.0,505.194805194806,0,bad
9000000655-2,2020-09-26,12.0,497.4115931461924,0,bad
9000000655-2,2020-09-26,13.0,595.1291512915168,0,bad
9000000655-2,2020-09-26,14.0,495.8785249457717,0,bad
9000000655-2,2020-09-26,15.0,520.5298013245056,0,bad
9000000655-2,2020-09-26,16.0,414.07491486946583,0,bad
9000000655-2,2020-09-26,17.0,297.6109215017056,0,bad
9000000655-2,2020-09-27,7.0,110.62215477997016,0,bad
9000000655-2,2020-09-27,8.0,230.41018387553112,0,bad
9000000655-2,2020-09-27,9.0,282.4267782426783,0,bad
9000000655-2,2020-09-27,10.0,399.2935358530533,0,bad
9000000655-2,2020-09-27,11.0,377.48650732459646,0,bad
9000000655-2,2020-09-27,12.0,478.9193614408498,0,bad
9000000655-2,2020-09-27,13.0,415.7343919162736,0,bad
9000000655-2,2020-09-27,14.0,385.3920515574653,0,bad
9000000655-2,2020-09-27,15.0,371.7818181818192,0,bad
9000000655-2,2020-09-27,16.0,359.73741794310763,0,bad
9000000655-2,2020-09-27,17.0,432.3144104803476,0,bad
9000000655-2,2020-09-28,8.0,466.024298282364,1,good
9000000655-2,2020-09-28,9.0,541.3235294117629,1,good
9000000655-2,2020-09-28,10.0,546.381093057606,1,good
9000000655-2,2020-09-28,11.0,731.437015145921,1,good
9000000655-2,2020-09-28,12.0,736.27118644068,1,good
9000000655-2,2020-09-28,13.0,865.9932659932679,1,good
9000000655-2,2020-09-28,14.0,1033.5832083958057,1,good
9000000655-2,2020-09-28,16.0,902.79937791602,1,good
9000000655-2,2020-09-28,17.0,862.162162162164,1,good
9000000655-2,2020-09-29,7.0,560.822622107969,1,good
9000000655-2,2020-09-29,8.0,570.4035874439439,1,good
9000000655-2,2020-09-29,9.0,592.338562568402,1,good
9000000655-2,2020-09-29,10.0,41.8909090909091,1,good
9000000655-2,2020-09-30,8.0,533.637400228049,1,good
9000000655-2,2020-09-30,9.0,598.9102796948769,1,good
9000000655-2,2020-09-30,10.0,612.013600302228,1,good
9000000655-2,2020-09-30,11.0,490.240581025872,1,good
9000000655-2,2020-09-30,12.0,849.312638580936,1,good
9000000655-2,2020-09-30,13.0,990.1453957996721,1,good
9000000655-2,2020-09-30,14.0,1134.206219312608,1,good
9000000655-2,2020-09-30,15.0,1109.222269443257,1,good
9000000655-2,2020-09-30,16.0,560.707964601771,1,good
9000000655-2,2020-09-30,17.0,272.053231939164,1,good
9000000655-2,2020-10-01,7.0,581.4651368049431,1,good
9000000655-2,2020-10-01,8.0,566.654233494967,1,good
9000000655-2,2020-10-01,9.0,604.8529411764689,1,good
9000000655-2,2020-10-01,10.0,615.466262319939,1,good
9000000655-2,2020-10-01,11.0,605.679862306371,1,good
9000000655-2,2020-10-01,12.0,677.7869529314621,1,good
9000000655-2,2020-10-01,13.0,684.850833010461,1,good
9000000655-2,2020-10-01,14.0,967.388825541625,1,good
9000000655-2,2020-10-01,15.0,1093.3764135702681,1,good
9000000655-2,2020-10-01,16.0,845.7564575645761,1,good
9000000655-2,2020-10-01,17.0,557.5807110747869,1,good
9000000655-2,2020-10-02,7.0,578.538102643858,1,good
9000000655-2,2020-10-02,8.0,553.426732298371,1,good
9000000655-2,2020-10-02,9.0,613.135435992577,1,good
9000000655-2,2020-10-02,10.0,665.0602409638581,1,good
9000000655-2,2020-10-02,11.0,679.550561797751,1,good
9000000655-2,2020-10-02,12.0,721.914166350172,1,good
9000000655-2,2020-10-02,13.0,941.6245627671941,1,good
9000000655-2,2020-10-02,14.0,1029.402261712434,1,good
9000000655-2,2020-10-02,15.0,1135.722725482476,1,good
9000000655-2,2020-10-02,16.0,991.443850267375,1,good
9000000655-2,2020-10-02,17.0,626.2124248497009,1,good
9000000655-2,2020-10-03,7.0,228.50995158687448,0,good
9000000655-2,2020-10-03,8.0,322.2303741746144,0,good
9000000655-2,2020-10-03,9.0,375.40453074433606,0,good
9000000655-2,2020-10-03,10.0,419.887850467291,0,good
9000000655-2,2020-10-03,11.0,608.0178173719399,0,good
9000000655-2,2020-10-03,12.0,525.742574257428,0,good
9000000655-2,2020-10-03,13.0,485.67272727272797,0,good
9000000655-2,2020-10-03,14.0,452.780806979281,0,good
9000000655-2,2020-10-03,15.0,401.22137404580184,0,good
9000000655-2,2020-10-04,7.0,122.28512609366987,0,good
9000000655-2,2020-10-04,8.0,124.18772563176961,0,good
9000000655-2,2020-10-04,9.0,275.9075907590757,0,good
9000000655-2,2020-10-04,10.0,338.7453874538741,0,good
9000000655-2,2020-10-04,11.0,399.85091315691534,0,good
9000000655-2,2020-10-04,12.0,328.0751941152435,0,good
9000000655-2,2020-10-04,13.0,370.31594415870615,0,good
9000000655-2,2020-10-04,14.0,389.15401301518506,0,good
9000000655-2,2020-10-04,15.0,387.81880472021294,0,good
9000000655-2,2020-10-04,16.0,297.9865771812088,0,good
9000000655-2,2020-10-04,17.0,422.7114716106603,0,good
9000000655-2,2020-10-05,8.0,538.303341902315,1,good
9000000655-2,2020-10-05,9.0,614.898419864563,1,good
9000000655-2,2020-10-05,10.0,625.850340136052,1,good
9000000655-2,2020-10-05,11.0,622.1523959151641,1,good
9000000655-2,2020-10-05,12.0,584.2857142857149,1,good
9000000655-2,2020-10-05,13.0,766.6933546837511,1,good
9000000655-2,2020-10-05,14.0,1105.356389708985,1,good
9000000655-2,2020-10-05,15.0,959.2950062945849,1,good
9000000655-2,2020-10-05,16.0,679.966044142618,1,good
9000000655-2,2020-10-05,17.0,663.829787234041,1,good
9000000655-2,2020-10-06,8.0,583.891136447221,1,good
9000000655-2,2020-10-06,9.0,567.185802245567,1,good
9000000655-2,2020-10-06,10.0,653.6023054755069,1,good
9000000655-2,2020-10-06,11.0,588.4033613445359,1,good
9000000655-2,2020-10-06,12.0,583.870967741938,1,good
9000000655-2,2020-10-06,13.0,784.847313490533,1,good
9000000655-2,2020-10-06,14.0,926.0032102728718,1,good
9000000655-2,2020-10-06,15.0,862.835249042149,1,good
9000000655-2,2020-10-06,16.0,941.109298531814,1,good
9000000655-2,2020-10-06,17.0,798.880447820866,1,good
9000000655-2,2020-10-07,8.0,485.083370887788,1,bad
9000000655-2,2020-10-07,9.0,568.734491315135,1,bad
9000000655-2,2020-10-07,10.0,569.053803339517,1,bad
9000000655-2,2020-10-07,11.0,666.8674698795149,1,bad
9000000655-2,2020-10-07,12.0,787.1681415929211,1,bad
9000000655-2,2020-10-07,13.0,804.142011834325,1,bad
9000000655-2,2020-10-07,14.0,970.8927231807929,1,bad
9000000655-2,2020-10-07,16.0,762.2992392223159,1,bad
9000000655-2,2020-10-07,17.0,392.34875444839804,1,bad
9000000655-2,2020-10-08,8.0,571.007008483955,1,bad
9000000655-2,2020-10-08,9.0,588.523998556475,1,bad
9000000655-2,2020-10-08,10.0,620.779220779222,1,bad
9000000655-2,2020-10-08,11.0,690.976331360951,1,bad
9000000655-2,2020-10-08,12.0,687.1794871794851,1,bad
9000000655-2,2020-10-08,13.0,1019.5341234164321,1,bad
9000000655-2,2020-10-08,14.0,1123.932729624843,1,bad
9000000655-2,2020-10-08,15.0,929.482758620695,1,bad
9000000655-2,2020-10-08,16.0,512.703296703296,1,bad
9000000655-2,2020-10-08,17.0,470.063694267516,1,bad
9000000655-2,2020-10-09,8.0,607.7576653121569,1,good
9000000655-2,2020-10-09,9.0,605.0978943479889,1,good
9000000655-2,2020-10-09,10.0,677.6315789473709,1,good
9000000655-2,2020-10-09,11.0,722.9327902240329,1,good
9000000655-2,2020-10-09,12.0,837.509976057462,1,good
9000000655-2,2020-10-09,13.0,1135.0454365863388,1,good
9000000655-2,2020-10-09,14.0,1080.7515657620042,1,good
9000000655-2,2020-10-09,15.0,821.924290220825,1,good
9000000655-2,2020-10-09,16.0,943.9809296781921,1,good
9000000655-2,2020-10-09,17.0,789.0023566378691,1,good
9000000655-2,2020-10-10,8.0,342.9790259509417,0,good
9000000655-2,2020-10-10,9.0,479.746835443041,0,good
9000000655-2,2020-10-10,10.0,647.584715212685,0,good
9000000655-2,2020-10-10,11.0,512.6296958855079,0,good
9000000655-2,2020-10-10,12.0,550.8417508417491,0,good
9000000655-2,2020-10-10,13.0,567.9939894815916,0,good
9000000655-2,2020-10-10,14.0,569.4992412746553,0,good
9000000655-2,2020-10-10,15.0,500.298062593146,0,good
9000000655-2,2020-10-10,16.0,373.258606885508,0,good
9000000655-2,2020-10-10,17.0,304.87238979118297,0,good
9000000655-2,2020-10-11,9.0,253.38461538461547,0,bad
9000000655-2,2020-10-11,10.0,315.0480256136594,0,bad
9000000655-2,2020-10-11,11.0,374.3478260869565,0,bad
9000000655-2,2020-10-11,12.0,420.31134173461925,0,bad
9000000655-2,2020-10-11,13.0,373.8562091503266,0,bad
9000000655-2,2020-10-11,14.0,375.3303964757705,0,bad
9000000655-2,2020-10-11,15.0,409.18032786885436,0,bad
9000000655-2,2020-10-12,8.0,562.995594713656,1,good
9000000655-2,2020-10-12,9.0,591.6544655929702,1,good
9000000655-2,2020-10-12,10.0,666.0734149054559,1,good
9000000655-2,2020-10-12,11.0,557.271364317838,1,good
9000000655-2,2020-10-12,12.0,692.62048192771,1,good
9000000655-2,2020-10-12,13.0,719.9999999999968,1,good
9000000655-2,2020-10-12,14.0,734.6110484780186,1,good
9000000655-2,2020-10-12,15.0,714.472168905945,1,good
9000000655-2,2020-10-12,16.0,833.609467455615,1,good
9000000655-2,2020-10-12,17.0,756.8013190436961,1,good
9000000655-2,2020-10-13,8.0,254.35514018691572,1,bad
9000000655-2,2020-10-13,9.0,484.38756855575997,1,bad
9000000655-2,2020-10-13,10.0,587.1015567086754,1,bad
9000000655-2,2020-10-13,11.0,601.5526802218096,1,bad
9000000655-2,2020-10-13,12.0,555.375552282767,1,bad
9000000655-2,2020-10-13,13.0,701.6717325228027,1,bad
9000000655-2,2020-10-13,14.0,960.6506584043457,1,bad
9000000655-2,2020-10-13,16.0,826.9879518072206,1,bad
9000000655-2,2020-10-13,17.0,718.8405797101449,1,bad
9000000655-2,2020-10-14,8.0,133.3983422720623,1,good
9000000655-2,2020-10-14,9.0,330.3844563869368,1,good
9000000655-2,2020-10-14,10.0,399.83298538622023,1,good
9000000655-2,2020-10-14,11.0,481.3319878910183,1,good
9000000655-2,2020-10-14,12.0,451.868943239501,1,good
9000000655-2,2020-10-14,13.0,643.955056179778,1,good
9000000655-2,2020-10-14,14.0,1012.747252747265,1,good
9000000655-2,2020-10-14,15.0,860.6008583690946,1,good
9000000655-2,2020-10-14,16.0,726.088794926005,1,good
9000000655-2,2020-10-14,17.0,763.9409652971724,1,good
9000000655-2,2020-10-15,8.0,332.74336283185903,1,bad
9000000655-2,2020-10-15,9.0,476.098418277681,1,bad
9000000655-2,2020-10-15,10.0,564.600448095591,1,bad
9000000655-2,2020-10-15,11.0,627.011070110704,1,bad
9000000655-2,2020-10-15,12.0,662.633714496498,1,bad
9000000655-2,2020-10-15,13.0,741.215964192472,1,bad
9000000655-2,2020-10-15,14.0,929.2466765140252,1,bad
9000000655-2,2020-10-15,15.0,900.000000000004,1,bad
9000000655-2,2020-10-15,16.0,837.209302325589,1,bad
9000000655-2,2020-10-15,17.0,898.5123966942217,1,bad
9000000655-2,2020-10-16,8.0,461.031833150384,1,bad
9000000655-2,2020-10-16,9.0,470.0761697497277,1,bad
9000000655-2,2020-10-16,10.0,629.479768786125,1,bad
9000000655-2,2020-10-16,11.0,653.5832414553454,1,bad
9000000655-2,2020-10-16,12.0,739.762611275964,1,bad
9000000655-2,2020-10-16,13.0,840.9448818897661,1,bad
9000000655-2,2020-10-16,14.0,990.9797822705929,1,bad
9000000655-2,2020-10-16,15.0,1002.3135221380201,1,bad
9000000655-2,2020-10-16,16.0,876.354679802947,1,bad
9000000655-2,2020-10-16,17.0,756.4064801178247,1,bad
9000000655-2,2020-10-17,8.0,262.2601279317709,0,bad
9000000655-2,2020-10-17,9.0,396.0255500354836,0,bad
9000000655-2,2020-10-17,10.0,469.22519913106726,0,bad
9000000655-2,2020-10-17,11.0,467.4971687429233,0,bad
9000000655-2,2020-10-17,12.0,459.8175327251123,0,bad
9000000655-2,2020-10-17,13.0,530.4785894206591,0,bad
9000000655-2,2020-10-17,14.0,432.7868852459001,0,bad
9000000655-2,2020-10-17,15.0,330.3265940902023,0,bad
9000000655-2,2020-10-17,16.0,352.8875379939218,0,bad
9000000655-2,2020-10-17,17.0,414.3987341772175,0,bad
9000000655-2,2020-10-18,8.0,146.1716937354986,0,good
9000000655-2,2020-10-18,9.0,178.8483251787727,0,good
9000000655-2,2020-10-18,10.0,240.3641881638852,0,good
9000000655-2,2020-10-18,11.0,298.467583497054,0,good
9000000655-2,2020-10-18,12.0,257.9439252336452,0,good
9000000655-2,2020-10-18,13.0,339.76833976833973,0,good
9000000655-2,2020-10-18,14.0,380.05305039787714,0,good
9000000655-2,2020-10-18,15.0,395.41984732824494,0,good
9000000655-2,2020-10-18,16.0,262.8803245436096,0,good
9000000655-2,2020-10-18,17.0,318.6467348544452,0,good
9000000655-2,2020-10-19,8.0,330.50475493782073,1,good
9000000655-2,2020-10-19,9.0,481.644428416879,1,good
9000000655-2,2020-10-19,10.0,612.4814264487391,1,good
9000000655-2,2020-10-19,11.0,619.1425722831517,1,good
9000000655-2,2020-10-19,12.0,581.7463453180535,1,good
9000000655-2,2020-10-19,13.0,635.8401375161197,1,good
9000000655-2,2020-10-19,14.0,748.7336914811901,1,good
9000000655-2,2020-10-19,15.0,900.3539127015388,1,good
9000000655-2,2020-10-19,16.0,889.3909626719001,1,good
9000000655-2,2020-10-19,17.0,731.664212076585,1,good
9000000655-2,2020-10-20,8.0,376.197387518142,1,good
9000000655-2,2020-10-20,9.0,544.8225923244061,1,good
9000000655-2,2020-10-20,10.0,541.0018552875663,1,good
9000000655-2,2020-10-20,11.0,548.9199491740758,1,good
9000000655-2,2020-10-20,12.0,607.212097712288,1,good
9000000655-2,2020-10-20,13.0,640.1927710843352,1,good
9000000655-2,2020-10-20,14.0,807.9762409843045,1,good
9000000655-2,2020-10-21,8.0,380.552486187846,1,good
9000000655-2,2020-10-21,9.0,543.519188993486,1,good
9000000655-2,2020-10-21,10.0,582.019977802437,1,good
9000000655-2,2020-10-21,11.0,570.0562851782399,1,good
9000000655-2,2020-10-21,12.0,589.3992932862215,1,good
9000000655-2,2020-10-21,16.0,770.964833183046,1,good
9000000655-2,2020-10-21,17.0,762.561576354679,1,good
9000000655-2,2020-10-22,8.0,394.82200647249135,1,good
9000000655-2,2020-10-22,9.0,499.24160346695385,1,good
9000000655-2,2020-10-22,10.0,511.0702464141205,1,good
9000000655-2,2020-10-22,11.0,532.6451612903253,1,good
9000000655-2,2020-10-22,12.0,556.5891472868191,1,good
9000000655-2,2020-10-22,15.0,892.1241050119322,1,good
9000000655-2,2020-10-22,16.0,676.399834093736,1,good
9000000655-2,2020-10-22,17.0,691.5348837209297,1,good
9000000655-2,2020-10-23,8.0,467.92179580014704,1,good
9000000655-2,2020-10-23,9.0,521.9282348677079,1,good
9000000655-2,2020-10-23,10.0,638.983666061705,1,good
9000000655-2,2020-10-23,11.0,673.020527859237,1,good
9000000655-2,2020-10-23,12.0,709.0301003344499,1,good
9000000655-2,2020-10-23,13.0,666.3097514340346,1,good
9000000655-2,2020-10-23,14.0,830.982658959539,1,good
9000000655-2,2020-10-23,15.0,959.7222222222324,1,good
9000000655-2,2020-10-23,16.0,805.4334798242089,1,good
9000000655-2,2020-10-23,17.0,675.4764930114316,1,good
9000000655-2,2020-10-24,8.0,220.82073434125257,0,bad
9000000655-2,2020-10-24,9.0,304.04542228530755,0,bad
9000000655-2,2020-10-24,10.0,339.4765148798848,0,bad
9000000655-2,2020-10-24,11.0,410.1910828025493,0,bad
9000000655-2,2020-10-24,12.0,396.43620812544657,0,bad
9000000655-2,2020-10-24,13.0,399.14984059511323,0,bad
9000000655-2,2020-10-24,14.0,382.9242262540008,0,bad
9000000655-2,2020-10-24,15.0,347.2340425531915,0,bad
9000000655-2,2020-10-24,16.0,295.6958393113334,0,bad
9000000655-2,2020-10-25,7.0,131.66144200626928,0,good
9000000655-2,2020-10-25,8.0,110.02609019754,0,good
9000000655-2,2020-10-25,9.0,204.8568321855752,0,good
9000000655-2,2020-10-25,10.0,378.07048771804864,0,good
9000000655-2,2020-10-25,11.0,356.7450271247741,0,good
9000000655-2,2020-10-25,12.0,364.3669446550422,0,good
9000000655-2,2020-10-25,13.0,348.2564679415073,0,good
9000000655-2,2020-10-25,14.0,224.1967473224915,0,good
9000000655-2,2020-10-25,15.0,214.6919431279618,0,good
9000000655-2,2020-10-25,16.0,285.3572823115966,0,good
9000000655-2,2020-10-26,7.0,381.09090909091,1,good
9000000655-2,2020-10-26,8.0,283.928571428572,1,good
9000000655-2,2020-10-26,9.0,392.3416789396168,1,good
9000000655-2,2020-10-26,10.0,535.0630096367696,1,good
9000000655-2,2020-10-26,11.0,569.2591227423553,1,good
9000000655-2,2020-10-26,12.0,574.6355685131234,1,good
9000000655-2,2020-10-26,13.0,527.1282633371161,1,good
9000000655-2,2020-10-26,14.0,676.4374295377704,1,good
9000000655-2,2020-10-26,15.0,841.9790104947575,1,good
9000000655-2,2020-10-26,16.0,803.33496812163,1,good
9000000655-2,2020-10-27,8.0,438.0675626589166,1,good
9000000655-2,2020-10-27,9.0,468.945663907881,1,good
9000000655-2,2020-10-27,10.0,515.9737417943114,1,good
9000000655-2,2020-10-27,11.0,511.85454545454644,1,good
9000000655-2,2020-10-27,12.0,555.1401869158852,1,good
9000000655-2,2020-10-27,13.0,592.1141569658287,1,good
9000000655-2,2020-10-27,14.0,728.135593220338,1,good
9000000655-2,2020-10-27,15.0,921.9003476245589,1,good
9000000655-2,2020-10-27,16.0,791.845493562234,1,good
9000000655-2,2020-10-28,7.0,390.99164547766,1,good
9000000655-2,2020-10-28,8.0,435.2512745812099,1,good
9000000655-2,2020-10-28,9.0,409.5652173913045,1,good
9000000655-2,2020-10-28,10.0,512.156567557399,1,good
9000000655-2,2020-10-28,11.0,539.6477495107645,1,good
9000000655-2,2020-10-28,12.0,617.441860465116,1,good
9000000655-2,2020-10-28,13.0,589.06316235693,1,good
9000000655-2,2020-10-28,14.0,642.0168067226912,1,good
9000000655-2,2020-10-28,15.0,723.467600700523,1,good
9000000655-2,2020-10-28,16.0,765.2084405558417,1,good
9000000655-2,2020-10-29,7.0,342.5422483468042,1,good
9000000655-2,2020-10-29,8.0,392.05298013245033,1,good
9000000655-2,2020-10-29,9.0,470.3649635036506,1,good
9000000655-2,2020-10-29,10.0,436.8539325842685,1,good
9000000655-2,2020-10-29,11.0,183.1675592960982,1,good
9000000655-2,2020-10-29,12.0,396.685998342999,1,good
9000000655-2,2020-10-29,13.0,208.93597420543472,1,good
9000000655-2,2020-10-29,14.0,251.623555310952,1,good
9000000655-2,2020-10-29,15.0,662.809917355375,1,good
9000000655-2,2020-10-30,7.0,172.3577235772356,1,good
9000000655-2,2020-10-30,8.0,211.09350237717922,1,good
9000000655-2,2020-10-30,9.0,250.85574572127217,1,good
9000000655-2,2020-10-30,10.0,400.5115089514078,1,good
9000000655-2,2020-10-30,11.0,434.38016528925596,1,good
9000000655-2,2020-10-30,12.0,620.89307660795,1,good
9000000655-2,2020-10-30,13.0,493.64548494983046,1,good
9000000655-2,2020-10-30,14.0,782.2109275730569,1,good
9000000655-2,2020-10-30,15.0,676.839237057218,1,good
9000000655-2,2020-10-31,7.0,167.2955974842769,0,good
9000000655-2,2020-12-16,8.0,251.19453924914586,1,bad
9000000655-2,2020-12-16,9.0,395.8944281524914,1,bad
9000000655-2,2020-12-16,10.0,390.36144578313395,1,bad
9000000655-2,2020-12-16,11.0,482.9931972789095,1,bad
9000000655-2,2020-12-16,12.0,428.2176360225162,1,bad
9000000655-2,2020-12-16,13.0,508.5650723025609,1,bad
9000000655-2,2020-12-16,14.0,586.5858279651372,1,bad
9000000655-2,2020-12-16,15.0,685.714285714283,1,bad
9000000655-2,2020-12-17,8.0,228.9562289562291,1,bad
9000000655-2,2020-12-17,9.0,367.62481089258654,1,bad
9000000655-2,2020-12-17,10.0,328.0276816608995,1,bad
9000000655-2,2020-12-17,11.0,324.0426371891043,1,bad
9000000655-2,2020-12-17,12.0,372.79752704791315,1,bad
9000000655-2,2020-12-17,13.0,454.5386626821072,1,bad
9000000655-2,2020-12-17,14.0,673.7967914438499,1,bad
9000000655-2,2020-12-17,15.0,699.3499043977049,1,bad
9000000655-2,2020-12-18,9.0,357.1589627959425,1,bad
9000000655-2,2020-12-18,10.0,417.37210158262656,1,bad
9000000655-2,2020-12-18,11.0,451.16796440489617,1,bad
9000000655-2,2020-12-18,12.0,532.7413984461671,1,bad
9000000655-2,2020-12-18,13.0,499.88649262202,1,bad
9000000655-2,2020-12-18,14.0,628.8745737021584,1,bad
9000000655-2,2020-12-18,15.0,553.2905296950266,1,bad
9000000655-2,2020-12-19,9.0,367.42671009771874,0,bad
9000000655-2,2020-12-19,10.0,436.8035190615823,0,bad
9000000655-2,2020-12-19,11.0,438.59910581222283,0,bad
9000000655-2,2020-12-19,12.0,462.5771324863876,0,bad
9000000655-2,2020-12-19,13.0,501.5849612974597,0,bad
9000000655-2,2020-12-19,14.0,425.7206208425718,0,bad
9000000655-2,2020-12-19,15.0,362.2546972860117,0,bad
9000000655-2,2020-12-20,9.0,238.63037752414468,0,bad
9000000655-2,2020-12-20,10.0,283.96608920014904,0,bad
9000000655-2,2020-12-20,11.0,346.23096917935453,0,bad
9000000655-2,2020-12-20,12.0,337.9591836734685,0,bad
9000000655-2,2020-12-20,13.0,320.8725084618273,0,bad
9000000655-2,2020-12-21,9.0,380.02436053593203,1,bad
9000000655-2,2020-12-21,10.0,419.04761904762,1,bad
9000000655-2,2020-12-21,11.0,379.526355996944,1,bad
9000000655-2,2020-12-21,12.0,497.20754716981196,1,bad
9000000655-2,2020-12-21,13.0,502.420574886536,1,bad
9000000655-2,2020-12-21,14.0,633.841463414635,1,bad
9000000655-2,2020-12-22,8.0,477.00000000000097,1,bad
9000000655-2,2020-12-22,9.0,572.418990203464,1,bad
9000000655-2,2020-12-22,10.0,541.2823397075371,1,bad
9000000655-2,2020-12-22,11.0,487.616099071206,1,bad
9000000655-2,2020-12-22,12.0,581.433962264152,1,bad
9000000655-2,2020-12-22,13.0,701.5885315769069,1,bad
9000000655-2,2020-12-22,14.0,744.7338618346569,1,bad
9000000655-2,2020-12-23,8.0,466.450717260526,1,good
9000000655-2,2020-12-23,9.0,535.350553505535,1,good
9000000655-2,2020-12-23,10.0,601.570093457945,1,good
9000000655-2,2020-12-23,11.0,591.669793621016,1,good
9000000655-2,2020-12-23,12.0,593.361312476156,1,good
9000000655-2,2020-12-23,13.0,712.1028744326779,1,good
9000000655-2,2020-12-23,14.0,730.0225733634351,1,good
9000000655-2,2020-12-23,15.0,966.79968076616,1,good
9000000655-2,2020-12-24,9.0,524.1017964071871,1,bad
9000000655-2,2020-12-24,10.0,569.408262002236,1,bad
9000000655-2,2020-12-24,11.0,647.2222222222239,1,bad
9000000655-2,2020-12-24,12.0,747.617202634637,1,bad
9000000655-2,2020-12-24,13.0,822.7014755959119,1,bad
9000000655-2,2020-12-24,14.0,754.863157894736,1,bad
9000000655-2,2020-12-25,9.0,201.2779552715659,1,bad
9000000655-2,2021-02-09,9.0,310.271546635184,1,bad
9000000655-2,2021-02-09,10.0,255.7932983447715,1,bad
9000000655-2,2021-02-09,11.0,167.0826833073324,1,bad
9000000655-2,2021-02-09,12.0,237.31688511950662,1,bad
9000000655-2,2021-02-09,13.0,180.6503412284219,1,bad
9000000655-2,2021-02-09,14.0,334.39564710454647,1,bad
9000000655-2,2021-02-09,15.0,302.5089605734757,1,bad
9000000655-2,2021-02-09,16.0,380.1459854014587,1,bad
9000000655-2,2021-02-10,8.0,189.1764705882355,1,bad
9000000655-2,2021-02-10,9.0,272.6855394032122,1,bad
9000000655-2,2021-02-10,10.0,268.36616454229454,1,bad
9000000655-2,2021-02-10,11.0,275.6183745583046,1,bad
9000000655-2,2021-02-10,12.0,218.18181818181802,1,bad
9000000655-2,2021-02-10,13.0,256.7307692307687,1,bad
9000000655-2,2021-02-10,14.0,219.92217898832666,1,bad
9000000655-2,2021-02-11,9.0,263.1499623210242,1,bad
9000000655-2,2021-02-11,10.0,214.5791381393477,1,bad
9000000655-2,2021-02-11,11.0,210.9429569266595,1,bad
9000000655-2,2021-02-11,12.0,200.87684336388915,1,bad
9000000655-2,2021-02-11,13.0,361.89047261815415,1,bad
9000000655-2,2021-02-11,14.0,318.41402973694284,1,bad
9000000655-2,2021-02-11,15.0,263.00078554595405,1,bad
9000000655-2,2021-02-11,16.0,358.89570552147376,1,bad
9000000655-2,2021-02-12,7.0,162.8337874659401,1,bad
9000000655-2,2021-02-12,8.0,135.77142857142886,1,bad
9000000655-2,2021-02-12,9.0,329.44649446494446,1,bad
9000000655-2,2021-02-12,10.0,249.10086004691118,1,bad
9000000655-2,2021-02-12,11.0,157.78546712802842,1,bad
9000000655-2,2021-02-12,12.0,265.5,1,bad
9000000655-2,2021-02-12,13.0,175.14374170720902,1,bad
9000000655-2,2021-02-12,14.0,250.90427878253138,1,bad
9000000655-2,2021-02-12,15.0,105.40540540540552,1,bad
9000000655-2,2021-02-12,16.0,251.3715710723191,1,bad
9000000655-2,2021-02-13,7.0,154.12844036697248,0,bad
9000000655-2,2021-02-13,8.0,143.7410071942448,0,bad
9000000655-2,2021-02-13,9.0,321.61383285302577,0,bad
9000000655-2,2021-02-13,10.0,353.98367664205125,0,bad
9000000655-2,2021-02-13,11.0,314.840989399293,0,bad
9000000655-2,2021-02-13,12.0,362.07749381698375,0,bad
9000000655-2,2021-02-13,13.0,342.857142857143,0,bad
9000000655-2,2021-02-13,14.0,333.1962155491572,0,bad
9000000655-2,2021-02-13,15.0,151.680860600628,0,bad
9000000655-2,2021-02-13,16.0,249.69400244798,0,bad
9000000655-2,2021-02-14,7.0,30.4761904761904,0,bad
9000000655-2,2021-02-14,8.0,59.41485371342839,0,bad
9000000655-2,2021-02-14,9.0,242.76956364947648,0,bad
9000000655-2,2021-02-14,10.0,308.3333333333332,0,bad
9000000655-2,2021-02-14,11.0,255.63093622795049,0,bad
9000000655-2,2021-02-14,12.0,290.4682274247486,0,bad
9000000655-2,2021-02-14,13.0,297.520661157025,0,bad
9000000655-2,2021-02-14,14.0,274.86586875773753,0,bad
9000000655-2,2021-02-14,15.0,167.5917636526411,0,bad
9000000655-2,2021-02-14,16.0,213.3669609079438,0,bad
9000000655-2,2021-02-15,7.0,111.49606299212591,1,bad
9000000655-2,2021-02-15,8.0,59.95125913891151,1,bad
9000000655-2,2021-02-15,9.0,195.877988458368,1,bad
9000000655-2,2021-02-15,10.0,258.2677165354337,1,bad
9000000655-2,2021-02-15,11.0,164.7058823529413,1,bad
9000000655-2,2021-02-15,12.0,212.63736263736251,1,bad
9000000655-2,2021-02-15,13.0,239.4915254237287,1,bad
9000000655-2,2021-02-15,14.0,277.0434782608691,1,bad
9000000655-2,2021-02-15,15.0,177.7173913043477,1,bad
9000000655-2,2021-02-15,16.0,127.4193548387096,1,bad
9000000655-2,2021-02-16,7.0,169.9003670686939,1,bad
9000000655-2,2021-02-16,8.0,127.9483037156707,1,bad
9000000655-2,2021-02-16,9.0,336.527886881383,1,bad
9000000655-2,2021-02-16,10.0,248.6055776892432,1,bad
9000000655-2,2021-02-16,11.0,236.3309352517988,1,bad
9000000655-2,2021-02-16,12.0,203.3539276257726,1,bad
9000000655-2,2021-02-16,13.0,271.5517241379308,1,bad
9000000655-2,2021-02-16,14.0,271.5517241379316,1,bad
9000000655-2,2021-02-16,15.0,221.9713417281807,1,bad
9000000655-2,2021-02-16,16.0,212.0282040647036,1,bad
9000000655-2,2021-02-17,8.0,88.51325393776402,1,bad
9000000655-2,2021-02-17,9.0,325.074626865672,1,bad
9000000655-2,2021-02-17,10.0,243.28125,1,bad
9000000655-2,2021-02-17,11.0,266.5627435697587,1,bad
9000000655-2,2021-02-17,12.0,191.17647058823502,1,bad
9000000655-2,2021-02-17,13.0,280.79999999999995,1,bad
9000000655-2,2021-02-17,14.0,211.5,1,bad
9000000655-2,2021-02-17,15.0,102.09424083769639,1,bad
9000000655-2,2021-02-17,16.0,128.29540575354264,1,bad
9000000655-2,2021-02-18,7.0,236.49635036496278,1,good
9000000655-2,2021-02-18,8.0,126.10997963340047,1,good
9000000655-2,2021-02-18,9.0,216.08643457382888,1,good
9000000655-2,2021-02-18,10.0,287.57396449704197,1,good
9000000655-2,2021-02-18,11.0,200.0000000000003,1,good
9000000655-2,2021-02-18,12.0,315.55555555555696,1,good
9000000655-2,2021-02-18,13.0,194.99384489125976,1,good
9000000655-2,2021-02-18,14.0,211.4192495921699,1,good
9000000655-2,2021-02-18,15.0,213.4328358208955,1,good
9000000655-2,2021-02-18,16.0,278.3287778211626,1,good
9000000655-2,2021-02-19,8.0,190.28371550718998,1,bad
9000000655-2,2021-02-19,9.0,283.8857142857138,1,bad
9000000655-2,2021-02-19,10.0,193.251533742331,1,bad
9000000655-2,2021-02-19,11.0,155.5735056542811,1,bad
9000000655-2,2021-02-19,12.0,221.84873949579878,1,bad
9000000655-2,2021-02-19,13.0,275.8793969849238,1,bad
9000000655-2,2021-02-19,14.0,191.2170639899625,1,bad
9000000655-2,2021-02-19,15.0,126.2654444001595,1,bad
9000000655-2,2021-02-19,16.0,251.59010600706756,1,bad
9000000655-2,2021-02-20,7.0,142.5398358281027,0,good
9000000655-2,2021-02-20,8.0,200.98076197661263,0,good
9000000655-2,2021-02-20,9.0,364.957918898239,0,good
9000000655-2,2021-02-20,10.0,357.2519083969467,0,good
9000000655-2,2021-02-20,11.0,351.5570934256057,0,good
9000000655-2,2021-02-20,12.0,313.10507674144117,0,good
9000000655-2,2021-02-20,13.0,356.5844402277051,0,good
9000000655-2,2021-02-20,14.0,309.6474234792712,0,good
9000000655-2,2021-02-20,15.0,318.4787102108305,0,good
9000000655-2,2021-02-20,16.0,260.3305785123958,0,good
9000000655-2,2021-02-21,7.0,145.01510574018113,0,good
9000000655-2,2021-02-21,8.0,199.7837837837836,0,good
9000000655-2,2021-02-21,9.0,283.6920831813193,0,good
9000000655-2,2021-02-21,10.0,369.16363636363724,0,good
9000000655-2,2021-02-21,11.0,397.1768202080251,0,good
9000000655-2,2021-02-21,12.0,345.11278195488643,0,good
9000000655-2,2021-02-21,13.0,340.3587443946178,0,good
9000000655-2,2021-02-21,14.0,314.84927428358924,0,good
9000000655-2,2021-02-21,15.0,293.4256055363323,0,good
9000000655-2,2021-02-21,16.0,328.2758620689647,0,good
9000000655-2,2021-02-22,7.0,247.57609921082383,1,good
9000000655-2,2021-02-22,8.0,283.3702882483376,1,good
9000000655-2,2021-02-22,9.0,314.60674157303396,1,good
9000000655-2,2021-02-22,10.0,304.93046776232643,1,good
9000000655-2,2021-02-22,11.0,158.7006960556845,1,good
9000000655-2,2021-02-22,12.0,251.5426497277677,1,good
9000000655-2,2021-02-22,13.0,420.22194821208495,1,good
9000000655-2,2021-02-22,14.0,280.5398345668272,1,good
9000000655-2,2021-02-22,15.0,118.3474011550422,1,good
9000000655-2,2021-02-22,16.0,240.28950542822622,1,good
9000000655-2,2021-02-23,7.0,183.5174171622773,1,good
9000000655-2,2021-02-23,8.0,86.4,1,good
9000000655-2,2021-02-23,9.0,297.950984331056,1,good
9000000655-2,2021-02-23,10.0,301.7575484452459,1,good
9000000655-2,2021-02-23,11.0,240.10671409515408,1,good
9000000655-2,2021-02-23,12.0,253.1137002812373,1,good
9000000655-2,2021-02-23,13.0,346.7094703049754,1,good
9000000655-2,2021-02-23,14.0,186.7517956903435,1,good
9000000655-2,2021-02-23,15.0,231.81818181818164,1,good
9000000655-2,2021-02-23,16.0,215.53398058252378,1,good
9000000655-2,2021-02-23,17.0,330.70866141732245,1,good
9000000655-2,2021-02-24,7.0,319.2339716902584,1,good
9000000655-2,2021-02-24,8.0,146.5935787000781,1,good
9000000655-2,2021-02-24,9.0,248.3754512635374,1,good
9000000655-2,2021-02-24,10.0,284.33121019108404,1,good
9000000655-2,2021-02-24,11.0,260.8695652173916,1,good
9000000655-2,2021-02-24,12.0,306.7264573991024,1,good
9000000655-2,2021-02-24,13.0,236.6533864541828,1,good
9000000655-2,2021-02-24,14.0,120.59553349875938,1,good
9000000655-2,2021-02-24,15.0,242.77733439744634,1,good
9000000655-2,2021-02-24,16.0,188.8666399679619,1,good
9000000655-2,2021-02-25,7.0,335.1724137931031,1,good
9000000655-2,2021-02-25,8.0,141.8096723868955,1,good
9000000655-2,2021-02-25,9.0,335.65426170468106,1,good
9000000655-2,2021-02-25,10.0,244.1215323645965,1,good
9000000655-2,2021-02-25,11.0,188.5563380281689,1,good
9000000655-2,2021-02-25,12.0,342.0289855072466,1,good
9000000655-2,2021-02-25,13.0,420.4275534441807,1,good
9000000655-2,2021-02-25,14.0,339.3267326732664,1,good
9000000655-2,2021-02-25,15.0,201.3781921361983,1,good
9000000655-2,2021-02-25,16.0,144.8191791954491,1,good
9000000655-2,2021-02-26,7.0,188.3626522327475,1,good
9000000655-2,2021-02-26,8.0,74.8471259682022,1,good
9000000655-2,2021-02-26,9.0,281.25,1,good
9000000655-2,2021-02-26,10.0,204.24354243542356,1,good
9000000655-2,2021-02-26,11.0,216.9296987087517,1,good
9000000655-2,2021-02-26,12.0,246.4698331193842,1,good
9000000655-2,2021-02-26,13.0,296.9672462596037,1,good
9000000655-2,2021-02-26,14.0,256.718878812861,1,good
9000000655-2,2021-02-26,15.0,173.60406091370538,1,good
9000000655-2,2021-02-26,16.0,127.96573875803001,1,good
9000000655-2,2021-02-26,17.0,351.724137931036,1,good
9000000655-2,2021-02-27,7.0,142.0678768745065,0,good
9000000655-2,2021-02-27,8.0,210.2957283680175,0,good
9000000655-2,2021-02-27,9.0,226.34730538922219,0,good
9000000655-2,2021-02-27,10.0,306.1269959153352,0,good
9000000655-2,2021-02-27,11.0,307.4157303370795,0,good
9000000655-2,2021-02-27,12.0,251.13016367887798,0,good
9000000655-2,2021-02-27,13.0,335.18225039619625,0,good
9000000655-2,2021-02-27,14.0,332.67326732673223,0,good
9000000655-2,2021-02-27,15.0,293.5496957403641,0,good
9000000655-2,2021-02-27,16.0,185.32818532818533,0,good
9000000655-2,2021-02-27,17.0,325.594405594405,0,good
9000000655-2,2021-02-28,7.0,60.68965517241385,0,bad
9000000655-2,2021-02-28,8.0,28.33530106257377,0,bad
9000000655-2,2021-02-28,9.0,229.13284920974004,0,bad
9000000655-2,2021-02-28,10.0,300.7518796992485,0,bad
9000000655-2,2021-02-28,11.0,323.15978456014244,0,bad
9000000655-2,2021-02-28,12.0,368.7875150060001,0,bad
9000000655-2,2021-02-28,13.0,293.4635612321556,0,bad
9000000655-2,2021-02-28,14.0,304.28406020841203,0,bad
9000000655-2,2021-02-28,15.0,289.1364902506975,0,bad
9000000655-2,2021-02-28,16.0,134.4262295081967,0,bad
9000000655-2,2021-02-28,17.0,336.3134103465601,0,bad
9000000655-2,2021-03-01,7.0,95.1885565669701,1,good
9000000655-2,2021-03-01,8.0,13.74628765379721,1,good
9000000655-2,2021-03-01,9.0,278.930675124603,1,good
9000000655-2,2021-03-01,10.0,219.2634560906522,1,good
9000000655-2,2021-03-01,11.0,208.25035561877718,1,good
9000000655-2,2021-03-01,12.0,179.9189554254845,1,good
9000000655-2,2021-03-01,13.0,103.9207238259371,1,good
9000000655-2,2021-03-01,14.0,223.61233480176162,1,good
9000000655-2,2021-03-01,15.0,138.76827647319453,1,good
9000000655-2,2021-03-01,16.0,44.839857651245595,1,good
9000000655-2,2021-03-01,17.0,270.6488156539645,1,good
9000000655-2,2021-03-02,7.0,129.1614518147683,1,good
9000000655-2,2021-03-02,8.0,55.2147239263804,1,good
9000000655-2,2021-03-02,9.0,271.000855431993,1,good
9000000655-2,2021-03-02,10.0,183.90361445783128,1,good
9000000655-2,2021-03-02,11.0,144.0677966101694,1,good
9000000655-2,2021-03-02,12.0,159.9999999999999,1,good
9000000655-2,2021-03-02,13.0,292.65864786395673,1,good
9000000655-2,2021-03-02,14.0,196.6189856957086,1,good
9000000655-2,2021-03-02,15.0,92.7400468384075,1,good
9000000655-2,2021-03-02,16.0,58.5510103499261,1,good
9000000655-2,2021-03-02,17.0,258.204334365325,1,good
9000000655-2,2021-03-03,7.0,137.1138383410919,1,good
9000000655-2,2021-03-03,8.0,33.6305732484077,1,good
9000000655-2,2021-03-03,9.0,296.2025316455693,1,good
9000000655-2,2021-03-03,10.0,282.98347476552124,1,good
9000000655-2,2021-03-03,11.0,267.476635514019,1,good
9000000655-2,2021-03-03,12.0,257.3656845753901,1,good
9000000655-2,2021-03-03,13.0,370.872983036823,1,good
9000000655-2,2021-03-03,14.0,246.5546218487397,1,good
9000000655-2,2021-03-03,15.0,157.231149567367,1,good
9000000655-2,2021-03-03,16.0,170.4654895666131,1,good
9000000655-2,2021-03-03,17.0,327.11621233859404,1,good
9000000655-2,2021-03-04,7.0,101.4280200694712,1,good
9000000655-2,2021-03-04,8.0,162.4999999999998,1,good
9000000655-2,2021-03-04,9.0,286.83602771362655,1,good
9000000655-2,2021-03-04,10.0,336.556132640832,1,good
9000000655-2,2021-03-04,11.0,236.91588785046667,1,good
9000000655-2,2021-03-04,12.0,228.3476898981983,1,good
9000000655-2,2021-03-04,13.0,270.9828393135728,1,good
9000000655-2,2021-03-04,14.0,242.7129592248687,1,good
9000000655-2,2021-03-04,15.0,106.4322812624851,1,good
9000000655-2,2021-03-04,16.0,339.252336448597,1,good
9000000655-2,2021-03-05,7.0,173.0637161388787,1,bad
9000000655-2,2021-03-05,8.0,101.5310233682514,1,bad
9000000655-2,2021-03-05,9.0,280.0947867298579,1,bad
9000000655-2,2021-03-05,10.0,302.888237756383,1,bad
9000000655-2,2021-03-05,11.0,234.55670103092768,1,bad
9000000655-2,2021-03-05,12.0,281.8294190358465,1,bad
9000000655-2,2021-03-05,13.0,181.758957654723,1,bad
9000000655-2,2021-03-05,14.0,288.4413309982487,1,bad
9000000655-2,2021-03-05,15.0,119.42446043165461,1,bad
9000000655-2,2021-03-05,16.0,195.06607929515457,1,bad
9000000655-2,2021-03-06,7.0,110.42076287849,0,bad
9000000655-2,2021-03-06,8.0,49.707112970711286,0,bad
9000000655-2,2021-03-06,9.0,193.8931297709932,0,bad
9000000655-2,2021-03-06,10.0,260.4322893692105,0,bad
9000000655-2,2021-03-06,11.0,365.5430711610497,0,bad
9000000655-2,2021-03-06,12.0,410.4617899468741,0,bad
9000000655-2,2021-03-06,13.0,371.3625866050817,0,bad
9000000655-2,2021-03-06,14.0,344.6955189582524,0,bad
9000000655-2,2021-03-06,15.0,273.5826296743059,0,bad
9000000655-2,2021-03-06,16.0,86.9947275922671,0,bad
9000000655-2,2021-03-06,17.0,170.63197026022237,0,bad
9000000655-2,2021-03-07,7.0,115.76908175125908,0,bad
9000000655-2,2021-03-07,8.0,17.08860759493669,0,bad
9000000655-2,2021-03-07,9.0,154.15224913494805,0,bad
9000000655-2,2021-03-07,10.0,245.7337883959052,0,bad
9000000655-2,2021-03-07,11.0,349.1442542787294,0,bad
9000000655-2,2021-03-07,12.0,377.5820656525219,0,bad
9000000655-2,2021-03-07,13.0,338.8719512195125,0,bad
9000000655-2,2021-03-07,14.0,333.07632999229077,0,bad
9000000655-2,2021-03-07,15.0,279.5031055900618,0,bad
9000000655-2,2021-03-07,16.0,89.2812105926859,0,bad
9000000655-2,2021-03-07,17.0,241.9551934826884,0,bad
9000000655-2,2021-03-08,7.0,118.6440677966101,1,good
9000000655-2,2021-03-08,8.0,50.424448217317504,1,good
9000000655-2,2021-03-08,9.0,358.6550435865503,1,good
9000000655-2,2021-03-08,10.0,261.5861763402745,1,good
9000000655-2,2021-03-08,11.0,117.0865781035273,1,good
9000000655-2,2021-03-08,12.0,278.066914498141,1,good
9000000655-2,2021-03-08,13.0,292.268041237113,1,good
9000000655-2,2021-03-08,14.0,217.7664974619288,1,good
9000000655-2,2021-03-08,15.0,139.26788685524141,1,good
9000000655-2,2021-03-08,16.0,67.2040729741197,1,good
9000000655-2,2021-03-08,17.0,289.6911700739451,1,good
9000000655-2,2021-03-09,7.0,96.1165048543688,1,bad
9000000655-2,2021-03-09,8.0,123.2876712328767,1,bad
9000000655-2,2021-03-09,9.0,299.1650099403568,1,bad
9000000655-2,2021-03-09,10.0,285.505925250683,1,bad
9000000655-2,2021-03-09,11.0,198.841870824053,1,bad
9000000655-2,2021-03-09,12.0,258.270227182143,1,bad
9000000655-2,2021-03-09,13.0,311.5522032552595,1,bad
9000000655-2,2021-03-09,14.0,271.7544587308175,1,bad
9000000655-2,2021-03-09,15.0,217.3697270471465,1,bad
9000000655-2,2021-03-09,16.0,125.40983606557381,1,bad
9000000655-2,2021-03-09,17.0,381.553398058252,1,bad
9000000655-2,2021-03-10,7.0,154.9003984063745,1,bad
9000000655-2,2021-03-10,8.0,34.797891036906805,1,bad
9000000655-2,2021-03-10,9.0,340.6005758946939,1,bad
9000000655-2,2021-03-10,10.0,188.3432767324457,1,bad
9000000655-2,2021-03-10,11.0,244.601917465611,1,bad
9000000655-2,2021-03-10,12.0,259.629331184529,1,bad
9000000655-2,2021-03-10,13.0,309.41915227629545,1,bad
9000000655-2,2021-03-10,14.0,301.56312625250473,1,bad
9000000655-2,2021-03-10,15.0,163.5012386457474,1,bad
9000000655-2,2021-03-10,16.0,234.9753694581285,1,bad
9000000655-2,2021-03-10,17.0,459.1525423728823,1,bad
9000000655-2,2021-03-11,7.0,204.68689973107925,1,bad
9000000655-2,2021-03-11,8.0,127.719298245614,1,bad
9000000655-2,2021-03-11,9.0,427.9816513761466,1,bad
9000000655-2,2021-03-11,10.0,354.774637127579,1,bad
9000000655-2,2021-03-11,11.0,380.0227014755954,1,bad
9000000655-2,2021-03-11,12.0,422.7758007117417,1,bad
9000000655-2,2021-03-11,13.0,460.00000000000085,1,bad
9000000655-2,2021-03-11,14.0,384.4806007509375,1,bad
9000000655-2,2021-03-11,15.0,327.52613240418145,1,bad
9000000655-2,2021-03-11,16.0,416.78321678321475,1,bad
9000000655-2,2021-03-12,8.0,186.8659064097522,1,bad
9000000655-2,2021-03-12,9.0,410.00384763370363,1,bad
9000000655-2,2021-03-12,10.0,436.15903975993757,1,bad
9000000655-2,2021-03-12,11.0,525.3102670176737,1,bad
9000000655-2,2021-03-12,12.0,553.0959752321959,1,bad
9000000655-2,2021-03-12,13.0,529.8640776699016,1,bad
9000000655-2,2021-03-12,14.0,591.6279069767489,1,bad
9000000655-2,2021-03-12,15.0,318.89475822836295,1,bad
9000000655-2,2021-03-12,16.0,526.460481099655,1,bad
9000000655-2,2021-03-13,7.0,191.96587273373632,0,bad
9000000655-2,2021-03-13,8.0,190.3975993998498,0,bad
9000000655-2,2021-03-13,9.0,323.05994851048007,0,bad
9000000655-2,2021-03-13,10.0,445.7392571012388,0,bad
9000000655-2,2021-03-13,11.0,454.3046357615909,0,bad
9000000655-2,2021-03-13,12.0,396.49390243902513,0,bad
9000000655-2,2021-03-13,13.0,387.1271585557299,0,bad
9000000655-2,2021-03-13,14.0,305.2297939778121,0,bad
9000000655-2,2021-03-13,15.0,317.8082191780822,0,bad
9000000655-2,2021-03-13,16.0,250.67698259187657,0,bad
9000000655-2,2021-03-13,17.0,299.4197292069636,0,bad
9000000655-2,2021-03-14,8.0,149.78479196556714,0,bad
9000000655-2,2021-03-14,9.0,197.52906976744134,0,bad
9000000655-2,2021-03-14,10.0,277.59036144578243,0,bad
9000000655-2,2021-03-14,11.0,303.75,0,bad
9000000655-2,2021-03-14,12.0,315.5325443787001,0,bad
9000000655-2,2021-03-14,13.0,319.47194719471827,0,bad
9000000655-2,2021-03-14,14.0,293.79465964648284,0,bad
9000000655-2,2021-03-14,15.0,282.01544685546,0,bad
9000000655-2,2021-03-14,16.0,286.2876254180604,0,bad
9000000655-2,2021-03-15,7.0,46.875,1,good
9000000655-2,2021-03-15,8.0,47.519999999999996,1,good
9000000655-2,2021-03-15,9.0,288.45696152320625,1,good
9000000655-2,2021-03-15,10.0,239.58780592528979,1,good
9000000655-2,2021-03-15,11.0,388.7530562347202,1,good
9000000655-2,2021-03-15,12.0,481.09908409658607,1,good
9000000655-2,2021-03-15,13.0,571.0443037974729,1,good
9000000655-2,2021-03-15,14.0,523.149236192711,1,good
9000000655-2,2021-03-15,15.0,410.76737645640964,1,good
9000000655-2,2021-03-15,16.0,257.7291381668942,1,good
9000000655-2,2021-03-15,17.0,324.59016393442755,1,good
9000000655-2,2021-03-16,7.0,156.0283687943258,1,good
9000000655-2,2021-03-16,8.0,42.29552643470403,1,good
9000000655-2,2021-03-16,9.0,133.960650128315,1,good
9000000655-2,2021-03-16,10.0,270.7748074309016,1,good
9000000655-2,2021-03-16,11.0,342.28523769808146,1,good
9000000655-2,2021-03-16,12.0,498.4836392657616,1,good
9000000655-2,2021-03-16,13.0,528.7896592244379,1,good
9000000655-2,2021-03-16,14.0,471.81594083812877,1,good
9000000655-2,2021-03-16,15.0,424.5139475908705,1,good
9000000655-2,2021-03-16,16.0,212.72727272727252,1,good
9000000655-2,2021-03-16,17.0,122.5085075352458,1,good
9000000655-2,2021-03-17,6.0,379.87971569163415,1,bad
9000000655-2,2021-03-17,7.0,278.57997606701304,1,bad
9000000655-2,2021-03-17,8.0,45.83901773533427,1,bad
9000000655-2,2021-03-17,9.0,140.84264832330186,1,bad
9000000655-2,2021-03-17,10.0,275.71115973741735,1,bad
9000000655-2,2021-03-17,11.0,519.8305737389265,1,bad
9000000655-2,2021-03-17,12.0,511.82795698925037,1,bad
9000000655-2,2021-03-17,13.0,525.7781324820421,1,bad
9000000655-2,2021-03-17,14.0,570.1551929964177,1,bad
9000000655-2,2021-03-17,15.0,617.4293672900914,1,bad
9000000655-2,2021-03-17,16.0,198.49198868991442,1,bad
9000000655-2,2021-03-17,17.0,398.8919667590017,1,bad
9000000655-2,2021-03-18,6.0,280.6451612903224,1,bad
9000000655-2,2021-03-18,7.0,184.723854289072,1,bad
9000000655-2,2021-03-18,8.0,71.4479025710419,1,bad
9000000655-2,2021-03-18,9.0,180.36072144288602,1,bad
9000000655-2,2021-03-18,10.0,281.53846153846195,1,bad
9000000655-2,2021-03-18,11.0,424.69344608879646,1,bad
9000000655-2,2021-03-18,12.0,505.9773828756034,1,bad
9000000655-2,2021-03-18,13.0,482.05128205128074,1,bad
9000000655-2,2021-03-18,14.0,574.3302678928383,1,bad
9000000655-2,2021-03-18,15.0,647.1595330739352,1,bad
9000000655-2,2021-03-18,16.0,423.00372362432995,1,bad
9000000655-2,2021-03-18,17.0,180.0000000000001,1,bad
9000000655-2,2021-03-19,6.0,345.1581975071911,1,bad
9000000655-2,2021-03-19,7.0,299.53125,1,bad
9000000655-2,2021-03-19,8.0,33.230769230769255,1,bad
9000000655-2,2021-03-19,9.0,177.02416278083936,1,bad
9000000655-2,2021-03-19,10.0,296.32224168126135,1,bad
9000000655-2,2021-03-19,11.0,317.64705882353064,1,bad
9000000655-2,2021-03-19,12.0,485.87213891081194,1,bad
9000000655-2,2021-03-19,13.0,531.3164349959111,1,bad
9000000655-2,2021-03-19,14.0,584.6400000000009,1,bad
9000000655-2,2021-03-19,15.0,481.51062155783023,1,bad
9000000655-2,2021-03-19,16.0,529.2014302741381,1,bad
9000000655-2,2021-03-19,17.0,365.4747225647361,1,bad
9000000655-2,2021-03-20,7.0,185.4862119013053,0,bad
9000000655-2,2021-03-20,8.0,111.76696052127271,0,bad
9000000655-2,2021-03-20,9.0,358.45974329054786,0,bad
9000000655-2,2021-03-20,10.0,396.46968534151824,0,bad
9000000655-2,2021-03-20,11.0,384.6575342465753,0,bad
9000000655-2,2021-03-20,12.0,385.8593456186523,0,bad
9000000655-2,2021-03-20,13.0,438.47010768659754,0,bad
9000000655-2,2021-03-20,14.0,318.4834123222758,0,bad
9000000655-2,2021-03-20,15.0,375.3617810760653,0,bad
9000000655-2,2021-03-20,16.0,336.9734789391574,0,bad
9000000655-2,2021-03-20,17.0,327.99704905938665,0,bad
9000000655-2,2021-03-21,6.0,78.48341232227493,0,bad
9000000655-2,2021-03-21,7.0,143.30998894213081,0,bad
9000000655-2,2021-03-21,8.0,48.170011806375484,0,bad
9000000655-2,2021-03-21,9.0,131.6219369894987,0,bad
9000000655-2,2021-03-21,10.0,252.18120805369176,0,bad
9000000655-2,2021-03-21,11.0,387.75668345602384,0,bad
9000000655-2,2021-03-21,12.0,492.9402637703601,0,bad
9000000655-2,2021-03-21,13.0,385.3293413173662,0,bad
9000000655-2,2021-03-21,14.0,343.1801055011292,0,bad
9000000655-2,2021-03-21,15.0,317.64705882352797,0,bad
9000000655-2,2021-03-21,16.0,375.2265861027186,0,bad
9000000655-2,2021-03-21,17.0,364.82649842271377,0,bad
9000000655-2,2021-03-22,6.0,365.52346570397066,1,good
9000000655-2,2021-03-22,7.0,305.2297939778116,1,good
9000000655-2,2021-03-22,8.0,88.3048620236531,1,good
9000000655-2,2021-03-22,9.0,380.7826423866709,1,good
9000000655-2,2021-03-22,10.0,389.2695006190682,1,good
9000000655-2,2021-03-22,11.0,466.64071623199675,1,good
9000000655-2,2021-03-22,12.0,449.9999999999979,1,good
9000000655-2,2021-03-22,13.0,491.7808219178093,1,good
9000000655-2,2021-03-22,14.0,547.0656820831696,1,good
9000000655-2,2021-03-22,15.0,548.6988847583613,1,good
9000000655-2,2021-03-22,16.0,402.7645788336952,1,good
9000000655-2,2021-03-22,17.0,363.6517328825024,1,good
9000000655-2,2021-03-23,6.0,283.9492553778259,1,good
9000000655-2,2021-03-23,7.0,123.6304170073589,1,good
9000000655-2,2021-03-23,8.0,41.64524421593833,1,good
9000000655-2,2021-03-23,9.0,116.9620253164554,1,good
9000000655-2,2021-03-23,10.0,273.05084745762707,1,good
9000000655-2,2021-03-23,11.0,424.1422075237704,1,good
9000000655-2,2021-03-23,12.0,486.131386861312,1,good
9000000655-2,2021-03-23,13.0,435.054021608641,1,good
9000000655-2,2021-03-23,14.0,494.98102066638614,1,good
9000000655-2,2021-03-23,15.0,409.85556499575085,1,good
9000000655-2,2021-03-23,16.0,558.1395348837245,1,good
9000000655-2,2021-03-23,17.0,367.78295888088036,1,good
9000000655-2,2021-03-24,6.0,268.37349397590276,1,good
9000000655-2,2021-03-24,7.0,241.7266187050363,1,good
9000000655-2,2021-03-24,8.0,86.23693379790933,1,good
9000000655-2,2021-03-24,9.0,224.33684210526303,1,good
9000000655-2,2021-03-24,10.0,292.32127096204755,1,good
9000000655-2,2021-03-24,11.0,452.23140495867585,1,good
9000000655-2,2021-03-24,12.0,430.11456628477663,1,good
9000000655-2,2021-03-24,13.0,521.9858156028339,1,good
9000000655-2,2021-03-24,14.0,593.1818181818219,1,good
9000000655-2,2021-03-24,15.0,470.7920792079178,1,good
9000000655-2,2021-03-24,16.0,266.72802577082365,1,good
9000000655-2,2021-03-24,17.0,58.98709036742803,1,good
9000000655-2,2021-03-25,6.0,270.57877813504757,1,good
9000000655-2,2021-03-25,7.0,405.4368932038825,1,good
9000000655-2,2021-03-25,8.0,160.06840530141068,1,good
9000000655-2,2021-03-25,9.0,191.3416202314618,1,good
9000000655-2,2021-03-25,10.0,351.8456375838929,1,good
9000000655-2,2021-03-25,11.0,448.45360824742323,1,good
9000000655-2,2021-03-25,12.0,532.0846905537431,1,good
9000000655-2,2021-03-25,13.0,555.685814771396,1,good
9000000655-2,2021-03-25,14.0,618.465134398136,1,good
9000000655-2,2021-03-25,15.0,437.4948154292823,1,good
9000000655-2,2021-03-25,16.0,305.3941908713688,1,good
9000000655-2,2021-03-25,17.0,103.307392996109,1,good
9000000655-2,2021-03-26,6.0,314.36619718309913,1,good
9000000655-2,2021-03-26,7.0,330.04622496147977,1,good
9000000655-2,2021-03-26,8.0,112.186046511628,1,good
9000000655-2,2021-03-26,9.0,188.607068607068,1,good
9000000655-2,2021-03-26,10.0,386.72749896308574,1,good
9000000655-2,2021-03-26,11.0,466.8631578947366,1,good
9000000655-2,2021-03-26,12.0,542.3263327948284,1,good
9000000655-2,2021-03-26,13.0,621.0772833723661,1,good
9000000655-2,2021-03-26,14.0,659.0163934426248,1,good
9000000655-2,2021-03-26,15.0,415.4427192614364,1,good
9000000655-2,2021-03-26,16.0,413.85041551246513,1,good
9000000655-2,2021-03-26,17.0,84.58149779735679,1,good
9000000655-2,2021-03-27,6.0,144.8368350469382,0,bad
9000000655-2,2021-03-27,7.0,225.1617541337171,0,bad
9000000655-2,2021-03-27,8.0,239.3429800547511,0,bad
9000000655-2,2021-03-27,9.0,369.618320610687,0,bad
9000000655-2,2021-03-27,10.0,411.81308411215144,0,bad
9000000655-2,2021-03-27,11.0,484.25720620842463,0,bad
9000000655-2,2021-03-27,12.0,470.8221797323143,0,bad
9000000655-2,2021-03-27,13.0,420.5860255447024,0,bad
9000000655-2,2021-03-27,14.0,395.039458850058,0,bad
9000000655-2,2021-03-27,15.0,258.2278481012665,0,bad
9000000655-2,2021-03-27,16.0,280.5566600397607,0,bad
9000000655-2,2021-03-27,17.0,327.775643488282,0,bad
9000000655-2,2021-03-28,8.0,148.54814060112068,0,bad
9000000655-2,2021-03-28,9.0,201.5367727771677,0,bad
9000000655-2,2021-03-28,10.0,233.43328335832035,0,bad
9000000655-2,2021-03-28,11.0,310.7817710263057,0,bad
9000000655-2,2021-03-28,12.0,347.68883878241417,0,bad
9000000655-2,2021-03-28,13.0,294.3396226415087,0,bad
9000000655-2,2021-03-28,14.0,292.4999999999988,0,bad
9000000655-2,2021-03-28,15.0,341.10985277463243,0,bad
9000000655-2,2021-03-28,16.0,352.8106508875759,0,bad
9000000655-2,2021-03-28,17.0,321.9858156028365,0,bad
9000000655-2,2021-03-28,18.0,263.41463414634063,0,bad
9000000655-2,2021-03-29,7.0,90.4784920251329,1,good
9000000655-2,2021-03-29,8.0,129.34131736526936,1,good
9000000655-2,2021-03-29,9.0,210.38005721291393,1,good
9000000655-2,2021-03-29,10.0,309.50871632329495,1,good
9000000655-2,2021-03-29,11.0,431.56297420333635,1,good
9000000655-2,2021-03-29,12.0,410.7975460122693,1,good
9000000655-2,2021-03-29,13.0,461.8373128288157,1,good
9000000655-2,2021-03-29,14.0,598.5781990521365,1,good
9000000655-2,2021-03-29,15.0,602.1505376344124,1,good
9000000655-2,2021-03-29,16.0,458.367016976553,1,good
9000000655-2,2021-03-29,17.0,364.76494751255035,1,good
9000000655-2,2021-03-29,18.0,156.45504899872202,1,good
9000000655-2,2021-03-30,7.0,101.8581081081082,1,good
9000000655-2,2021-03-30,8.0,42.3529411764706,1,good
9000000655-2,2021-03-30,9.0,138.28996282527882,1,good
9000000655-2,2021-03-30,10.0,166.24438087453981,1,good
9000000655-2,2021-03-30,11.0,339.67986520640227,1,good
9000000655-2,2021-03-30,12.0,329.63119966087277,1,good
9000000655-2,2021-03-30,13.0,540.2960526315796,1,good
9000000655-2,2021-03-30,14.0,542.4852071005922,1,good
9000000655-2,2021-03-30,15.0,641.7021276595706,1,good
9000000655-2,2021-03-30,16.0,425.5214723926379,1,good
9000000655-2,2021-03-30,17.0,306.13915416098126,1,good
9000000655-2,2021-03-30,18.0,96.9754253308129,1,good
9000000655-2,2021-03-31,7.0,197.6199616122845,1,good
9000000655-2,2021-03-31,8.0,240.9284332688593,1,good
9000000655-2,2021-03-31,9.0,154.35056746532177,1,good
9000000655-2,2021-03-31,10.0,146.8139337298219,1,good
9000000655-2,2021-03-31,11.0,391.53618281845235,1,good
9000000655-2,2021-03-31,12.0,441.9206680584531,1,good
9000000655-2,2021-03-31,13.0,340.7407407407416,1,good
9000000655-2,2021-03-31,14.0,576.9687376335564,1,good
9000000655-2,2021-03-31,15.0,431.29584352078444,1,good
9000000655-2,2021-03-31,16.0,400.3258655804487,1,good
9000000655-2,2021-03-31,17.0,358.07314897413096,1,good
9000000655-2,2021-03-31,18.0,174.115539632781,1,good
9000000655-2,2021-04-01,7.0,350.03641660597253,1,good
9000000655-2,2021-04-01,8.0,354.473979782852,1,good
9000000655-2,2021-04-01,9.0,146.72704816797,1,good
9000000655-2,2021-04-01,10.0,216.5413533834581,1,good
9000000655-2,2021-04-01,11.0,335.494327390599,1,good
9000000655-2,2021-04-01,12.0,348.79873966128497,1,good
9000000655-2,2021-04-01,13.0,479.53667953668094,1,good
9000000655-2,2021-04-01,14.0,559.1575780368538,1,good
9000000655-2,2021-04-01,15.0,487.8640776699017,1,good
9000000655-2,2021-04-01,16.0,512.895752895755,1,good
9000000655-2,2021-04-01,17.0,262.0689655172411,1,good
9000000655-2,2021-04-01,18.0,128.1853281853282,1,good
9000000655-2,2021-04-02,7.0,337.03533731069297,1,good
9000000655-2,2021-04-02,8.0,326.6616878267371,1,good
9000000655-2,2021-04-02,9.0,354.778728151729,1,good
9000000655-2,2021-04-02,10.0,440.70390206579896,1,good
9000000655-2,2021-04-02,11.0,493.953488372094,1,good
9000000655-2,2021-04-02,12.0,456.99128457749123,1,good
9000000655-2,2021-04-02,13.0,474.51428571428494,1,good
9000000655-2,2021-04-02,14.0,537.8607809847217,1,good
9000000655-2,2021-04-02,15.0,565.6550134460208,1,good
9000000655-2,2021-04-02,16.0,504.58221024258535,1,good
9000000655-2,2021-04-02,17.0,446.2697814619429,1,good
9000000655-2,2021-04-02,18.0,406.47346631539443,1,good
9000000655-2,2021-04-03,7.0,154.0106951871658,0,bad
9000000655-2,2021-04-03,8.0,175.9701492537317,0,bad
9000000655-2,2021-04-03,9.0,233.53733170134612,0,bad
9000000655-2,2021-04-03,10.0,289.8773006134978,0,bad
9000000655-2,2021-04-03,11.0,262.01550387596836,0,bad
9000000655-2,2021-04-03,12.0,343.1185665268773,0,bad
9000000655-2,2021-04-03,13.0,347.05432287681623,0,bad
9000000655-2,2021-04-03,14.0,263.8167938931294,0,bad
9000000655-2,2021-04-03,15.0,237.1005455962591,0,bad
9000000655-2,2021-04-03,16.0,337.71626297577814,0,bad
9000000655-2,2021-04-03,17.0,158.293426208097,0,bad
9000000655-2,2021-04-03,18.0,80.54794520547951,0,bad
9000000655-2,2021-04-04,7.0,137.99323562570441,0,good
9000000655-2,2021-04-04,8.0,233.6283185840701,0,good
9000000655-2,2021-04-04,9.0,148.23529411764682,0,good
9000000655-2,2021-04-04,10.0,297.7117623444388,0,good
9000000655-2,2021-04-04,11.0,402.28832951945265,0,good
9000000655-2,2021-04-04,12.0,331.16136450747484,0,good
9000000655-2,2021-04-04,13.0,325.7856872396814,0,good
9000000655-2,2021-04-04,14.0,246.46153846153908,0,good
9000000655-2,2021-04-04,15.0,285.4802680565882,0,good
9000000655-2,2021-04-04,16.0,176.51083238312418,0,good
9000000655-2,2021-04-04,17.0,123.2660228270411,0,good
9000000655-2,2021-04-04,18.0,91.45860709592642,0,good
9000000655-2,2021-04-05,7.0,74.1740674955596,1,bad
9000000655-2,2021-04-05,8.0,115.6729739378792,1,bad
9000000655-2,2021-04-05,9.0,100.63897763578284,1,bad
9000000655-2,2021-04-05,10.0,204.34285714285642,1,bad
9000000655-2,2021-04-05,11.0,357.22007722007794,1,bad
9000000655-2,2021-04-05,12.0,386.7876588021776,1,bad
9000000655-2,2021-04-05,13.0,366.0363895825917,1,bad
9000000655-2,2021-04-05,14.0,297.3913043478271,1,bad
9000000655-2,2021-04-05,15.0,334.9441038586376,1,bad
9000000655-2,2021-04-05,16.0,236.52561247216136,1,bad
9000000655-2,2021-04-05,17.0,239.80853609892378,1,bad
9000000655-2,2021-04-05,18.0,311.67697344488863,1,bad
9000000655-2,2021-04-06,8.0,315.9874608150461,1,bad
9000000655-2,2021-04-06,9.0,207.0473876063187,1,bad
9000000655-2,2021-04-06,10.0,280.5194805194811,1,bad
9000000655-2,2021-04-06,11.0,293.3435348125476,1,bad
9000000655-2,2021-04-06,12.0,278.2939832444783,1,bad
9000000655-2,2021-04-06,13.0,352.3059617547811,1,bad
9000000655-2,2021-04-06,14.0,504.4935262757059,1,bad
9000000655-2,2021-04-06,15.0,607.195357833656,1,bad
9000000655-2,2021-04-06,16.0,533.1818181818204,1,bad
9000000655-2,2021-04-06,17.0,327.692307692308,1,bad
9000000655-2,2021-04-06,18.0,140.39847392963122,1,bad
9000000655-2,2021-04-07,7.0,305.9340659340651,1,bad
9000000655-2,2021-04-07,8.0,303.14318975553,1,bad
9000000655-2,2021-04-07,9.0,335.53657630894804,1,bad
9000000655-2,2021-04-07,10.0,400.15600624025,1,bad
9000000655-2,2021-04-07,11.0,428.093645484951,1,bad
9000000655-2,2021-04-07,12.0,397.595792637114,1,bad
9000000655-2,2021-04-07,13.0,398.19413092550894,1,bad
9000000655-2,2021-04-07,14.0,509.4211123723039,1,bad
9000000655-2,2021-04-07,15.0,631.384615384611,1,bad
9000000655-2,2021-04-07,16.0,554.264150943398,1,bad
9000000655-2,2021-04-07,17.0,441.2102642665629,1,bad
9000000655-2,2021-04-07,18.0,278.59733978234533,1,bad
9000000655-2,2021-04-08,7.0,362.099125364431,1,bad
9000000655-2,2021-04-08,8.0,342.22549742078104,1,bad
9000000655-2,2021-04-08,9.0,198.24780976220268,1,bad
9000000655-2,2021-04-08,10.0,258.700040371417,1,bad
9000000655-2,2021-04-08,11.0,338.097182523479,1,bad
9000000655-2,2021-04-08,12.0,457.40528128588005,1,bad
9000000655-2,2021-04-08,13.0,457.85876993166096,1,bad
9000000655-2,2021-04-08,14.0,567.4074074074069,1,bad
9000000655-2,2021-04-08,15.0,607.4549098196414,1,bad
9000000655-2,2021-04-08,16.0,337.0517928286841,1,bad
9000000655-2,2021-04-08,17.0,244.15341440598706,1,bad
9000000655-2,2021-04-08,18.0,167.8838539375277,1,bad
9000000655-2,2021-04-09,7.0,315.53784860557846,1,good
9000000655-2,2021-04-09,8.0,336.91275167785307,1,good
9000000655-2,2021-04-09,9.0,199.1742361684557,1,good
9000000655-2,2021-04-09,10.0,298.098256735341,1,good
9000000655-2,2021-04-09,11.0,433.56081894821295,1,good
9000000655-2,2021-04-09,12.0,414.622641509434,1,good
9000000655-2,2021-04-09,13.0,460.0638977635771,1,good
9000000655-2,2021-04-09,14.0,441.61943319837894,1,good
9000000655-2,2021-04-09,15.0,612.510425354461,1,good
9000000655-2,2021-04-09,16.0,460.4976671850705,1,good
9000000655-2,2021-04-09,17.0,402.82861896838523,1,good
9000000655-2,2021-04-09,18.0,396.30484988452747,1,good
9000000655-2,2021-04-10,7.0,171.73144876325097,0,good
9000000655-2,2021-04-10,8.0,214.27034779490862,0,good
9000000655-2,2021-04-10,9.0,279.7122302158271,0,good
9000000655-2,2021-04-10,10.0,398.22419533851144,0,good
9000000655-2,2021-04-10,11.0,379.5695001824137,0,good
9000000655-2,2021-04-10,12.0,423.45229424617696,0,good
9000000655-2,2021-04-10,13.0,404.3478260869566,0,good
9000000655-2,2021-04-10,14.0,374.7508305647841,0,good
9000000655-2,2021-04-10,15.0,359.18979744936155,0,good
9000000655-2,2021-04-10,16.0,157.22891566265082,0,good
9000000655-2,2021-04-10,17.0,174.78841870824,0,good
9000000655-2,2021-04-10,18.0,182.7261563651246,0,good
9000000655-2,2021-04-11,7.0,83.8943552563439,0,bad
9000000655-2,2021-04-11,8.0,129.81078186361998,0,bad
9000000655-2,2021-04-11,9.0,187.4044412085912,0,bad
9000000655-2,2021-04-11,10.0,240.78947368421072,0,bad
9000000655-2,2021-04-11,11.0,300.33076074972575,0,bad
9000000655-2,2021-04-11,12.0,374.9728752260396,0,bad
9000000655-2,2021-04-11,13.0,339.84632272228276,0,bad
9000000655-2,2021-04-11,14.0,336.8037859483059,0,bad
9000000655-2,2021-04-11,15.0,328.23529411764616,0,bad
9000000655-2,2021-04-11,16.0,370.8378672470069,0,bad
9000000655-2,2021-04-11,17.0,339.34426229508273,0,bad
9000000655-2,2021-04-11,18.0,370.5089820359292,0,bad
9000000655-2,2021-04-12,8.0,373.1966890027592,1,bad
9000000655-2,2021-04-12,9.0,434.338747099769,1,bad
9000000655-2,2021-04-12,10.0,486.156167483967,1,bad
9000000655-2,2021-04-12,11.0,471.24760076775505,1,bad
9000000655-2,2021-04-12,12.0,526.1106780982071,1,bad
9000000655-2,2021-04-12,13.0,572.947976878613,1,bad
9000000655-2,2021-04-12,14.0,637.340548898336,1,bad
9000000655-2,2021-04-12,15.0,677.912907022365,1,bad
9000000655-2,2021-04-12,16.0,678.504672897199,1,bad
9000000655-2,2021-04-12,17.0,564.5984012181179,1,bad
9000000655-2,2021-04-12,18.0,513.1221719456997,1,bad
9000000655-2,2021-04-13,7.0,430.11170471102497,1,bad
9000000655-2,2021-04-13,8.0,408.036391205458,1,bad
9000000655-2,2021-04-13,9.0,423.371790100485,1,bad
9000000655-2,2021-04-13,10.0,450.843644544432,1,bad
9000000655-2,2021-04-13,11.0,502.5484975275781,1,bad
9000000655-2,2021-04-13,12.0,452.391799544418,1,bad
9000000655-2,2021-04-13,13.0,517.448116833204,1,bad
9000000655-2,2021-04-13,14.0,624.092664092667,1,bad
9000000655-2,2021-04-13,15.0,752.259559675547,1,bad
9000000655-2,2021-04-13,16.0,627.677873338544,1,bad
9000000655-2,2021-04-13,17.0,564.271993853244,1,bad
9000000655-2,2021-04-13,18.0,509.00798175598476,1,bad
9000000655-2,2021-04-14,7.0,435.4948805460763,1,good
9000000655-2,2021-04-14,8.0,444.08352668213604,1,good
9000000655-2,2021-04-14,9.0,216.70199236964788,1,good
9000000655-2,2021-04-14,10.0,359.570234779149,1,good
9000000655-2,2021-04-14,11.0,399.515738498789,1,good
9000000655-2,2021-04-14,12.0,428.401428004762,1,good
9000000655-2,2021-04-14,13.0,528.837209302327,1,good
9000000655-2,2021-04-14,14.0,744.495412844034,1,good
9000000655-2,2021-04-14,15.0,719.999999999995,1,good
9000000655-2,2021-04-14,16.0,517.5,1,good
9000000655-2,2021-04-14,17.0,396.04641168886985,1,good
9000000655-2,2021-04-14,18.0,507.692307692305,1,good
9000000655-2,2021-04-15,7.0,412.65351693338505,1,good
9000000655-2,2021-04-15,8.0,391.603053435114,1,good
9000000655-2,2021-04-15,9.0,226.72340425531948,1,good
9000000655-2,2021-04-15,10.0,333.467579540878,1,good
9000000655-2,2021-04-15,11.0,406.175771971498,1,good
9000000655-2,2021-04-15,12.0,568.4210526315769,1,good
9000000655-2,2021-04-15,13.0,511.300309597522,1,good
9000000655-2,2021-04-15,14.0,675.982532751095,1,good
9000000655-2,2021-04-15,15.0,615.4222766217861,1,good
9000000655-2,2021-04-15,16.0,470.305113880534,1,good
9000000655-2,2021-04-15,17.0,529.3280632411061,1,good
9000000655-2,2021-04-15,18.0,419.658813972379,1,good
9000000655-2,2021-04-15,19.0,503.3175355450217,1,good
9000000655-2,2021-04-16,7.0,469.506726457398,1,good
9000000655-2,2021-04-16,8.0,437.08301008533704,1,good
9000000655-2,2021-04-16,9.0,308.2706766917292,1,good
9000000655-2,2021-04-16,10.0,358.542510121457,1,good
9000000655-2,2021-04-16,11.0,482.333051563821,1,good
9000000655-2,2021-04-16,12.0,677.5119617224871,1,good
9000000655-2,2021-04-16,13.0,533.009708737863,1,good
9000000655-2,2021-04-16,14.0,710.989440750876,1,good
9000000655-2,2021-04-16,15.0,651.9685039370061,1,good
9000000655-2,2021-04-16,16.0,398.67768595041196,1,good
9000000655-2,2021-04-16,17.0,471.140939597316,1,good
9000000655-2,2021-04-16,18.0,353.953297828759,1,good
9000000655-2,2021-04-16,19.0,482.0420958351978,1,good
9000000655-2,2021-04-17,7.0,233.0843116328702,0,good
9000000655-2,2021-04-17,8.0,286.49621894130416,0,good
9000000655-2,2021-04-17,9.0,452.9199711607761,0,good
9000000655-2,2021-04-17,10.0,454.76451259583894,0,good
9000000655-2,2021-04-17,11.0,448.1869460112823,0,good
9000000655-2,2021-04-17,12.0,495.6328645447827,0,good
9000000655-2,2021-04-17,13.0,518.8707280832111,0,good
9000000655-2,2021-04-17,14.0,445.584905660379,0,good
9000000655-2,2021-04-17,15.0,375.2265861027186,0,good
9000000655-2,2021-04-17,16.0,361.33333333333337,0,good
9000000655-2,2021-04-17,17.0,270.6988148753582,0,good
9000000655-2,2021-04-17,18.0,299.2974238875874,0,good
9000000655-2,2021-04-17,19.0,299.387755102041,0,good
9000000655-2,2021-04-18,7.0,98.90109890109879,0,bad
9000000655-2,2021-04-18,8.0,145.5977093772374,0,bad
9000000655-2,2021-04-18,9.0,208.6770981507816,0,bad
9000000655-2,2021-04-18,10.0,334.6112115732368,0,bad
9000000655-2,2021-04-18,11.0,365.50218340611264,0,bad
9000000655-2,2021-04-18,12.0,382.6720058245349,0,bad
9000000655-2,2021-04-18,13.0,354.335894621295,0,bad
9000000655-2,2021-04-18,14.0,347.88273615635114,0,bad
9000000655-2,2021-04-18,15.0,372.4137931034487,0,bad
9000000655-2,2021-04-18,16.0,335.7169185403624,0,bad
9000000655-2,2021-04-18,17.0,332.3285606631485,0,bad
9000000655-2,2021-04-18,18.0,387.9999999999997,0,bad
9000000655-2,2021-04-18,19.0,337.98283261802607,0,bad
9000000655-2,2021-04-19,7.0,355.8139534883714,1,bad
9000000655-2,2021-04-19,8.0,413.858267716535,1,bad
9000000655-2,2021-04-19,9.0,454.82388973966397,1,bad
9000000655-2,2021-04-19,10.0,458.35543766578303,1,bad
9000000655-2,2021-04-19,11.0,467.550170390003,1,bad
9000000655-2,2021-04-19,12.0,514.4865286997272,1,bad
9000000655-2,2021-04-19,13.0,600.701754385963,1,bad
9000000655-2,2021-04-19,14.0,577.226955848178,1,bad
9000000655-2,2021-04-19,15.0,741.218074656191,1,bad
9000000655-2,2021-04-19,16.0,655.5956678700401,1,bad
9000000655-2,2021-04-19,17.0,613.043478260867,1,bad
9000000655-2,2021-04-20,7.0,468.381240544629,1,bad
9000000655-2,2021-04-20,8.0,464.91428571428503,1,bad
9000000655-2,2021-04-20,9.0,475.704493526276,1,bad
9000000655-2,2021-04-20,10.0,436.1078546307145,1,bad
9000000655-2,2021-04-20,11.0,542.194258749509,1,bad
9000000655-2,2021-04-20,12.0,572.4727838258179,1,bad
9000000655-2,2021-04-20,13.0,529.6551724137901,1,bad
9000000655-2,2021-04-20,14.0,533.664596273293,1,bad
9000000655-2,2021-04-20,15.0,781.1320754717051,1,bad
9000000655-2,2021-04-20,16.0,599.459945994598,1,bad
9000000655-2,2021-04-20,17.0,399.056603773585,1,bad
9000000655-2,2021-04-20,18.0,379.859894921191,1,bad
9000000655-2,2021-04-20,19.0,464.9931538110439,1,bad
9000000655-2,2021-04-21,7.0,400.752162467092,1,bad
9000000655-2,2021-04-21,8.0,344.4976076555032,1,bad
9000000655-2,2021-04-21,9.0,310.89588377723976,1,bad
9000000655-2,2021-04-21,10.0,449.999999999999,1,bad
9000000655-2,2021-04-21,11.0,470.7365104371801,1,bad
9000000655-2,2021-04-21,12.0,449.819783740488,1,bad
9000000655-2,2021-04-21,13.0,502.021018593369,1,bad
9000000655-2,2021-04-21,14.0,642.95830055075,1,bad
9000000655-2,2021-04-21,15.0,678.020134228186,1,bad
9000000655-2,2021-04-21,16.0,464.810126582279,1,bad
9000000655-2,2021-04-21,17.0,673.684210526317,1,bad
9000000655-2,2021-04-21,18.0,482.90909090908997,1,bad
9000000655-2,2021-04-21,19.0,476.9102990033226,1,bad
9000000655-2,2021-04-22,6.0,300.6302521008402,1,good
9000000655-2,2021-04-22,7.0,363.953048087845,1,good
9000000655-2,2021-04-22,8.0,296.784830997527,1,good
9000000655-2,2021-04-22,9.0,277.727084197428,1,good
9000000655-2,2021-04-22,10.0,314.67522052927103,1,good
9000000655-2,2021-04-22,11.0,546.275752773376,1,good
9000000655-2,2021-04-22,12.0,511.44435674822296,1,good
9000000655-2,2021-04-22,13.0,596.55568312285,1,good
9000000655-2,2021-04-22,14.0,779.663730984792,1,good
9000000655-2,2021-04-22,15.0,805.433479824211,1,good
9000000655-2,2021-04-22,16.0,752.72727272727,1,good
9000000655-2,2021-04-22,17.0,538.235294117645,1,good
9000000655-2,2021-04-22,18.0,418.63917525773104,1,good
9000000655-2,2021-04-22,19.0,465.8123191401402,1,good
9000000655-2,2021-04-23,6.0,292.4369747899152,1,good
9000000655-2,2021-04-23,7.0,378.0,1,good
9000000655-2,2021-04-23,8.0,471.724137931034,1,good
9000000655-2,2021-04-23,9.0,483.2116788321151,1,good
9000000655-2,2021-04-23,10.0,351.079136690648,1,good
9000000655-2,2021-04-23,11.0,617.987679671462,1,good
9000000655-2,2021-04-23,12.0,643.0151577222468,1,good
9000000655-2,2021-04-23,13.0,624.632068164212,1,good
9000000655-2,2021-04-23,14.0,793.533123028392,1,good
9000000655-2,2021-04-23,15.0,726.5532251681819,1,good
9000000655-2,2021-04-23,16.0,395.4600729631139,1,good
9000000655-2,2021-04-23,17.0,486.159023979807,1,good
9000000655-2,2021-04-23,18.0,410.008628127697,1,good
9000000655-2,2021-04-23,19.0,504.82758620689395,1,good
9000000655-2,2021-04-24,6.0,126.4637002341925,0,good
9000000655-2,2021-04-24,7.0,285.4907539118059,0,good
9000000655-2,2021-04-24,8.0,312.26595338173547,0,good
9000000655-2,2021-04-24,9.0,306.01443464314474,0,good
9000000655-2,2021-04-24,10.0,315.6462585034015,0,good
9000000655-2,2021-04-24,11.0,495.0343773873201,0,good
9000000655-2,2021-04-24,12.0,524.4579688094328,0,good
9000000655-2,2021-04-24,13.0,522.8160707703682,0,good
9000000655-2,2021-04-24,14.0,429.5684803001894,0,good
9000000655-2,2021-04-24,15.0,321.0526315789484,0,good
9000000655-2,2021-04-24,16.0,202.5855513307986,0,good
9000000655-2,2021-04-24,17.0,256.1151079136688,0,good
9000000655-2,2021-04-24,18.0,256.17413143574674,0,good
9000000655-2,2021-04-24,19.0,367.57170172084057,0,good
9000000655-2,2021-04-25,6.0,94.23076923076911,0,good
9000000655-2,2021-04-25,7.0,119.43743238369949,0,good
9000000655-2,2021-04-25,8.0,217.9714616274589,0,good
9000000655-2,2021-04-25,9.0,203.61677568295494,0,good
9000000655-2,2021-04-25,10.0,314.6666666666674,0,good
9000000655-2,2021-04-25,11.0,453.5199670646373,0,good
9000000655-2,2021-04-25,12.0,429.7326986451866,0,good
9000000655-2,2021-04-25,13.0,405.9149722735674,0,good
9000000655-2,2021-04-25,14.0,384.6720707442899,0,good
9000000655-2,2021-04-25,15.0,318.1647235802921,0,good
9000000655-2,2021-04-25,16.0,179.7876523790802,0,good
9000000655-2,2021-04-25,17.0,237.8334017234308,0,good
9000000655-2,2021-04-25,18.0,270.51177904142924,0,good
9000000655-2,2021-04-25,19.0,423.4493192133132,0,good
9000000655-2,2021-04-26,6.0,274.0872662511128,1,bad
9000000655-2,2021-04-26,7.0,300.2223869532983,1,bad
9000000655-2,2021-04-26,8.0,363.3802816901399,1,bad
9000000655-2,2021-04-26,9.0,405.95144870791074,1,bad
9000000655-2,2021-04-26,10.0,455.276381909546,1,bad
9000000655-2,2021-04-26,11.0,460.129721480351,1,bad
9000000655-2,2021-04-26,12.0,492.84838577850496,1,bad
9000000655-2,2021-04-26,13.0,527.8510473235038,1,bad
9000000655-2,2021-04-26,14.0,580.851063829785,1,bad
9000000655-2,2021-04-26,15.0,595.155709342558,1,bad
9000000655-2,2021-04-26,16.0,571.7821782178187,1,bad
9000000655-2,2021-04-26,17.0,489.3600908746679,1,bad
9000000655-2,2021-04-26,18.0,481.2546676624323,1,bad
9000000655-2,2021-04-26,19.0,418.34288692027076,1,bad
9000000655-2,2021-04-27,7.0,136.27760252365908,1,bad
9000000655-2,2021-04-27,8.0,159.34844192634588,1,bad
9000000655-2,2021-04-27,9.0,241.82015167930655,1,bad
9000000655-2,2021-04-27,10.0,288.6297376093287,1,bad
9000000655-2,2021-04-27,11.0,387.8743608473346,1,bad
9000000655-2,2021-04-27,12.0,376.53061224489824,1,bad
9000000655-2,2021-04-27,13.0,326.0579064587983,1,bad
9000000655-2,2021-04-27,14.0,399.9999999999998,1,bad
9000000655-2,2021-04-27,15.0,357.04697986577213,1,bad
9000000655-2,2021-04-27,16.0,329.2435077154688,1,bad
9000000655-2,2021-04-27,17.0,360.6654343807771,1,bad
9000000655-2,2021-04-27,18.0,403.17820658342777,1,bad
9000000655-2,2021-04-28,7.0,344.9101796407191,1,good
9000000655-2,2021-04-28,8.0,323.65512159174637,1,good
9000000655-2,2021-04-28,9.0,408.6131386861317,1,good
9000000655-2,2021-04-28,10.0,471.2570056044839,1,good
9000000655-2,2021-04-28,11.0,528.7410926365799,1,good
9000000655-2,2021-04-28,12.0,490.45936395759895,1,good
9000000655-2,2021-04-28,13.0,486.983877310263,1,good
9000000655-2,2021-04-28,14.0,588.4615384615361,1,good
9000000655-2,2021-04-28,15.0,769.665809768638,1,good
9000000655-2,2021-04-28,16.0,684.189243833402,1,good
9000000655-2,2021-04-28,17.0,650.569476082002,1,good
9000000655-2,2021-04-28,18.0,522.3214285714305,1,good
9000000655-2,2021-04-29,7.0,314.6564885496171,1,good
9000000655-2,2021-04-29,8.0,359.01447008212665,1,good
9000000655-2,2021-04-29,9.0,394.2494714587748,1,good
9000000655-2,2021-04-29,10.0,460.97560975609804,1,good
9000000655-2,2021-04-29,11.0,434.19203747072555,1,good
9000000655-2,2021-04-29,12.0,492.660550458715,1,good
9000000655-2,2021-04-29,13.0,466.56441717791597,1,good
9000000655-2,2021-04-29,14.0,533.867735470943,1,good
9000000655-2,2021-04-29,15.0,670.2958579881645,1,good
9000000655-2,2021-04-29,16.0,569.6013289036551,1,good
9000000655-2,2021-04-29,17.0,518.6700767263449,1,good
9000000655-2,2021-04-29,18.0,383.0091306073839,1,good
9000000655-2,2021-04-29,19.0,508.58316221766336,1,good
9000000655-2,2021-04-30,7.0,324.0000000000001,1,bad
9000000655-2,2021-04-30,8.0,340.2985074626878,1,bad
9000000655-2,2021-04-30,9.0,325.9717314487635,1,bad
9000000655-2,2021-04-30,10.0,334.1898052217147,1,bad
9000000655-2,2021-04-30,11.0,496.905537459282,1,bad
9000000655-2,2021-04-30,12.0,518.170974155071,1,bad
9000000655-2,2021-04-30,13.0,555.7739557739569,1,bad
9000000655-2,2021-04-30,14.0,632.307692307694,1,bad
9000000655-2,2021-04-30,15.0,626.3648468708426,1,bad
9000000655-2,2021-04-30,16.0,471.0138830458594,1,bad
9000000655-2,2021-04-30,17.0,520.7455429497562,1,bad
9000000655-2,2021-04-30,18.0,412.3409178557675,1,bad
9000000655-2,2021-04-30,19.0,427.9444038039511,1,bad
9000000655-2,2021-05-01,6.0,66.01279317697222,0,good
9000000655-2,2021-05-01,7.0,148.9300998573463,0,good
9000000655-2,2021-05-01,8.0,245.6317689530679,0,good
9000000655-2,2021-05-01,9.0,276.9230769230779,0,good
9000000655-2,2021-05-01,10.0,454.3815362423385,0,good
9000000655-2,2021-05-01,11.0,426.2815884476537,0,good
9000000655-2,2021-05-01,12.0,481.3953488372058,0,good
9000000655-2,2021-05-01,13.0,402.21975582685707,0,good
9000000655-2,2021-05-01,14.0,350.8029197080292,0,good
9000000655-2,2021-05-01,15.0,278.3287778211626,0,good
9000000655-2,2021-05-01,16.0,280.1346801346812,0,good
9000000655-2,2021-05-01,17.0,343.125,0,good
9000000655-2,2021-05-01,18.0,299.8848368522082,0,good
9000000655-2,2021-05-01,19.0,386.6220735785959,0,good
9000000655-2,2021-05-02,7.0,85.183836912996,0,bad
9000000655-2,2021-05-02,8.0,175.5131964809376,0,bad
9000000655-2,2021-05-02,9.0,232.55474452554714,0,bad
9000000655-2,2021-05-02,10.0,336.88073394495325,0,bad
9000000655-2,2021-05-02,11.0,370.90103397341187,0,bad
9000000655-2,2021-05-02,12.0,357.8635014836794,0,bad
9000000655-2,2021-05-02,13.0,333.3586337760917,0,bad
9000000655-2,2021-05-02,14.0,312.036336109008,0,bad
9000000655-2,2021-05-02,15.0,297.8563369687849,0,bad
9000000655-2,2021-05-02,16.0,353.8983050847469,0,bad
9000000655-2,2021-05-02,17.0,387.83783783783844,0,bad
9000000655-2,2021-05-02,18.0,349.2930277913207,0,bad
9000000655-2,2021-05-03,7.0,355.0458715596343,1,good
9000000655-2,2021-05-03,8.0,381.54086820492694,1,good
9000000655-2,2021-05-03,9.0,439.785390012382,1,good
9000000655-2,2021-05-03,10.0,435.726210350584,1,good
9000000655-2,2021-05-03,11.0,403.6649214659686,1,good
9000000655-2,2021-05-03,12.0,380.43377941855,1,good
9000000655-2,2021-05-03,13.0,497.038327526134,1,good
9000000655-2,2021-05-03,14.0,553.038405444825,1,good
9000000655-2,2021-05-03,15.0,631.331592689294,1,good
9000000655-2,2021-05-03,16.0,506.78111587982994,1,good
9000000655-2,2021-05-03,17.0,393.26354119253386,1,good
9000000655-2,2021-05-03,18.0,400.70113935144605,1,good
9000000655-2,2021-05-03,19.0,455.9073359073378,1,good
9000000655-2,2021-05-04,6.0,352.40748109828996,1,good
9000000655-2,2021-05-04,7.0,368.71508379888303,1,good
9000000655-2,2021-05-04,8.0,379.6259450855556,1,good
9000000655-2,2021-05-04,9.0,307.8947368421062,1,good
9000000655-2,2021-05-04,10.0,378.27121332275897,1,good
9000000655-2,2021-05-04,11.0,399.501246882794,1,good
9000000655-2,2021-05-04,12.0,457.23711340206,1,good
9000000655-2,2021-05-04,13.0,479.5081967213129,1,good
9000000655-2,2021-05-04,14.0,602.630530091673,1,good
9000000655-2,2021-05-04,15.0,628.148148148147,1,good
9000000655-2,2021-05-04,16.0,489.539748953977,1,good
9000000655-2,2021-05-04,17.0,516.341030195382,1,good
9000000655-2,2021-05-04,18.0,390.476190476191,1,good
9000000655-2,2021-05-04,19.0,549.6391948347914,1,good
9000000655-2,2021-05-05,6.0,283.9939024390246,1,bad
9000000655-2,2021-05-05,7.0,390.9808342728306,1,bad
9000000655-2,2021-05-05,8.0,345.51971326164823,1,bad
9000000655-2,2021-05-05,9.0,368.7013519049582,1,bad
9000000655-2,2021-05-05,10.0,491.74168297456,1,bad
9000000655-2,2021-05-05,11.0,510.4918032786901,1,bad
9000000655-2,2021-05-05,12.0,452.166934189407,1,bad
9000000655-2,2021-05-05,13.0,642.038216560512,1,bad
9000000655-2,2021-05-05,14.0,778.15384615384,1,bad
9000000655-2,2021-05-05,15.0,758.259530227184,1,bad
9000000655-2,2021-05-05,16.0,719.724243584828,1,bad
9000000655-2,2021-05-05,17.0,671.551401869159,1,bad
9000000655-2,2021-05-05,18.0,570.5660377358514,1,bad
9000000655-2,2021-05-05,19.0,575.9208356239661,1,bad
9000000655-2,2021-05-06,7.0,304.225352112676,1,bad
9000000655-2,2021-05-06,8.0,392.727272727273,1,bad
9000000655-2,2021-05-06,9.0,445.00574052813,1,bad
9000000655-2,2021-05-06,10.0,490.42709867452095,1,bad
9000000655-2,2021-05-06,11.0,501.526717557252,1,bad
9000000655-2,2021-05-06,12.0,494.17177914110596,1,bad
9000000655-2,2021-05-06,13.0,614.634146341466,1,bad
9000000655-2,2021-05-06,14.0,763.095691955778,1,bad
9000000655-2,2021-05-06,15.0,825.1716247139609,1,bad
9000000655-2,2021-05-06,16.0,706.944444444449,1,bad
9000000655-2,2021-05-06,17.0,578.286558345641,1,bad
9000000655-2,2021-05-06,18.0,551.854655563965,1,bad
9000000655-2,2021-05-06,19.0,497.39687625149986,1,bad
9000000655-2,2021-05-07,7.0,385.22984174830356,1,bad
9000000655-2,2021-05-07,8.0,392.727272727273,1,bad
9000000655-2,2021-05-07,9.0,517.225609756098,1,bad
9000000655-2,2021-05-07,10.0,455.172413793102,1,bad
9000000655-2,2021-05-07,11.0,468.647380766223,1,bad
9000000655-2,2021-05-07,12.0,600.231035810548,1,bad
9000000655-2,2021-05-07,13.0,602.052451539337,1,bad
9000000655-2,2021-05-07,14.0,700.910170162247,1,bad
9000000655-2,2021-05-07,15.0,709.581540868201,1,bad
9000000655-2,2021-05-07,16.0,736.866359447005,1,bad
9000000655-2,2021-05-07,19.0,461.79911254538075,1,bad
9000000655-2,2021-05-08,6.0,169.3280632411064,0,good
9000000655-2,2021-05-08,7.0,231.18087763110952,0,good
9000000655-2,2021-05-08,8.0,225.00000000000009,0,good
9000000655-2,2021-05-08,9.0,271.8027734976889,0,good
9000000655-2,2021-05-08,10.0,342.1838177533381,0,good
9000000655-2,2021-05-08,11.0,382.091856426089,0,good
9000000655-2,2021-05-08,12.0,392.40410178503583,0,good
9000000655-2,2021-05-08,13.0,414.24287856071845,0,good
9000000655-2,2021-05-08,14.0,417.9385171790241,0,good
9000000655-2,2021-05-08,15.0,376.453382084096,0,good
9000000655-2,2021-05-08,16.0,235.6525319061347,0,good
9000000655-2,2021-05-08,17.0,347.088314693406,0,good
9000000655-2,2021-05-08,18.0,316.8,0,good
9000000655-2,2021-05-08,19.0,356.8513119533538,0,good
9000000655-2,2021-05-09,6.0,71.43391988019474,0,good
9000000655-2,2021-05-09,7.0,123.2601414216595,0,good
9000000655-2,2021-05-09,8.0,155.8502340093609,0,good
9000000655-2,2021-05-09,9.0,179.7972211791214,0,good
9000000655-2,2021-05-09,10.0,315.225160829164,0,good
9000000655-2,2021-05-09,11.0,457.538237436271,0,good
9000000655-2,2021-05-09,12.0,483.2912306026675,0,good
9000000655-2,2021-05-09,13.0,430.2533000356776,0,good
9000000655-2,2021-05-09,14.0,363.84341637010556,0,good
9000000655-2,2021-05-09,15.0,307.02781844802445,0,good
9000000655-2,2021-05-09,16.0,199.2418498862774,0,good
9000000655-2,2021-05-09,17.0,276.3665594855303,0,good
9000000655-2,2021-05-09,18.0,277.87839586028497,0,good
9000000655-2,2021-05-09,19.0,378.17371937639246,0,good
9000000655-2,2021-05-10,6.0,296.98996655518397,1,good
9000000655-2,2021-05-10,7.0,421.571648690294,1,good
9000000655-2,2021-05-10,8.0,416.85649202733356,1,good
9000000655-2,2021-05-10,9.0,345.2666391070685,1,good
9000000655-2,2021-05-10,10.0,391.590493601462,1,good
9000000655-2,2021-05-10,11.0,485.806451612904,1,good
9000000655-2,2021-05-10,12.0,641.86046511628,1,good
9000000655-2,2021-05-10,13.0,670.902160101649,1,good
9000000655-2,2021-05-10,14.0,707.989464442491,1,good
9000000655-2,2021-05-10,15.0,772.782503037668,1,good
9000000655-2,2021-05-10,16.0,506.202209005947,1,good
9000000655-2,2021-05-10,17.0,567.5184062364649,1,good
9000000655-2,2021-05-10,18.0,402.234636871508,1,good
9000000655-2,2021-05-10,19.0,468.7429643527223,1,good
9000000655-2,2021-05-11,6.0,276.81766273315606,1,good
9000000655-2,2021-05-11,7.0,360.721442885771,1,good
9000000655-2,2021-05-11,8.0,334.4929995757314,1,good
9000000655-2,2021-05-11,9.0,298.4075132707235,1,good
9000000655-2,2021-05-11,10.0,409.245926487307,1,good
9000000655-2,2021-05-11,11.0,471.556886227546,1,good
9000000655-2,2021-05-11,12.0,561.430201597566,1,good
9000000655-2,2021-05-11,13.0,537.581573896352,1,good
9000000655-2,2021-05-11,14.0,632.122800449267,1,good
9000000655-2,2021-05-11,15.0,718.7739463601572,1,good
9000000655-2,2021-05-11,16.0,596.8305566842771,1,good
9000000655-2,2021-05-11,17.0,486.22965244170604,1,good
9000000655-2,2021-05-11,18.0,482.3386114494499,1,good
9000000655-2,2021-05-11,19.0,569.0376569037637,1,good
9000000655-2,2021-05-12,7.0,325.037936267072,1,good
9000000655-2,2021-05-12,8.0,404.067266327727,1,good
9000000655-2,2021-05-12,9.0,509.28143712575,1,good
9000000655-2,2021-05-12,10.0,470.08483954260294,1,good
9000000655-2,2021-05-12,11.0,474.81371087928596,1,good
9000000655-2,2021-05-12,12.0,483.90761075350196,1,good
9000000655-2,2021-05-12,13.0,616.390919584454,1,good
9000000655-2,2021-05-12,14.0,671.892497200447,1,good
9000000655-2,2021-05-12,15.0,760.092807424598,1,good
9000000655-2,2021-05-12,16.0,709.99248685199,1,good
9000000655-2,2021-05-12,17.0,713.0563798219559,1,good
9000000655-2,2021-05-12,18.0,512.667191188042,1,good
9000000655-2,2021-05-12,19.0,576.1589403973529,1,good
9000000655-2,2021-05-13,6.0,306.76691729323295,1,good
9000000655-2,2021-05-13,7.0,422.050716648292,1,good
9000000655-2,2021-05-13,8.0,420.467185761958,1,good
9000000655-2,2021-05-13,9.0,390.5271199388857,1,good
9000000655-2,2021-05-13,11.0,496.91409507923197,1,good
9000000655-2,2021-05-13,12.0,573.6263736263729,1,good
9000000655-2,2021-05-13,13.0,551.612903225805,1,good
9000000655-2,2021-05-13,14.0,723.766816143494,1,good
9000000655-2,2021-05-13,15.0,706.049822064057,1,good
9000000655-2,2021-05-13,16.0,589.198036006544,1,good
9000000655-2,2021-05-13,17.0,579.442231075695,1,good
9000000655-2,2021-05-13,18.0,547.884187082406,1,good
9000000655-2,2021-05-13,19.0,487.5406283856964,1,good
9000000655-2,2021-05-14,6.0,351.91545574636604,1,bad
9000000655-2,2021-05-14,7.0,385.856353591161,1,bad
9000000655-2,2021-05-14,8.0,369.333333333334,1,bad
9000000655-2,2021-05-14,9.0,446.869278652509,1,bad
9000000655-2,2021-05-14,10.0,517.899408284026,1,bad
9000000655-2,2021-05-14,11.0,547.855277881389,1,bad
9000000655-2,2021-05-14,12.0,599.544764795142,1,bad
9000000655-2,2021-05-14,13.0,682.5028100412169,1,bad
9000000655-2,2021-05-14,14.0,706.166219839144,1,bad
9000000655-2,2021-05-14,15.0,675.0866384289529,1,bad
9000000655-2,2021-05-14,16.0,731.186055323985,1,bad
9000000655-2,2021-05-14,17.0,638.307692307689,1,bad
9000000655-2,2021-05-14,18.0,623.179791976228,1,bad
9000000655-2,2021-05-14,19.0,508.3612040133789,1,bad
9000000655-2,2021-05-15,6.0,173.1871241598864,0,good
9000000655-2,2021-05-15,7.0,232.21757322175745,0,good
9000000655-2,2021-05-15,8.0,263.5091496232502,0,good
9000000655-2,2021-05-15,9.0,377.85467128027653,0,good
9000000655-2,2021-05-15,10.0,396.103896103897,0,good
9000000655-2,2021-05-15,11.0,396.0000000000009,0,good
9000000655-2,2021-05-15,12.0,477.66116941529083,0,good
9000000655-2,2021-05-15,13.0,493.1868131868145,0,good
9000000655-2,2021-05-15,14.0,393.8136552244419,0,good
9000000655-2,2021-05-15,15.0,287.8264363198062,0,good
9000000655-2,2021-05-15,16.0,314.4456886898095,0,good
9000000655-2,2021-05-15,17.0,347.13791778716825,0,good
9000000655-2,2021-05-15,18.0,371.14803625377726,0,good
9000000655-2,2021-05-15,19.0,336.9714492229866,0,good
9000000655-2,2021-05-16,7.0,132.121635791681,0,good
9000000655-2,2021-05-16,8.0,182.10116731517508,0,good
9000000655-2,2021-05-16,9.0,235.20871143375672,0,good
9000000655-2,2021-05-16,10.0,376.10017889087624,0,good
9000000655-2,2021-05-16,11.0,274.7415066469715,0,good
9000000655-2,2021-05-16,12.0,385.34728829685923,0,good
9000000655-2,2021-05-16,13.0,332.66811279826413,0,good
9000000655-2,2021-05-16,14.0,335.84499461786794,0,good
9000000655-2,2021-05-16,15.0,400.14295925661054,0,good
9000000655-2,2021-05-16,16.0,329.7815254886934,0,good
9000000655-2,2021-05-16,17.0,399.4198694706292,0,good
9000000655-2,2021-05-16,18.0,392.34933237098477,0,good
9000000655-2,2021-05-16,19.0,454.17956656346627,0,good
9000000655-2,2021-05-17,7.0,308.24175824175876,1,good
9000000655-2,2021-05-17,8.0,342.79158699808704,1,good
9000000655-2,2021-05-17,9.0,448.99478778853097,1,good
9000000655-2,2021-05-17,10.0,390.134529147982,1,good
9000000655-2,2021-05-17,11.0,500.962250185048,1,good
9000000655-2,2021-05-17,12.0,547.883211678834,1,good
9000000655-2,2021-05-17,13.0,589.6209054103771,1,good
9000000655-2,2021-05-17,14.0,579.10673732021,1,good
9000000655-2,2021-05-17,15.0,666.243050039717,1,good
9000000655-2,2021-05-17,16.0,530.132052821126,1,good
9000000655-2,2021-05-17,17.0,624.574961360125,1,good
9000000655-2,2021-05-17,18.0,364.31226765799204,1,good
9000000655-2,2021-05-17,19.0,324.7386759581875,1,good
9000000655-2,2021-05-18,6.0,331.3466616371179,1,good
9000000655-2,2021-05-18,7.0,349.908991627229,1,good
9000000655-2,2021-05-18,8.0,445.52486187845307,1,good
9000000655-2,2021-05-18,9.0,440.57331863285594,1,good
9000000655-2,2021-05-18,10.0,430.37156704361996,1,good
9000000655-2,2021-05-18,11.0,394.77806788511697,1,good
9000000655-2,2021-05-18,12.0,536.687945925649,1,good
9000000655-2,2021-05-18,13.0,591.8367346938751,1,good
9000000655-2,2021-05-18,14.0,739.0107846783151,1,good
9000000655-2,2021-05-18,15.0,559.305993690853,1,good
9000000655-2,2021-05-18,16.0,498.39655846695194,1,good
9000000655-2,2021-05-18,17.0,590.483558994197,1,good
9000000655-2,2021-05-18,18.0,459.803502776592,1,good
9000000655-2,2021-05-18,19.0,429.996134518747,1,good
9000000655-2,2021-05-19,7.0,294.3735933983495,1,bad
9000000655-2,2021-05-19,8.0,259.694656488549,1,bad
9000000655-2,2021-05-19,9.0,359.999999999999,1,bad
9000000655-2,2021-05-19,10.0,487.5,1,bad
9000000655-2,2021-05-19,11.0,490.54355919582804,1,bad
9000000655-2,2021-05-19,12.0,594.852666915333,1,bad
9000000655-2,2021-05-19,13.0,624.651504035218,1,bad
9000000655-2,2021-05-19,14.0,654.788418708242,1,bad
9000000655-2,2021-05-19,15.0,678.1272860277988,1,bad
9000000655-2,2021-05-19,16.0,676.575875486384,1,bad
9000000655-2,2021-05-19,17.0,582.8705514274509,1,bad
9000000655-2,2021-05-19,18.0,562.1700879765381,1,bad
9000000655-2,2021-05-19,19.0,491.4367610175542,1,bad
9000000655-2,2021-05-20,6.0,336.3217427733558,1,good
9000000655-2,2021-05-20,7.0,337.5,1,good
9000000655-2,2021-05-20,8.0,346.2127659574471,1,good
9000000655-2,2021-05-20,9.0,320.4790419161688,1,good
9000000655-2,2021-05-20,10.0,364.20233463035004,1,good
9000000655-2,2021-05-20,12.0,521.985815602836,1,good
9000000655-2,2021-05-20,13.0,543.1034482758611,1,good
9000000655-2,2021-05-20,14.0,685.714285714288,1,good
9000000655-2,2021-05-20,15.0,748.857715430862,1,good
9000000655-2,2021-05-20,16.0,621.540943929004,1,good
9000000655-2,2021-05-20,17.0,597.096348438185,1,good
9000000655-2,2021-05-20,18.0,438.53989813242896,1,good
9000000655-2,2021-05-20,19.0,332.2859387274151,1,good
9000000655-2,2021-05-21,6.0,334.55328310010646,1,
9000000655-2,2021-05-21,7.0,359.45537065052906,1,
9000000655-2,2021-05-21,8.0,370.56571671628996,1,
9000000655-2,2021-05-21,9.0,332.8219620508677,1,
9000000655-2,2021-05-21,10.0,463.56531447711404,1,
9000000655-2,2021-05-21,11.0,543.56075898264,1,
9000000655-2,2021-05-21,12.0,606.4564007421119,1,
9000000655-2,2021-05-21,13.0,651.3644859813099,1,
9000000655-2,2021-05-21,14.0,832.1135175504099,1,
9000000655-2,2021-05-21,15.0,614.0521431727819,1,
9000000655-2,2021-05-21,16.0,477.85016286644895,1,
9000000655-2,2021-05-21,17.0,531.147540983606,1,
9000000655-2,2021-05-21,18.0,456.35738831615004,1,
9000000655-2,2021-05-21,19.0,498.842257597687,1,
9000000655-2,2021-05-22,6.0,159.64523281596482,0,
9000000655-2,2021-05-22,7.0,221.7529039070743,0,
9000000655-2,2021-05-22,8.0,287.6420454545459,0,
9000000655-2,2021-05-22,9.0,399.1471215351804,0,
9000000655-2,2021-05-22,10.0,434.8993288590583,0,
9000000655-2,2021-05-22,11.0,470.34531861872574,0,
9000000655-2,2021-05-22,12.0,472.93610911701086,0,
9000000655-2,2021-05-22,13.0,528.310010764261,0,
9000000655-2,2021-05-22,14.0,384.49158741770395,0,
9000000655-2,2021-05-22,15.0,380.8069792802622,0,
9000000655-2,2021-05-22,16.0,333.26293558606034,0,
9000000655-2,2021-05-22,17.0,372.45808062790013,0,
9000000655-2,2021-05-22,18.0,407.95737122557694,0,
9000000655-2,2021-05-22,19.0,374.75935828877147,0,
9000000655-2,2021-05-23,7.0,102.0818377602298,0,
9000000655-2,2021-05-23,8.0,153.65853658536568,0,
9000000655-2,2021-05-23,9.0,214.30228063393918,0,
9000000655-2,2021-05-23,10.0,277.93047696038786,0,
9000000655-2,2021-05-23,11.0,334.6938775510196,0,
9000000655-2,2021-05-23,12.0,340.39735099337736,0,
9000000655-2,2021-05-23,13.0,371.92224622030244,0,
9000000655-2,2021-05-23,14.0,312.5748502994016,0,
9000000655-2,2021-05-23,15.0,380.5714285714273,0,
9000000655-2,2021-05-23,16.0,373.2098325614523,0,
9000000655-2,2021-05-23,17.0,358.9557650471338,0,
9000000655-2,2021-05-23,18.0,321.1792086889058,0,
9000000655-2,2021-05-23,19.0,393.9209726443773,0,
9000000655-2,2021-05-24,6.0,333.06830502349277,1,
9000000655-2,2021-05-24,7.0,351.400329489291,1,
9000000655-2,2021-05-24,8.0,351.0234462225546,1,
9000000655-2,2021-05-24,9.0,428.278221208665,1,
9000000655-2,2021-05-24,10.0,442.011834319528,1,
9000000655-2,2021-05-24,11.0,529.137356534614,1,
9000000655-2,2021-05-24,12.0,527.196652719666,1,
9000000655-2,2021-05-24,13.0,582.0598006644509,1,
9000000655-2,2021-05-24,14.0,721.086382497168,1,
9000000655-2,2021-05-24,15.0,771.228615863139,1,
9000000655-2,2021-05-24,16.0,706.9767441860452,1,
9000000655-2,2021-05-24,17.0,600.670391061451,1,
9000000655-2,2021-05-24,18.0,604.5313194135911,1,
9000000655-2,2021-05-24,19.0,527.6309466602571,1,
9000000655-2,2021-05-25,7.0,340.0299850074957,1,
9000000655-2,2021-05-25,8.0,399.402316025401,1,
9000000820-1,2020-10-07,8.0,163.177570093458,1,bad
9000000820-1,2020-10-07,9.0,118.00391389432501,1,bad
9000000820-1,2020-10-07,10.0,120.54412277642099,1,bad
9000000820-1,2020-10-07,11.0,170.949720670391,1,bad
9000000820-1,2020-10-07,12.0,169.470404984424,1,bad
9000000820-1,2020-10-07,13.0,206.474313863476,1,bad
9000000820-1,2020-10-07,14.0,358.359621451103,1,bad
9000000820-1,2020-10-07,15.0,434.482758620691,1,bad
9000000820-1,2020-10-07,16.0,335.0414468726441,1,bad
9000000820-1,2020-10-07,17.0,229.695024077046,1,bad
9000000820-1,2020-10-08,8.0,165.200764818355,1,bad
9000000820-1,2020-10-08,9.0,144.151738672287,1,bad
9000000820-1,2020-10-08,10.0,183.904828551435,1,bad
9000000820-1,2020-10-08,11.0,157.554706495311,1,bad
9000000820-1,2020-10-08,12.0,193.01587301587296,1,bad
9000000820-1,2020-10-08,13.0,210.48128342246,1,bad
9000000820-1,2020-10-08,14.0,361.796151104777,1,bad
9000000820-1,2020-10-08,15.0,433.283803863301,1,bad
9000000820-1,2020-10-08,16.0,228.091603053434,1,bad
9000000820-1,2020-10-08,17.0,252.145748987853,1,bad
9000000820-1,2020-10-09,8.0,142.97872340425502,1,good
9000000820-1,2020-10-09,9.0,143.743315508021,1,good
9000000820-1,2020-10-09,10.0,150.267570460221,1,good
9000000820-1,2020-10-09,11.0,180.281690140845,1,good
9000000820-1,2020-10-09,12.0,192.650731359258,1,good
9000000820-1,2020-10-09,13.0,279.971590909091,1,good
9000000820-1,2020-10-09,14.0,415.043936731111,1,good
9000000820-1,2020-10-09,15.0,345.717463848722,1,good
9000000820-1,2020-10-09,16.0,400.0000000000009,1,good
9000000820-1,2020-10-09,17.0,268.981132075472,1,good
9000000820-1,2020-10-10,7.0,75.6446991404011,0,good
9000000820-1,2020-10-10,8.0,116.048526863085,0,good
9000000820-1,2020-10-10,9.0,167.966573816155,0,good
9000000820-1,2020-10-10,10.0,192.97124600639,0,good
9000000820-1,2020-10-10,11.0,209.893992932863,0,good
9000000820-1,2020-10-10,12.0,176.023180007244,0,good
9000000820-1,2020-10-10,13.0,202.11447320452095,0,good
9000000820-1,2020-10-10,14.0,191.557289819085,0,good
9000000820-1,2020-10-10,15.0,171.489971346705,0,good
9000000820-1,2020-10-10,16.0,125.18301610541701,0,good
9000000820-1,2020-10-10,17.0,133.683420855214,0,good
9000000820-1,2020-10-11,8.0,49.0052356020942,0,bad
9000000820-1,2020-10-11,9.0,55.783065855008296,0,bad
9000000820-1,2020-10-11,10.0,72.6260869565217,0,bad
9000000820-1,2020-10-11,11.0,110.287443267776,0,bad
9000000820-1,2020-10-11,12.0,99.0462215700661,0,bad
9000000820-1,2020-10-11,13.0,90.3654485049834,0,bad
9000000820-1,2020-10-11,14.0,90.92849519743868,0,bad
9000000820-1,2020-10-11,15.0,102.96746514122299,0,bad
9000000820-1,2020-10-11,16.0,114.218566392479,0,bad
9000000820-1,2020-10-12,8.0,140.667678300455,1,good
9000000820-1,2020-10-12,9.0,123.5668789808917,1,good
9000000820-1,2020-10-12,10.0,141.02833158446958,1,good
9000000820-1,2020-10-12,11.0,187.9261363636369,1,good
9000000820-1,2020-10-12,12.0,149.94749737486842,1,good
9000000820-1,2020-10-12,13.0,234.8663101604271,1,good
9000000820-1,2020-10-12,14.0,344.3019421033347,1,good
9000000820-1,2020-10-12,15.0,452.4734334921225,1,good
9000000820-1,2020-10-12,16.0,457.3991031390118,1,good
9000000820-1,2020-10-12,17.0,293.8485804416405,1,good
9000000820-1,2020-10-13,8.0,156.06936416185,1,bad
9000000820-1,2020-10-13,9.0,104.68085106382979,1,bad
9000000820-1,2020-10-13,10.0,176.5211166785971,1,bad
9000000820-1,2020-10-13,11.0,148.9568845618917,1,bad
9000000820-1,2020-10-13,12.0,193.83634431455903,1,bad
9000000820-1,2020-10-13,13.0,240.7684098185692,1,bad
9000000820-1,2020-10-13,14.0,287.84227820372394,1,bad
9000000820-1,2020-10-13,15.0,446.52189915347645,1,bad
9000000820-1,2020-10-13,16.0,422.14983713355025,1,bad
9000000820-1,2020-10-14,8.0,159.8507462686567,1,good
9000000820-1,2020-10-14,9.0,130.4440497335699,1,good
9000000820-1,2020-10-14,10.0,182.944657152802,1,good
9000000820-1,2020-10-14,11.0,213.847364280094,1,good
9000000820-1,2020-10-14,12.0,210.09933774834394,1,good
9000000820-1,2020-10-14,13.0,159.3711212246584,1,good
9000000820-1,2020-10-14,14.0,342.8571428571418,1,good
9000000820-1,2020-10-14,15.0,181.88153310104508,1,good
9000000820-1,2020-10-14,16.0,222.6804123711334,1,good
9000000820-1,2020-10-14,17.0,308.6124401913886,1,good
9000000820-1,2020-10-15,8.0,124.6589716684158,1,bad
9000000820-1,2020-10-15,9.0,108.9655172413794,1,bad
9000000820-1,2020-10-15,10.0,188.4816753926698,1,bad
9000000820-1,2020-10-15,11.0,162.19640971488928,1,bad
9000000820-1,2020-10-15,12.0,164.1337386018239,1,bad
9000000820-1,2020-10-15,13.0,203.0911901081916,1,bad
9000000820-1,2020-10-15,14.0,357.0354457572495,1,bad
9000000820-1,2020-10-15,15.0,405.57798165137416,1,bad
9000000820-1,2020-10-15,16.0,402.8831562974196,1,bad
9000000820-1,2020-10-15,17.0,363.82978723404176,1,bad
9000000820-1,2020-10-16,8.0,149.4440326167538,1,bad
9000000820-1,2020-10-16,9.0,142.47349823321588,1,bad
9000000820-1,2020-10-16,10.0,175.3618072714437,1,bad
9000000820-1,2020-10-16,11.0,139.7691500524656,1,bad
9000000820-1,2020-10-16,12.0,202.15982721382292,1,bad
9000000820-1,2020-10-16,13.0,238.36793128131774,1,bad
9000000820-1,2020-10-16,14.0,369.02356902356917,1,bad
9000000820-1,2020-10-16,15.0,370.6903200925584,1,bad
9000000820-1,2020-10-16,16.0,331.3504823151128,1,bad
9000000820-1,2020-10-16,17.0,209.58904109589125,1,bad
9000000820-1,2020-10-17,8.0,100.0882612533099,0,bad
9000000820-1,2020-10-17,9.0,143.12320916905458,0,bad
9000000820-1,2020-10-17,10.0,173.44753747323358,0,bad
9000000820-1,2020-10-17,11.0,194.1964285714286,0,bad
9000000820-1,2020-10-17,12.0,210.60842433697377,0,bad
9000000820-1,2020-10-17,13.0,149.0655917918657,0,bad
9000000820-1,2020-10-17,14.0,195.28301886792448,0,bad
9000000820-1,2020-10-17,15.0,152.29653505237718,0,bad
9000000820-1,2020-10-17,16.0,174.0181268882174,0,bad
9000000820-1,2020-10-17,17.0,101.82099961255314,0,bad
9000000820-1,2020-10-18,8.0,52.27492739593419,0,good
9000000820-1,2020-10-18,9.0,89.10891089108918,0,good
9000000820-1,2020-10-18,10.0,145.49356223175943,0,good
9000000820-1,2020-10-18,11.0,179.3406593406588,0,good
9000000820-1,2020-10-18,12.0,178.9396170839467,0,good
9000000820-1,2020-10-18,13.0,204.0755835494623,0,good
9000000820-1,2020-10-18,14.0,214.96704148894952,0,good
9000000820-1,2020-10-18,15.0,173.35473515248722,0,good
9000000820-1,2020-10-18,16.0,67.89606035205364,0,good
9000000820-1,2020-10-18,17.0,119.44444444444389,0,good
9000000820-1,2020-10-19,8.0,129.09973851326072,1,good
9000000820-1,2020-10-19,9.0,120.4600906239106,1,good
9000000820-1,2020-10-19,10.0,135.6521739130434,1,good
9000000820-1,2020-10-19,11.0,180.1749271137023,1,good
9000000820-1,2020-10-19,12.0,150.32967032967028,1,good
9000000820-1,2020-10-19,13.0,186.63594470046093,1,good
9000000820-1,2020-10-19,14.0,300.5718642775439,1,good
9000000820-1,2020-10-19,15.0,364.9579188982396,1,good
9000000820-1,2020-10-19,16.0,399.4405594405588,1,good
9000000820-1,2020-10-19,17.0,241.4307004470934,1,good
9000000820-1,2020-10-20,8.0,143.69480748851979,1,good
9000000820-1,2020-10-20,9.0,155.57142857142838,1,good
9000000820-1,2020-10-20,10.0,165.7979293109604,1,good
9000000820-1,2020-10-20,11.0,174.9896136269214,1,good
9000000820-1,2020-10-20,12.0,176.7857142857141,1,good
9000000820-1,2020-10-20,13.0,192.30164964650402,1,good
9000000820-1,2020-10-20,14.0,324.4698205546499,1,good
9000000820-1,2020-10-20,15.0,270.49723756905996,1,good
9000000820-1,2020-10-21,8.0,125.49655451965958,1,good
9000000820-1,2020-10-21,9.0,137.4337221633084,1,good
9000000820-1,2020-10-21,10.0,173.2136445242375,1,good
9000000820-1,2020-10-21,11.0,188.5913853317814,1,good
9000000820-1,2020-10-21,12.0,182.2418642024909,1,good
9000000820-1,2020-10-21,13.0,200.2301495972382,1,good
9000000820-1,2020-10-21,14.0,308.652706440141,1,good
9000000820-1,2020-10-21,15.0,366.55629139072687,1,good
9000000820-1,2020-10-21,16.0,288.54385228703387,1,good
9000000820-1,2020-10-21,17.0,170.8576186511243,1,good
9000000820-1,2020-10-22,8.0,144.05649274225203,1,good
9000000820-1,2020-10-22,9.0,130.4251386321626,1,good
9000000820-1,2020-10-22,10.0,131.7946677278153,1,good
9000000820-1,2020-10-22,11.0,169.0887193898035,1,good
9000000820-1,2020-10-22,12.0,205.238828967643,1,good
9000000820-1,2020-10-22,13.0,254.600760456274,1,good
9000000820-1,2020-10-22,14.0,381.84509126788396,1,good
9000000820-1,2020-10-22,15.0,381.2772709242381,1,good
9000000820-1,2020-10-22,16.0,302.9850746268662,1,good
9000000820-1,2020-10-22,17.0,242.73072060682696,1,good
9000000820-1,2020-10-23,8.0,119.61414790996771,1,good
9000000820-1,2020-10-23,9.0,129.64714441615132,1,good
9000000820-1,2020-10-23,10.0,190.8080059303188,1,good
9000000820-1,2020-10-23,11.0,166.2147306705753,1,good
9000000820-1,2020-10-23,12.0,206.42804967129328,1,good
9000000820-1,2020-10-23,13.0,194.52157598499062,1,good
9000000820-1,2020-10-23,14.0,306.01336302895373,1,good
9000000820-1,2020-10-23,15.0,414.5454545454557,1,good
9000000820-1,2020-10-23,16.0,280.0309597523211,1,good
9000000820-1,2020-10-23,17.0,224.04917402996549,1,good
9000000820-1,2020-10-24,9.0,93.966623876765,0,bad
9000000820-1,2020-10-24,10.0,132.9113924050637,0,bad
9000000820-1,2020-10-24,11.0,154.8247199132634,0,bad
9000000820-1,2020-10-24,12.0,155.9164733178652,0,bad
9000000820-1,2020-10-24,13.0,169.3169092945131,0,bad
9000000820-1,2020-10-24,14.0,128.616024973985,0,bad
9000000820-1,2020-10-24,15.0,135.6297093649082,0,bad
9000000820-1,2020-10-24,16.0,128.2937365010799,0,bad
9000000820-1,2020-10-24,17.0,111.8695873662762,0,bad
9000000820-1,2020-10-25,7.0,53.45889170590366,0,good
9000000820-1,2020-10-25,8.0,82.701009397842,0,good
9000000820-1,2020-10-25,9.0,160.7029876977152,0,good
9000000820-1,2020-10-25,10.0,213.4839392869744,0,good
9000000820-1,2020-10-25,11.0,203.2154340836012,0,good
9000000820-1,2020-10-25,12.0,171.6781943938839,0,good
9000000820-1,2020-10-25,13.0,190.80800593031861,0,good
9000000820-1,2020-10-25,14.0,201.93164933135202,0,good
9000000820-1,2020-10-25,15.0,129.7784453623734,0,good
9000000820-1,2020-10-25,16.0,117.7001127395718,0,good
9000000820-1,2020-10-26,7.0,93.6230851442821,1,good
9000000820-1,2020-10-26,8.0,108.1545064377681,1,good
9000000820-1,2020-10-26,9.0,152.2658610271902,1,good
9000000820-1,2020-10-26,10.0,170.3595011005137,1,good
9000000820-1,2020-10-26,11.0,178.998144712431,1,good
9000000820-1,2020-10-26,12.0,185.4800936768155,1,good
9000000820-1,2020-10-26,13.0,155.44794188862,1,good
9000000820-1,2020-10-26,14.0,289.4143324845385,1,good
9000000820-1,2020-10-26,15.0,418.3527641970656,1,good
9000000820-1,2020-10-26,16.0,376.6907698851541,1,good
9000000820-1,2020-10-27,8.0,91.5482423335826,1,good
9000000820-1,2020-10-27,9.0,94.93941553813261,1,good
9000000820-1,2020-10-27,10.0,106.11071171818838,1,good
9000000820-1,2020-10-27,11.0,101.1591148577451,1,good
9000000820-1,2020-10-27,12.0,143.8981252210824,1,good
9000000820-1,2020-10-27,13.0,159.7402597402597,1,good
9000000820-1,2020-10-27,14.0,256.4951421374595,1,good
9000000820-1,2020-10-27,15.0,334.5372460496628,1,good
9000000820-1,2020-10-27,16.0,265.9484417083487,1,good
9000000820-1,2020-10-28,7.0,115.3521126760563,1,good
9000000820-1,2020-10-28,8.0,83.4819835890119,1,good
9000000820-1,2020-10-28,9.0,104.31003259688511,1,good
9000000820-1,2020-10-28,10.0,97.2232788132369,1,good
9000000820-1,2020-10-28,11.0,109.25045703839132,1,good
9000000820-1,2020-10-28,12.0,168.6676427525626,1,good
9000000820-1,2020-10-28,13.0,172.2222222222218,1,good
9000000820-1,2020-10-28,14.0,287.038491751767,1,good
9000000820-1,2020-10-28,15.0,272.0000000000014,1,good
9000000820-1,2020-10-28,16.0,288.9867841409701,1,good
9000000820-1,2020-10-29,7.0,103.244005641749,1,good
9000000820-1,2020-10-29,8.0,109.2077087794433,1,good
9000000820-1,2020-10-29,9.0,112.26080793763302,1,good
9000000820-1,2020-10-29,10.0,146.2059137869608,1,good
9000000820-1,2020-10-29,11.0,155.8552164655785,1,good
9000000820-1,2020-10-29,12.0,149.3719071183856,1,good
9000000820-1,2020-10-29,13.0,141.5500945179584,1,good
9000000820-1,2020-10-29,14.0,245.24810765349142,1,good
9000000820-1,2020-10-29,15.0,252.38282788499419,1,good
9000000820-1,2020-10-29,16.0,281.6720257234721,1,good
9000000820-1,2020-10-30,7.0,90.50991501416439,1,good
9000000820-1,2020-10-30,8.0,110.72961373390541,1,good
9000000820-1,2020-10-30,9.0,113.9588100686498,1,good
9000000820-1,2020-10-30,10.0,132.3017408123791,1,good
9000000820-1,2020-10-30,11.0,159.625090122567,1,good
9000000820-1,2020-10-30,12.0,173.8484398216939,1,good
9000000820-1,2020-10-30,13.0,186.4864864864868,1,good
9000000820-1,2020-10-30,14.0,243.1466030989267,1,good
9000000820-1,2020-10-30,15.0,240.72948328267418,1,good
9000000820-1,2020-10-30,16.0,231.51125401929272,1,good
9000000820-1,2020-10-31,7.0,61.52772933379838,0,good
9000000820-1,2020-10-31,8.0,65.94827586206901,0,good
9000000820-1,2020-10-31,9.0,96.2223806129721,0,good
9000000820-1,2020-10-31,10.0,111.2322791712105,0,good
9000000820-1,2020-10-31,11.0,126.2897234832847,0,good
9000000820-1,2020-10-31,12.0,159.81308411214903,0,good
9000000820-1,2020-10-31,13.0,171.9655442443223,0,good
9000000820-1,2020-10-31,14.0,103.94069449863463,0,good
9000000820-1,2020-10-31,15.0,80.60981419723679,0,good
9000000820-1,2020-11-01,7.0,37.190082644628106,0,good
9000000820-1,2020-11-01,8.0,41.757469244288274,0,good
9000000820-1,2020-11-01,9.0,65.03719447396385,0,good
9000000820-1,2020-11-01,10.0,83.27402135231306,0,good
9000000820-1,2020-11-01,11.0,109.7242380261246,0,good
9000000820-1,2020-11-01,12.0,107.58017492711357,0,good
9000000820-1,2020-11-01,13.0,120.2177858439201,0,good
9000000820-1,2020-11-01,14.0,140.03241491085888,0,good
9000000820-1,2020-11-01,15.0,82.70481144343294,0,good
9000000820-1,2020-11-01,16.0,107.38119312436793,0,good
9000000820-1,2020-11-02,7.0,120.78673351330491,1,good
9000000820-1,2020-11-02,8.0,98.7725631768953,1,good
9000000820-1,2020-11-02,9.0,132.41976199062378,1,good
9000000820-1,2020-11-02,10.0,132.1348314606736,1,good
9000000820-1,2020-11-02,11.0,148.0176211453744,1,good
9000000820-1,2020-11-02,12.0,150.48231511254048,1,good
9000000820-1,2020-11-02,13.0,183.282674772036,1,good
9000000820-1,2020-11-02,14.0,217.34693877550967,1,good
9000000820-1,2020-11-02,15.0,319.42055228610286,1,good
9000000820-1,2020-11-02,16.0,278.58985382631136,1,good
9000000820-1,2020-11-03,7.0,100.1906214258483,1,good
9000000820-1,2020-11-03,8.0,92.6422616890178,1,good
9000000820-1,2020-11-03,9.0,127.5690999291283,1,good
9000000820-1,2020-11-03,10.0,143.2326820603906,1,good
9000000820-1,2020-11-03,11.0,160.9442060085831,1,good
9000000820-1,2020-11-03,12.0,176.68711656441758,1,good
9000000820-1,2020-11-03,13.0,179.6095444685467,1,good
9000000820-1,2020-11-03,14.0,262.03365032918816,1,good
9000000820-1,2020-11-03,15.0,257.03734099302415,1,good
9000000820-1,2020-11-04,7.0,111.38273491214659,1,good
9000000820-1,2020-11-04,8.0,88.272921108742,1,good
9000000820-1,2020-11-04,9.0,139.5944503735331,1,good
9000000820-1,2020-11-04,10.0,110.94580233793829,1,good
9000000820-1,2020-11-04,11.0,152.91576673866132,1,good
9000000820-1,2020-11-04,12.0,151.3591881116343,1,good
9000000820-1,2020-11-04,13.0,170.0149925037483,1,good
9000000820-1,2020-11-04,14.0,254.73605391239198,1,good
9000000820-1,2020-11-04,15.0,335.65426170467987,1,good
9000000820-1,2020-11-05,7.0,108.0761099365751,1,bad
9000000820-1,2020-11-05,8.0,108.69877785765632,1,bad
9000000820-1,2020-11-05,9.0,101.73083716001419,1,bad
9000000820-1,2020-11-05,10.0,146.3623395149785,1,bad
9000000820-1,2020-11-05,11.0,146.3835912198635,1,bad
9000000820-1,2020-11-05,12.0,146.7564693371151,1,bad
9000000820-1,2020-11-05,13.0,177.3652267047484,1,bad
9000000820-1,2020-11-05,14.0,250.85735133162927,1,bad
9000000820-1,2020-11-05,15.0,384.83206933911,1,bad
9000000820-1,2020-11-05,16.0,272.0624085811793,1,bad
9000000820-1,2020-11-06,7.0,102.0979020979022,1,good
9000000820-1,2020-11-06,8.0,73.9638682252922,1,good
9000000820-1,2020-11-06,9.0,126.1829652996845,1,good
9000000820-1,2020-11-06,10.0,143.225806451613,1,good
9000000820-1,2020-11-06,11.0,171.98697068403908,1,good
9000000820-1,2020-11-06,12.0,175.7662152530296,1,good
9000000820-1,2020-11-06,13.0,229.438543247345,1,good
9000000820-1,2020-11-06,14.0,245.3512831299956,1,good
9000000820-1,2020-11-06,15.0,225.774378585086,1,good
9000000820-1,2020-11-06,16.0,224.5544554455445,1,good
9000000820-1,2020-11-07,7.0,76.2173606210304,0,bad
9000000820-1,2020-11-07,8.0,92.15765948801301,0,bad
9000000820-1,2020-11-07,9.0,126.09208972845332,0,bad
9000000820-1,2020-11-07,10.0,161.0337972167003,0,bad
9000000820-1,2020-11-08,7.0,40.53075995174909,0,bad
9000000820-1,2020-11-08,8.0,46.16984402079724,0,bad
9000000820-1,2020-11-08,9.0,70.9677419354838,0,bad
9000000820-1,2020-11-08,10.0,91.94244604316546,0,bad
9000000820-1,2020-11-08,11.0,119.905956112852,0,bad
9000000820-1,2020-11-08,12.0,117.13344316309743,0,bad
9000000820-1,2020-11-08,13.0,131.4997851310696,0,bad
9000000820-1,2020-11-09,7.0,117.6594623089088,1,bad
9000000820-1,2020-11-09,8.0,88.2480173035329,1,bad
9000000820-1,2020-11-09,9.0,114.7786946736685,1,bad
9000000820-1,2020-11-09,10.0,121.48481439820029,1,bad
9000000820-1,2020-11-09,11.0,141.5028901734109,1,bad
9000000820-1,2020-11-09,12.0,141.30594277329462,1,bad
9000000820-1,2020-11-09,13.0,195.1557093425605,1,bad
9000000820-1,2020-11-09,14.0,281.1220621683097,1,bad
9000000820-1,2020-11-09,15.0,362.9149797570842,1,bad
9000000820-1,2020-11-10,7.0,125.8112830753874,1,bad
9000000820-1,2020-11-10,8.0,112.36494597839142,1,bad
9000000820-1,2020-11-10,9.0,107.50182083029861,1,bad
9000000820-1,2020-11-10,10.0,164.5087585681646,1,bad
9000000820-1,2020-11-10,11.0,136.100815418829,1,bad
9000000820-1,2020-11-10,12.0,139.1235059760957,1,bad
9000000820-1,2020-11-10,13.0,193.8704028021021,1,bad
9000000820-1,2020-11-10,14.0,274.903474903475,1,bad
9000000820-1,2020-11-10,15.0,436.4106988783445,1,bad
9000000820-1,2020-11-11,8.0,85.9613009468916,1,bad
9000000820-1,2020-11-11,9.0,99.7045790251109,1,bad
9000000820-1,2020-11-11,10.0,140.00720201656458,1,bad
9000000820-1,2020-11-11,11.0,136.0959651035989,1,bad
9000000820-1,2020-11-11,12.0,154.3807763401109,1,bad
9000000820-1,2020-11-11,13.0,199.70215934475019,1,bad
9000000820-1,2020-11-11,14.0,262.6094205919144,1,bad
9000000820-1,2020-11-11,15.0,378.4575613959508,1,bad
9000000820-1,2020-11-12,7.0,99.9591670069417,1,bad
9000000820-1,2020-11-12,8.0,92.6640926640926,1,bad
9000000820-1,2020-11-12,9.0,116.23616236162361,1,bad
9000000820-1,2020-11-12,10.0,110.79913606911401,1,bad
9000000820-1,2020-11-12,11.0,164.2935377875135,1,bad
9000000820-1,2020-11-12,12.0,157.3842762674501,1,bad
9000000820-1,2020-11-12,13.0,200.61491160645662,1,bad
9000000820-1,2020-11-12,14.0,240.0952759031357,1,bad
9000000820-1,2020-11-12,15.0,324.3865030674857,1,bad
9000000820-1,2020-11-13,7.0,112.99656694458069,1,bad
9000000820-1,2020-11-13,8.0,112.03599550056252,1,bad
9000000820-1,2020-11-13,9.0,151.7190388170057,1,bad
9000000820-1,2020-11-13,10.0,138.2589612289689,1,bad
9000000820-1,2020-11-13,11.0,189.9665551839468,1,bad
9000000820-1,2020-11-13,12.0,175.90007347538588,1,bad
9000000820-1,2020-11-13,13.0,177.0491803278693,1,bad
9000000820-1,2020-11-13,14.0,280.6638363566182,1,bad
9000000820-1,2020-11-13,15.0,325.8051365674678,1,bad
9000000820-1,2020-11-14,7.0,75.63025210084041,0,good
9000000820-1,2020-11-14,8.0,84.02154398563736,0,good
9000000820-1,2020-11-14,9.0,105.42635658914742,0,good
9000000820-1,2020-11-15,7.0,33.110367892976605,0,bad
9000000820-1,2020-11-15,8.0,34.1685649202733,0,bad
9000000820-1,2020-11-15,9.0,45.53468761977764,0,bad
9000000820-1,2020-11-15,10.0,88.98876404494368,0,bad
9000000820-1,2020-11-15,11.0,95.32980259990362,0,bad
9000000820-1,2020-11-15,13.0,123.2744783306582,0,bad
9000000820-1,2020-11-16,8.0,95.6962025316456,1,bad
9000000820-1,2020-11-16,9.0,105.78358208955241,1,bad
9000000820-1,2020-11-16,10.0,89.83050847457619,1,bad
9000000820-1,2020-11-16,11.0,133.48623853210998,1,bad
9000000820-1,2020-11-16,12.0,118.07887543928139,1,bad
9000000820-1,2020-11-16,13.0,156.4501372369623,1,bad
9000000820-1,2020-11-16,14.0,270.7146193367579,1,bad
9000000820-1,2020-11-16,15.0,400.8776741634661,1,bad
9000000820-1,2020-11-17,7.0,101.13148653921189,1,good
9000000820-1,2020-11-17,8.0,89.86975397973951,1,good
9000000820-1,2020-11-17,9.0,98.9690721649485,1,good
9000000820-1,2020-11-17,10.0,100.5212211466866,1,good
9000000820-1,2020-11-17,11.0,138.51276359600502,1,good
9000000820-1,2020-11-17,12.0,154.6768060836496,1,good
9000000820-1,2020-11-17,13.0,171.6556291390726,1,good
9000000820-1,2020-11-17,14.0,242.2563087580405,1,good
9000000820-1,2020-11-17,15.0,282.2791427077883,1,good
9000000820-1,2020-11-18,7.0,80.86642599277978,1,bad
9000000820-1,2020-11-18,8.0,104.3090638930163,1,bad
9000000820-1,2020-11-18,9.0,148.7603305785121,1,bad
9000000820-1,2020-11-18,10.0,145.0018308311971,1,bad
9000000820-1,2020-11-18,11.0,167.6855895196511,1,bad
9000000820-1,2020-11-18,12.0,163.16440049443747,1,bad
9000000820-1,2020-11-18,13.0,211.2426035502962,1,bad
9000000820-1,2020-11-18,14.0,257.4752261956048,1,bad
9000000820-1,2020-11-18,15.0,329.25804946336837,1,bad
9000000820-1,2020-11-19,8.0,103.60762059181201,1,bad
9000000820-1,2020-11-19,9.0,122.80071813285481,1,bad
9000000820-1,2020-11-19,10.0,144.7505584512283,1,bad
9000000820-1,2020-11-19,11.0,128.5198555956683,1,bad
9000000820-1,2020-11-20,8.0,102.457956015524,1,bad
9000000820-1,2020-11-20,9.0,120.86989698588359,1,bad
9000000820-1,2020-11-20,10.0,158.5085283617616,1,bad
9000000820-1,2020-11-20,11.0,159.59849435382688,1,bad
9000000820-1,2020-11-20,12.0,146.5400271370415,1,bad
9000000820-1,2020-11-20,13.0,201.85497470489048,1,bad
9000000820-1,2020-11-20,14.0,334.9282296650718,1,bad
9000000820-1,2020-11-21,7.0,65.70048309178752,0,bad
9000000820-1,2020-11-21,8.0,74.52865064695011,0,bad
9000000820-1,2020-11-21,9.0,121.11368909512751,0,bad
9000000820-1,2020-11-21,10.0,138.0782918149468,0,bad
9000000820-1,2020-11-21,11.0,155.9322033898306,0,bad
9000000820-1,2020-11-21,12.0,167.9473106476398,0,bad
9000000820-1,2020-11-21,13.0,200.39761431411492,0,bad
9000000820-1,2020-11-21,14.0,139.2577104025096,0,bad
9000000820-1,2020-11-22,7.0,40.9478672985782,0,bad
9000000820-1,2020-11-22,8.0,33.75,0,bad
9000000820-1,2020-11-22,9.0,73.207277916518,0,bad
9000000820-1,2020-11-22,10.0,102.85714285714295,0,bad
9000000820-1,2020-11-22,11.0,153.857791225416,0,bad
9000000820-1,2020-11-22,12.0,154.32811211871427,0,bad
9000000820-1,2020-11-23,11.0,122.34375,1,bad
9000000820-1,2020-11-23,12.0,140.9308394954332,1,bad
9000000820-1,2020-11-23,13.0,174.3341404358354,1,bad
9000000820-1,2020-11-23,14.0,189.65353583293822,1,bad
9000000820-1,2020-11-24,8.0,124.91103202846979,1,bad
9000000820-1,2020-11-24,9.0,118.5788304959291,1,bad
9000000820-1,2020-11-24,10.0,125.4585473220839,1,bad
9000000820-1,2020-11-24,11.0,131.9371727748688,1,bad
9000000820-1,2020-11-24,12.0,143.04635761589378,1,bad
9000000820-1,2020-11-24,13.0,195.7016434892544,1,bad
9000000820-1,2020-11-24,14.0,284.4207723035944,1,bad
9000000820-1,2020-11-25,10.0,137.3703857320617,1,bad
9000000820-1,2020-11-26,8.0,100.76335877862599,1,bad
9000000820-1,2020-11-26,9.0,120.1000834028356,1,bad
9000000820-1,2020-11-26,10.0,130.490405117271,1,bad
9000000820-1,2020-11-26,11.0,152.36629472874176,1,bad
9000000820-1,2020-11-26,12.0,166.06260296540353,1,bad
9000000820-1,2020-11-26,13.0,178.52522639068644,1,bad
9000000820-1,2020-11-26,14.0,302.7316550615961,1,bad
9000000820-1,2020-11-27,8.0,101.3445378151261,1,bad
9000000820-1,2020-11-27,9.0,108.39936608557849,1,bad
9000000820-1,2020-11-27,10.0,122.9960578186593,1,bad
9000000820-1,2020-11-27,11.0,136.2162162162158,1,bad
9000000820-1,2020-11-27,12.0,151.2756378189091,1,bad
9000000820-1,2020-11-28,9.0,94.2238267148015,0,bad
9000000820-1,2020-11-28,10.0,124.3816254416956,0,bad
9000000820-1,2020-11-28,11.0,138.9067524115751,0,bad
9000000820-1,2020-11-28,12.0,133.62445414847141,0,bad
9000000820-1,2020-11-29,8.0,32.82674772036471,0,bad
9000000820-1,2020-11-29,9.0,68.41216216216219,0,bad
9000000820-1,2020-11-29,10.0,85.57844690966726,0,bad
9000000820-1,2020-11-29,11.0,101.33333333333327,0,bad
9000000820-1,2020-11-29,12.0,136.7965367965364,0,bad
9000000820-1,2020-11-30,7.0,120.3234501347709,1,bad
9000000820-1,2020-11-30,8.0,119.0738699007718,1,bad
9000000820-1,2020-11-30,9.0,111.37254901960799,1,bad
9000000820-1,2020-11-30,10.0,125.6673511293635,1,bad
9000000820-1,2020-11-30,11.0,122.8113440197287,1,bad
9000000820-1,2020-11-30,12.0,169.86037554164608,1,bad
9000000820-1,2020-12-01,8.0,125.735294117647,1,bad
9000000820-1,2020-12-01,9.0,116.29764065335699,1,bad
9000000820-1,2020-12-01,10.0,131.024734982332,1,bad
9000000820-1,2020-12-01,11.0,150.49504950495,1,bad
9000000820-1,2020-12-01,12.0,137.179487179487,1,bad
9000000820-1,2020-12-01,13.0,193.745454545455,1,bad
9000000820-1,2020-12-01,14.0,274.819102749638,1,bad
9000000820-1,2020-12-01,15.0,440.707964601772,1,bad
9000000820-1,2020-12-02,8.0,135.254760679362,1,bad
9000000820-1,2020-12-02,9.0,115.709120128566,1,bad
9000000820-1,2020-12-02,10.0,128.986026513795,1,bad
9000000820-1,2020-12-02,11.0,149.782923299566,1,bad
9000000820-1,2020-12-02,12.0,156.0,1,bad
9000000820-1,2020-12-02,13.0,163.934426229508,1,bad
9000000820-1,2020-12-02,14.0,318.42105263158,1,bad
9000000820-1,2020-12-02,15.0,326.091663659327,1,bad
9000000820-1,2020-12-03,7.0,114.616497829233,1,bad
9000000820-1,2020-12-03,8.0,76.4872521246459,1,bad
9000000820-1,2020-12-03,9.0,84.780316344464,1,bad
9000000820-1,2020-12-03,10.0,98.99302865995341,1,bad
9000000820-1,2020-12-03,13.0,138.97408778424102,1,bad
9000000820-1,2020-12-03,14.0,257.97623334533796,1,bad
9000000820-1,2020-12-03,15.0,308.910891089108,1,bad
9000000820-1,2020-12-04,8.0,105.583038869258,1,bad
9000000820-1,2020-12-04,9.0,114.633273703041,1,bad
9000000820-1,2020-12-04,10.0,117.43247983163799,1,bad
9000000820-1,2020-12-04,11.0,137.463976945245,1,bad
9000000820-1,2020-12-04,12.0,139.53488372093,1,bad
9000000820-1,2020-12-04,13.0,202.636266476665,1,bad
9000000820-1,2020-12-04,14.0,310.29948867786703,1,bad
9000000820-1,2020-12-04,15.0,314.761544284632,1,bad
9000000820-1,2020-12-05,8.0,67.37288135593221,0,bad
9000000820-1,2020-12-05,9.0,94.05869720830351,0,bad
9000000820-1,2020-12-05,10.0,125.25107604017201,0,bad
9000000820-1,2020-12-05,11.0,146.775389177168,0,bad
9000000820-1,2020-12-05,12.0,107.65864332603901,0,bad
9000000820-1,2020-12-05,13.0,118.43817787418699,0,bad
9000000820-1,2020-12-05,14.0,127.35229759299801,0,bad
9000000820-1,2020-12-05,15.0,108.47457627118601,0,bad
9000000820-1,2020-12-06,8.0,24.428571428571402,0,bad
9000000820-1,2020-12-06,9.0,57.6102418207682,0,bad
9000000820-1,2020-12-06,10.0,67.6691729323309,0,bad
9000000820-1,2020-12-06,11.0,68.0942184154175,0,bad
9000000820-1,2020-12-06,12.0,85.1126708533432,0,bad
9000000820-1,2020-12-06,13.0,70.9489051094891,0,bad
9000000820-1,2020-12-06,14.0,77.0479704797048,0,bad
9000000820-1,2020-12-06,15.0,81.57503714710248,0,bad
9000000820-1,2020-12-07,8.0,112.94117647058799,1,bad
9000000820-1,2020-12-07,9.0,102.634428004331,1,bad
9000000820-1,2020-12-07,10.0,115.210843373494,1,bad
9000000820-1,2020-12-07,11.0,66.61828737300429,1,bad
9000000820-1,2020-12-07,12.0,129.583802024747,1,bad
9000000820-1,2020-12-07,13.0,132.31240428790198,1,bad
9000000820-1,2020-12-07,14.0,208.264462809917,1,bad
9000000820-1,2020-12-07,15.0,355.18096182449204,1,bad
9000000820-1,2020-12-08,8.0,119.1053122087605,1,bad
9000000820-1,2020-12-08,9.0,105.50393137955702,1,bad
9000000820-1,2020-12-08,10.0,120.90032154340831,1,bad
9000000820-1,2020-12-08,11.0,138.1875741986545,1,bad
9000000820-1,2020-12-08,12.0,138.90675241157578,1,bad
9000000820-1,2020-12-08,13.0,233.2155477031804,1,bad
9000000820-1,2020-12-08,14.0,292.393639879673,1,bad
9000000820-1,2020-12-08,15.0,382.5124515772003,1,bad
9000000820-1,2020-12-09,8.0,97.0474967907573,1,bad
9000000820-1,2020-12-09,9.0,105.09803921568619,1,bad
9000000820-1,2020-12-09,10.0,118.51327433628319,1,bad
9000000820-1,2020-12-09,11.0,141.428571428572,1,bad
9000000820-1,2020-12-09,12.0,160.08676789587906,1,bad
9000000820-1,2020-12-09,13.0,192.1052631578945,1,bad
9000000820-1,2020-12-09,14.0,300.4335260115604,1,bad
9000000820-1,2020-12-09,15.0,380.01611603545575,1,bad
9000000820-1,2020-12-10,8.0,107.09677419354838,1,bad
9000000820-1,2020-12-10,9.0,98.78831076265139,1,bad
9000000820-1,2020-12-10,10.0,122.2985182508132,1,bad
9000000820-1,2020-12-10,11.0,153.5928143712579,1,bad
9000000820-1,2020-12-10,12.0,137.49540947484428,1,bad
9000000820-1,2020-12-10,13.0,191.4754098360661,1,bad
9000000820-1,2020-12-10,14.0,298.61751152073714,1,bad
9000000820-1,2020-12-10,15.0,389.76640711902263,1,bad
9000000820-1,2020-12-11,8.0,100.8585630366018,1,bad
9000000820-1,2020-12-11,9.0,100.544069640914,1,bad
9000000820-1,2020-12-11,10.0,109.9137931034482,1,bad
9000000820-1,2020-12-11,11.0,168.6486486486479,1,bad
9000000820-1,2020-12-11,12.0,166.4666431344858,1,bad
9000000820-1,2020-12-11,13.0,241.3694721825965,1,bad
9000000820-1,2020-12-11,14.0,322.5433526011556,1,bad
9000000820-1,2020-12-11,15.0,374.7416762342152,1,bad
9000000820-1,2020-12-12,8.0,79.5069337442219,0,bad
9000000820-1,2020-12-12,9.0,106.38703527168718,0,bad
9000000820-1,2020-12-12,10.0,119.5759717314487,0,bad
9000000820-1,2020-12-12,11.0,164.806866952789,0,bad
9000000820-1,2020-12-12,12.0,142.34363767073998,0,bad
9000000820-1,2020-12-12,13.0,150.8823529411763,0,bad
9000000820-1,2020-12-12,14.0,144.1572624681472,0,bad
9000000820-1,2020-12-12,15.0,139.882697947214,0,bad
9000000820-1,2020-12-13,8.0,41.938490214352264,0,bad
9000000820-1,2020-12-13,9.0,58.70258773484581,0,bad
9000000820-1,2020-12-13,10.0,85.2529601722281,0,bad
9000000820-1,2020-12-13,11.0,120.6997084548104,0,bad
9000000820-1,2020-12-13,12.0,115.9953970080548,0,bad
9000000820-1,2020-12-13,13.0,113.54359925788529,0,bad
9000000820-1,2020-12-13,14.0,109.45054945054896,0,bad
9000000820-1,2020-12-13,15.0,92.87790697674423,0,bad
9000000820-1,2020-12-14,8.0,108.0260303687635,1,bad
9000000820-1,2020-12-14,9.0,109.00934579439247,1,bad
9000000820-1,2020-12-14,10.0,142.8773919206237,1,bad
9000000820-1,2020-12-14,11.0,148.5714285714283,1,bad
9000000820-1,2020-12-14,12.0,164.7479442259565,1,bad
9000000820-1,2020-12-14,13.0,202.0736503396493,1,bad
9000000820-1,2020-12-14,14.0,324.0653357531757,1,bad
9000000820-1,2020-12-14,15.0,439.5023328149305,1,bad
9000000820-1,2020-12-15,8.0,100.25706940874039,1,bad
9000000820-1,2020-12-15,9.0,103.6468330134358,1,bad
9000000820-1,2020-12-15,10.0,144.7378793851006,1,bad
9000000820-1,2020-12-15,11.0,141.27906976744148,1,bad
9000000820-1,2020-12-15,12.0,163.2911392405067,1,bad
9000000820-1,2020-12-15,13.0,179.67684021544022,1,bad
9000000820-1,2020-12-15,14.0,289.46034045635736,1,bad
9000000820-1,2020-12-15,15.0,425.09225092251006,1,bad
9000000820-1,2020-12-16,8.0,118.71165644171779,1,bad
9000000820-1,2020-12-16,9.0,104.73295701259241,1,bad
9000000820-1,2020-12-16,10.0,141.1016949152543,1,bad
9000000820-1,2020-12-16,11.0,153.4383954154723,1,bad
9000000820-1,2020-12-16,12.0,157.02127659574498,1,bad
9000000820-1,2020-12-16,13.0,185.6068743286783,1,bad
9000000820-1,2020-12-16,14.0,227.0387821674525,1,bad
9000000820-1,2020-12-16,15.0,373.2658959537559,1,bad
9000000820-1,2020-12-17,8.0,132.1382842509605,1,bad
9000000820-1,2020-12-17,9.0,134.0494092373789,1,bad
9000000820-1,2020-12-17,10.0,142.9280397022337,1,bad
9000000820-1,2020-12-17,11.0,165.7979293109599,1,bad
9000000820-1,2020-12-17,12.0,182.8698553948828,1,bad
9000000820-1,2020-12-17,13.0,188.39444642221412,1,bad
9000000820-1,2020-12-17,14.0,251.80327868852572,1,bad
9000000820-1,2020-12-17,15.0,333.8181818181825,1,bad
9000000820-1,2020-12-18,8.0,138.2368848025965,1,bad
9000000820-1,2020-12-18,9.0,137.47323340471098,1,bad
9000000820-1,2020-12-18,10.0,152.9203539823013,1,bad
9000000820-1,2020-12-18,11.0,163.40605207600308,1,bad
9000000820-1,2020-12-18,12.0,181.3504823151128,1,bad
9000000820-1,2020-12-18,13.0,226.7002518891688,1,bad
9000000820-1,2020-12-18,14.0,333.8181818181827,1,bad
9000000820-1,2020-12-18,15.0,366.9128508124073,1,bad
9000000820-1,2020-12-19,8.0,89.76553777446962,0,bad
9000000820-1,2020-12-19,9.0,143.7433155080214,0,bad
9000000820-1,2020-12-19,10.0,181.4696485622999,0,bad
9000000820-1,2020-12-19,11.0,186.9627507163318,0,bad
9000000820-1,2020-12-19,12.0,182.96160877513728,0,bad
9000000820-1,2020-12-19,13.0,191.2540657752082,0,bad
9000000820-1,2020-12-19,14.0,193.253536452666,0,bad
9000000820-1,2020-12-19,15.0,144.77558348294423,0,bad
9000000820-1,2020-12-20,8.0,46.326276463262715,0,bad
9000000820-1,2020-12-20,9.0,78.7363304981774,0,bad
9000000820-1,2020-12-20,10.0,135.7744415964849,0,bad
9000000820-1,2020-12-20,11.0,143.6865021770683,0,bad
9000000820-1,2020-12-20,12.0,134.3478260869567,0,bad
9000000820-1,2020-12-20,13.0,134.1124908692477,0,bad
9000000820-1,2020-12-20,14.0,143.74100719424462,0,bad
9000000820-1,2020-12-20,15.0,116.1716171617162,0,bad
9000000820-1,2020-12-21,9.0,92.42819843342042,1,bad
9000000820-1,2020-12-21,10.0,137.0424597364564,1,bad
9000000820-1,2020-12-21,11.0,157.8947368421056,1,bad
9000000820-1,2020-12-21,12.0,166.8613138686128,1,bad
9000000820-1,2020-12-21,13.0,219.4638266617698,1,bad
9000000820-1,2020-12-21,14.0,291.7491749174907,1,bad
9000000820-1,2020-12-21,15.0,395.5456570155906,1,bad
9000000820-1,2020-12-22,9.0,129.4964028776975,1,bad
9000000820-1,2020-12-22,10.0,150.8823529411771,1,bad
9000000820-1,2020-12-22,11.0,160.6545184083301,1,bad
9000000820-1,2020-12-22,12.0,175.9941627143381,1,bad
9000000820-1,2020-12-22,13.0,214.2857142857144,1,bad
9000000820-1,2020-12-22,14.0,282.4817518248173,1,bad
9000000820-1,2020-12-22,15.0,373.05699481865304,1,bad
9000000820-1,2020-12-23,8.0,144.6197991391673,1,good
9000000820-1,2020-12-23,9.0,130.6034482758624,1,good
9000000820-1,2020-12-23,10.0,148.6956521739131,1,good
9000000820-1,2020-12-23,11.0,182.44583180315868,1,good
9000000820-1,2020-12-23,12.0,220.9090909090913,1,good
9000000820-1,2020-12-23,13.0,229.2484265087004,1,good
9000000820-1,2020-12-23,14.0,318.7500000000006,1,good
9000000820-1,2020-12-23,15.0,338.9781021897809,1,good
9000000820-1,2020-12-26,9.0,101.29870129870142,0,bad
9000000820-1,2020-12-26,10.0,160.7380073800735,0,bad
9000000820-1,2020-12-26,11.0,186.67730355006012,0,bad
9000000820-1,2020-12-26,12.0,180.50541516245465,0,bad
9000000820-1,2020-12-26,13.0,191.2632821723727,0,bad
9000000820-1,2020-12-26,14.0,142.3487544483989,0,bad
9000000820-1,2020-12-26,15.0,80.9313528703332,0,bad
9000000820-1,2020-12-27,8.0,46.153846153846104,0,bad
9000000820-1,2020-12-27,9.0,102.01912858660997,0,bad
9000000820-1,2020-12-27,10.0,179.74137931034525,0,bad
9000000820-1,2020-12-27,11.0,189.54201226108836,0,bad
9000000820-1,2020-12-27,12.0,195.32878189004626,0,bad
9000000820-1,2020-12-27,13.0,112.332838038633,0,bad
9000000820-1,2020-12-27,14.0,139.79289940828372,0,bad
9000000820-1,2020-12-27,15.0,132.06162876008815,0,bad
9000000820-1,2020-12-28,8.0,75.05791505791505,1,bad
9000000820-1,2020-12-28,9.0,110.5901374292644,1,bad
9000000820-1,2020-12-28,10.0,130.0038417210911,1,bad
9000000820-1,2020-12-28,11.0,146.24591947769258,1,bad
9000000820-1,2020-12-28,12.0,168.8530597288381,1,bad
9000000820-1,2020-12-28,13.0,176.76804690362732,1,bad
9000000820-1,2020-12-28,14.0,253.18681318681251,1,bad
9000000820-1,2020-12-28,15.0,279.1728212703112,1,bad
9000000820-1,2020-12-29,8.0,87.9086254430878,1,bad
9000000820-1,2020-12-29,9.0,112.25238444607488,1,bad
9000000820-1,2020-12-29,10.0,119.6996782266714,1,bad
9000000820-1,2020-12-29,11.0,153.2467532467538,1,bad
9000000820-1,2020-12-29,12.0,160.1206181681122,1,bad
9000000820-1,2020-12-29,13.0,171.36380808462388,1,bad
9000000820-1,2020-12-29,14.0,202.4483550114764,1,bad
9000000820-1,2020-12-29,15.0,220.30047636496843,1,bad
9000000820-1,2020-12-30,8.0,64.22372227579561,1,bad
9000000820-1,2020-12-30,9.0,126.2705798138867,1,bad
9000000820-1,2020-12-30,10.0,165.0655021834064,1,bad
9000000820-1,2020-12-30,11.0,211.31270010672313,1,bad
9000000820-1,2020-12-30,12.0,203.8984920926811,1,bad
9000000820-1,2020-12-30,13.0,199.03525046382254,1,bad
9000000820-1,2020-12-30,14.0,275.294117647058,1,bad
9000000820-1,2020-12-30,15.0,277.12707182320474,1,bad
9000000820-1,2020-12-31,8.0,59.4159966144732,1,bad
9000000820-1,2020-12-31,9.0,105.732484076433,1,bad
9000000820-1,2020-12-31,10.0,172.4088634739098,1,bad
9000000820-1,2020-12-31,11.0,167.2595281306709,1,bad
9000000820-1,2020-12-31,12.0,249.18032786885308,1,bad
9000000820-1,2020-12-31,13.0,268.9880304678998,1,bad
9000000820-1,2020-12-31,14.0,211.1475409836069,1,bad
9000000820-1,2020-12-31,15.0,192.265193370166,1,bad
9000000820-1,2021-01-01,8.0,18.098031001256775,1,bad
9000000820-1,2021-01-01,9.0,47.54953076120962,1,bad
9000000820-1,2021-01-01,10.0,76.07449856733534,1,bad
9000000820-1,2021-01-01,11.0,97.40259740259738,1,bad
9000000820-1,2021-01-01,12.0,146.8298109010015,1,bad
9000000820-1,2021-01-01,13.0,193.8561619082042,1,bad
9000000820-1,2021-01-01,14.0,153.5928143712579,1,bad
9000000820-1,2021-01-01,15.0,144.58364038319831,1,bad
9000000820-1,2021-01-02,8.0,27.457627118644037,0,bad
9000000820-1,2021-01-02,9.0,63.022508038585144,0,bad
9000000820-1,2021-01-02,10.0,88.08924073407691,0,bad
9000000820-1,2021-01-02,11.0,122.2985182508131,0,bad
9000000820-1,2021-01-02,12.0,123.8199780461035,0,bad
9000000820-1,2021-01-02,13.0,140.2597402597405,0,bad
9000000820-1,2021-01-02,14.0,69.6428571428572,0,bad
9000000820-1,2021-01-02,15.0,79.4315632011966,0,bad
9000000820-1,2021-01-03,8.0,46.80187207488304,0,bad
9000000820-1,2021-01-03,9.0,67.58122743682306,0,bad
9000000820-1,2021-01-03,10.0,104.99453153481579,0,bad
9000000820-1,2021-01-03,11.0,159.7671880683882,0,bad
9000000820-1,2021-01-03,12.0,138.8141142233539,0,bad
9000000820-1,2021-01-03,13.0,117.20310765815772,0,bad
9000000820-1,2021-01-03,14.0,96.01753744976243,0,bad
9000000820-1,2021-01-03,15.0,114.66666666666633,0,bad
9000000820-1,2021-01-04,8.0,94.93832411739689,1,bad
9000000820-1,2021-01-04,9.0,89.7619947109935,1,bad
9000000820-1,2021-01-04,10.0,99.3197278911566,1,bad
9000000820-1,2021-01-04,11.0,141.27906976744148,1,bad
9000000820-1,2021-01-04,12.0,155.76923076923117,1,bad
9000000820-1,2021-01-04,13.0,187.6651982378857,1,bad
9000000820-1,2021-01-04,14.0,312.1076233183842,1,bad
9000000820-1,2021-01-04,15.0,378.49117174959997,1,bad
9000000820-1,2021-01-05,8.0,116.83309557774609,1,bad
9000000820-1,2021-01-05,9.0,113.79310344827582,1,bad
9000000820-1,2021-01-05,10.0,160.23349142648672,1,bad
9000000820-1,2021-01-05,11.0,132.43243243243262,1,bad
9000000820-1,2021-01-05,12.0,172.8432108027009,1,bad
9000000820-1,2021-01-05,13.0,192.6465234801594,1,bad
9000000820-1,2021-01-05,14.0,290.71698113207583,1,bad
9000000820-1,2021-01-05,15.0,381.7527010804307,1,bad
9000000820-1,2021-01-06,8.0,102.45959241040049,1,bad
9000000820-1,2021-01-06,9.0,89.7755610972569,1,bad
9000000820-1,2021-01-06,10.0,141.5584415584414,1,bad
9000000820-1,2021-01-06,11.0,109.82567353407289,1,bad
9000000820-1,2021-01-06,12.0,152.1499448732086,1,bad
9000000820-1,2021-01-06,13.0,188.6166603844705,1,bad
9000000820-1,2021-01-06,14.0,281.29226145754984,1,bad
9000000820-1,2021-01-06,15.0,341.26394052044776,1,bad
9000000820-1,2021-01-07,8.0,112.55961844197131,1,bad
9000000820-1,2021-01-07,9.0,120.9003215434087,1,bad
9000000820-1,2021-01-07,10.0,122.56428830134048,1,bad
9000000820-1,2021-01-07,11.0,156.5217391304347,1,bad
9000000820-1,2021-01-07,12.0,154.8529411764705,1,bad
9000000820-1,2021-01-07,13.0,170.05714285714208,1,bad
9000000820-1,2021-01-07,14.0,282.3012092341507,1,bad
9000000820-1,2021-01-07,15.0,381.05107327905273,1,bad
9000000820-1,2021-01-08,9.0,125.06908803789969,1,bad
9000000820-1,2021-01-08,10.0,112.6782884310619,1,bad
9000000820-1,2021-01-08,11.0,132.7491785323113,1,bad
9000000820-1,2021-01-08,12.0,137.64705882352982,1,bad
9000000820-1,2021-01-08,13.0,226.8852459016398,1,bad
9000000820-1,2021-01-08,14.0,299.6685082872931,1,bad
9000000820-1,2021-01-08,15.0,319.6506550218327,1,bad
9000000820-1,2021-01-09,8.0,69.90291262135915,0,bad
9000000820-1,2021-01-09,9.0,140.20771513353088,0,bad
9000000820-1,2021-01-09,10.0,239.2156862745089,0,bad
9000000820-1,2021-01-09,11.0,277.02503681885173,0,bad
9000000820-1,2021-01-09,12.0,231.9587628865985,0,bad
9000000820-1,2021-01-09,13.0,181.57894736842147,0,bad
9000000820-1,2021-01-09,14.0,188.55869242199142,0,bad
9000000820-1,2021-01-09,15.0,113.9664804469273,0,bad
9000000820-1,2021-01-10,8.0,50.241545893719795,0,bad
9000000820-1,2021-01-10,9.0,106.83326825458806,0,bad
9000000820-1,2021-01-10,10.0,174.61706783369857,0,bad
9000000820-1,2021-01-10,11.0,166.3976522377105,0,bad
9000000820-1,2021-01-10,12.0,124.54913507545099,0,bad
9000000820-1,2021-01-10,13.0,138.9657683903865,0,bad
9000000820-1,2021-01-10,14.0,129.3647912885666,0,bad
9000000820-1,2021-01-10,15.0,87.16067498165812,0,bad
9000000820-1,2021-01-10,16.0,75.38304392236974,0,bad
9000000820-1,2021-01-11,8.0,102.45614035087709,1,bad
9000000820-1,2021-01-11,9.0,114.01528940662526,1,bad
9000000820-1,2021-01-11,10.0,122.1452024808467,1,bad
9000000820-1,2021-01-11,11.0,133.82899628252812,1,bad
9000000820-1,2021-01-11,12.0,146.3200292932987,1,bad
9000000820-1,2021-01-11,13.0,198.5096870342778,1,bad
9000000820-1,2021-01-11,14.0,286.5279299014249,1,bad
9000000820-1,2021-01-11,15.0,413.61141602634365,1,bad
9000000820-1,2021-01-11,16.0,276.3546798029562,1,bad
9000000820-1,2021-01-12,8.0,120.83333333333319,1,bad
9000000820-1,2021-01-12,9.0,124.4088759548929,1,bad
9000000820-1,2021-01-12,10.0,147.8735005452568,1,bad
9000000820-1,2021-01-12,11.0,166.4661654135344,1,bad
9000000820-1,2021-01-12,12.0,137.96095444685488,1,bad
9000000820-1,2021-01-12,13.0,223.9631336405528,1,bad
9000000820-1,2021-01-12,14.0,310.7725788900974,1,bad
9000000820-1,2021-01-12,15.0,385.5182926829271,1,bad
9000000820-1,2021-01-12,16.0,391.8489065606353,1,bad
9000000820-1,2021-01-13,8.0,111.5675675675675,1,bad
9000000820-1,2021-01-13,9.0,109.0093457943924,1,bad
9000000820-1,2021-01-13,10.0,148.2123510292523,1,bad
9000000820-1,2021-01-13,11.0,174.0812379110256,1,bad
9000000820-1,2021-01-13,12.0,192.6465234801594,1,bad
9000000820-1,2021-01-13,13.0,234.6704871060171,1,bad
9000000820-1,2021-01-13,14.0,299.4551398474385,1,bad
9000000820-1,2021-01-13,15.0,336.37374860956663,1,bad
9000000820-1,2021-01-13,16.0,332.99232736573015,1,bad
9000000820-1,2021-01-14,8.0,111.2359550561797,1,bad
9000000820-1,2021-01-14,9.0,101.7621145374449,1,bad
9000000820-1,2021-01-14,10.0,130.9586964759373,1,bad
9000000820-1,2021-01-14,11.0,131.13030416823102,1,bad
9000000820-1,2021-01-14,12.0,201.47275405007366,1,bad
9000000820-1,2021-01-14,13.0,193.8053097345136,1,bad
9000000820-1,2021-01-14,14.0,258.97339827650904,1,bad
9000000820-1,2021-01-14,15.0,353.9251650770364,1,bad
9000000820-1,2021-01-14,16.0,269.32668329177005,1,bad
9000000820-1,2021-01-15,8.0,110.41369472182619,1,bad
9000000820-1,2021-01-15,9.0,118.82480957562561,1,bad
9000000820-1,2021-01-15,10.0,167.1949870991522,1,bad
9000000820-1,2021-01-15,11.0,207.5851393188851,1,bad
9000000820-1,2021-01-15,12.0,222.25508317929769,1,bad
9000000820-1,2021-01-15,13.0,284.0057636887607,1,bad
9000000820-1,2021-01-15,14.0,334.548104956269,1,bad
9000000820-1,2021-01-15,15.0,291.7776037588104,1,bad
9000000820-1,2021-01-15,16.0,223.492630638678,1,bad
9000000820-1,2021-01-16,8.0,76.97594501718217,0,bad
9000000820-1,2021-01-16,9.0,157.98561151079085,0,bad
9000000820-1,2021-01-16,10.0,222.9143492769745,0,bad
9000000820-1,2021-01-16,11.0,268.8741721854294,0,bad
9000000820-1,2021-01-16,12.0,327.2727272727278,0,bad
9000000820-1,2021-01-16,13.0,260.4584527220628,0,bad
9000000820-1,2021-01-16,14.0,197.85867237687398,0,bad
9000000820-1,2021-01-16,15.0,134.64299206648988,0,bad
9000000820-1,2021-01-16,16.0,111.49825783972119,0,bad
9000000820-1,2021-01-17,8.0,55.534130350944835,0,bad
9000000820-1,2021-01-17,9.0,113.56055112400298,0,bad
9000000820-1,2021-01-17,10.0,215.65600882028698,0,bad
9000000820-1,2021-01-17,11.0,214.98371335504862,0,bad
9000000820-1,2021-01-17,12.0,224.5746691871446,0,bad
9000000820-1,2021-01-17,13.0,198.72324446113439,0,bad
9000000820-1,2021-01-17,14.0,161.2334801762118,0,bad
9000000820-1,2021-01-17,15.0,87.17022045536683,0,bad
9000000820-1,2021-01-17,16.0,85.2484472049689,0,bad
9000000820-1,2021-01-18,8.0,92.27129337539431,1,bad
9000000820-1,2021-01-18,9.0,127.82608695652162,1,bad
9000000820-1,2021-01-18,10.0,134.8854128774098,1,bad
9000000820-1,2021-01-18,11.0,176.4065335753172,1,bad
9000000820-1,2021-01-18,12.0,181.9254887495386,1,bad
9000000820-1,2021-01-18,13.0,222.68041237113388,1,bad
9000000820-1,2021-01-18,14.0,228.2154635397577,1,bad
9000000820-1,2021-01-18,15.0,355.877862595419,1,bad
9000000820-1,2021-01-18,16.0,266.9282071400547,1,bad
9000000820-1,2021-01-19,8.0,105.65497494631362,1,bad
9000000820-1,2021-01-19,9.0,124.35897435897479,1,bad
9000000820-1,2021-01-19,10.0,142.4836601307186,1,bad
9000000820-1,2021-01-19,11.0,155.5474185280113,1,bad
9000000820-1,2021-01-19,12.0,214.66666666666669,1,bad
9000000820-1,2021-01-19,13.0,172.2488038277512,1,bad
9000000820-1,2021-01-19,14.0,248.6976217440544,1,bad
9000000820-1,2021-01-19,15.0,321.0810810810823,1,bad
9000000820-1,2021-01-19,16.0,302.877070619005,1,bad
9000000820-1,2021-01-20,8.0,101.7994858611825,1,bad
9000000820-1,2021-01-20,9.0,99.38249182709771,1,bad
9000000820-1,2021-01-20,10.0,142.212189616253,1,bad
9000000820-1,2021-01-20,11.0,120.99644128113889,1,bad
9000000820-1,2021-01-20,12.0,136.5187713310576,1,bad
9000000820-1,2021-01-20,13.0,192.7751806204846,1,bad
9000000820-1,2021-01-20,14.0,257.2555896536608,1,bad
9000000820-1,2021-01-20,15.0,346.1874696454593,1,bad
9000000820-1,2021-01-21,9.0,135.25179856115062,1,bad
9000000820-1,2021-01-21,10.0,110.4477611940298,1,bad
9000000820-1,2021-01-21,11.0,153.2567049808431,1,bad
9000000820-1,2021-01-21,12.0,133.0120481927709,1,bad
9000000820-1,2021-01-21,13.0,210.9117539362877,1,bad
9000000820-1,2021-01-21,14.0,271.8232044198901,1,bad
9000000820-1,2021-01-21,15.0,365.4085745694394,1,bad
9000000820-1,2021-01-21,16.0,288.648648648648,1,bad
9000000820-1,2021-01-22,9.0,114.81631005248282,1,bad
9000000820-1,2021-01-22,10.0,103.93230462916878,1,bad
9000000820-1,2021-01-22,11.0,152.112676056338,1,bad
9000000820-1,2021-01-22,12.0,158.2230623818532,1,bad
9000000820-1,2021-01-22,13.0,158.48079413034122,1,bad
9000000820-1,2021-01-22,14.0,290.5481225722925,1,bad
9000000820-1,2021-01-22,15.0,285.5917667238414,1,bad
9000000820-1,2021-01-23,8.0,49.135577797998195,0,bad
9000000820-1,2021-01-23,9.0,113.2406730065837,0,bad
9000000820-1,2021-01-23,10.0,116.12903225806431,0,bad
9000000820-1,2021-01-23,11.0,113.1736526946109,0,bad
9000000820-1,2021-01-23,12.0,160.0602863602113,0,bad
9000000820-1,2021-01-23,13.0,141.28100703443232,0,bad
9000000820-1,2021-01-23,14.0,142.5219941348974,0,bad
9000000820-1,2021-01-23,15.0,114.22018348623877,0,bad
9000000820-1,2021-01-24,8.0,43.24717874044413,0,bad
9000000820-1,2021-01-24,9.0,99.71223021582729,0,bad
9000000820-1,2021-01-24,10.0,155.4990925589836,0,bad
9000000820-1,2021-01-24,11.0,154.86693401385378,0,bad
9000000820-1,2021-01-24,12.0,120.13498312710968,0,bad
9000000820-1,2021-01-24,13.0,107.79220779220789,0,bad
9000000820-1,2021-01-24,14.0,100.6901561932438,0,bad
9000000820-1,2021-01-24,15.0,100.1112347052281,0,bad
9000000820-1,2021-01-25,8.0,140.46242774566448,1,bad
9000000820-1,2021-01-25,9.0,138.15789473684168,1,bad
9000000820-1,2021-01-25,10.0,141.2023460410552,1,bad
9000000820-1,2021-01-25,11.0,129.2028711749146,1,bad
9000000820-1,2021-01-25,12.0,151.8545454545454,1,bad
9000000820-1,2021-01-25,13.0,179.40637596189111,1,bad
9000000820-1,2021-01-25,14.0,272.6659167604054,1,bad
9000000820-1,2021-01-25,15.0,362.8010374212676,1,bad
9000000820-1,2021-01-25,16.0,375.6521739130434,1,bad
9000000820-1,2021-01-26,8.0,141.342756183745,1,bad
9000000820-1,2021-01-26,9.0,126.3843648208469,1,bad
9000000820-1,2021-01-26,10.0,150.4994450610437,1,bad
9000000820-1,2021-01-26,11.0,154.90989334314108,1,bad
9000000820-1,2021-01-26,12.0,196.81390296886323,1,bad
9000000820-1,2021-01-26,13.0,214.605067064084,1,bad
9000000820-1,2021-01-26,14.0,308.3455344070282,1,bad
9000000820-1,2021-01-26,15.0,376.01809954751155,1,bad
9000000820-1,2021-01-26,16.0,307.7482720989445,1,bad
9000000820-1,2021-01-27,8.0,141.47859922179,1,bad
9000000820-1,2021-01-27,9.0,116.4347499059803,1,bad
9000000820-1,2021-01-27,10.0,170.7406056183877,1,bad
9000000820-1,2021-01-27,11.0,156.23145400593438,1,bad
9000000820-1,2021-01-27,12.0,126.61977045538721,1,bad
9000000820-1,2021-01-27,13.0,181.2171299774603,1,bad
9000000820-1,2021-01-27,14.0,288.8135593220349,1,bad
9000000820-1,2021-01-27,15.0,413.5943849279661,1,bad
9000000820-1,2021-01-27,16.0,358.52842809364614,1,bad
9000000820-1,2021-01-28,8.0,144.2599277978345,1,bad
9000000820-1,2021-01-28,9.0,141.3818181818181,1,bad
9000000820-1,2021-01-28,10.0,124.5901639344265,1,bad
9000000820-1,2021-01-28,11.0,143.6276320650168,1,bad
9000000820-1,2021-01-28,12.0,159.88156920799398,1,bad
9000000820-1,2021-01-28,13.0,182.4945295404819,1,bad
9000000820-1,2021-01-28,14.0,325.0746268656719,1,bad
9000000820-1,2021-01-28,15.0,426.22950819672343,1,bad
9000000820-1,2021-01-28,16.0,296.194273287424,1,bad
9000000820-1,2021-01-29,9.0,132.96266878474978,1,bad
9000000820-1,2021-01-29,10.0,143.415713758761,1,bad
9000000820-1,2021-01-29,11.0,148.28981243104107,1,bad
9000000820-1,2021-01-29,12.0,183.606557377049,1,bad
9000000820-1,2021-01-29,13.0,234.75409836065646,1,bad
9000000820-1,2021-01-29,14.0,342.3516402506464,1,bad
9000000820-1,2021-01-29,15.0,369.80854197349055,1,bad
9000000820-1,2021-01-29,16.0,282.03592814371217,1,bad
9000000820-1,2021-01-30,8.0,92.7702219040802,0,bad
9000000820-1,2021-01-30,9.0,146.67619728377488,0,bad
9000000820-1,2021-01-30,10.0,201.30718954248292,0,bad
9000000820-1,2021-01-30,11.0,213.8084632516713,0,bad
9000000820-1,2021-01-30,12.0,204.102946661693,0,bad
9000000820-1,2021-01-30,13.0,198.2529434105576,0,bad
9000000820-1,2021-01-30,14.0,152.46089278901218,0,bad
9000000820-1,2021-01-30,15.0,109.09090909090857,0,bad
9000000820-1,2021-01-30,16.0,148.9084641899652,0,bad
9000000820-1,2021-01-31,8.0,28.324154209284004,0,bad
9000000820-1,2021-01-31,9.0,65.9541984732825,0,bad
9000000820-1,2021-01-31,10.0,120.9003215434081,0,bad
9000000820-1,2021-01-31,11.0,114.69949312092673,0,bad
9000000820-1,2021-01-31,12.0,114.75644699140346,0,bad
9000000820-1,2021-01-31,13.0,121.7199558985667,0,bad
9000000820-1,2021-01-31,14.0,106.3177570093457,0,bad
9000000820-1,2021-01-31,15.0,114.82421167089554,0,bad
9000000820-1,2021-01-31,16.0,78.73633049817738,0,bad
9000000820-1,2021-02-01,8.0,163.2337434094905,1,bad
9000000820-1,2021-02-01,9.0,163.3948339483395,1,bad
9000000820-1,2021-02-01,10.0,142.0014609203797,1,bad
9000000820-1,2021-02-01,11.0,155.7692307692311,1,bad
9000000820-1,2021-02-01,12.0,181.7767653758541,1,bad
9000000820-1,2021-02-01,13.0,250.33533356865397,1,bad
9000000820-1,2021-02-01,14.0,357.4843692534003,1,bad
9000000820-1,2021-02-01,15.0,439.32670237184277,1,bad
9000000820-1,2021-02-01,16.0,370.2318623784592,1,bad
9000000820-1,2021-02-02,8.0,151.4950166112957,1,bad
9000000820-1,2021-02-02,9.0,128.15110788231013,1,bad
9000000820-1,2021-02-02,10.0,158.45762095307347,1,bad
9000000820-1,2021-02-02,11.0,196.8139029688632,1,bad
9000000820-1,2021-02-02,12.0,167.44186046511578,1,bad
9000000820-1,2021-02-02,13.0,168.5800604229604,1,bad
9000000820-1,2021-02-02,14.0,368.3658170914524,1,bad
9000000820-1,2021-02-02,15.0,369.9658703071677,1,bad
9000000820-1,2021-02-02,16.0,366.5551839464889,1,bad
9000000820-1,2021-02-03,9.0,128.0070237050039,1,good
9000000820-1,2021-02-03,10.0,164.86486486486473,1,good
9000000820-1,2021-02-03,11.0,139.0613718411552,1,good
9000000820-1,2021-02-03,12.0,170.66069428891322,1,good
9000000820-1,2021-02-03,13.0,229.8431229478283,1,good
9000000820-1,2021-02-03,14.0,351.3812154696131,1,good
9000000820-1,2021-02-03,15.0,372.6482810729123,1,good
9000000820-1,2021-02-03,16.0,306.0,1,good
9000000820-1,2021-02-04,8.0,150.2384737678853,1,good
9000000820-1,2021-02-04,9.0,134.4070278184477,1,good
9000000820-1,2021-02-04,10.0,137.6903082064613,1,good
9000000820-1,2021-02-04,11.0,168.00000000000028,1,good
9000000820-1,2021-02-04,12.0,185.21739130434813,1,good
9000000820-1,2021-02-04,13.0,261.1048478015788,1,good
9000000820-1,2021-02-04,14.0,292.1857304643268,1,good
9000000820-1,2021-02-04,15.0,394.891059353868,1,good
9000000820-1,2021-02-04,16.0,402.4522178146437,1,good
9000000820-1,2021-02-05,9.0,147.4106784423926,1,good
9000000820-1,2021-02-05,10.0,163.6973537085347,1,good
9000000820-1,2021-02-05,11.0,147.8715459297986,1,good
9000000820-1,2021-02-05,12.0,226.86792452830224,1,good
9000000820-1,2021-02-05,13.0,283.4852351440036,1,good
9000000820-1,2021-02-05,14.0,371.99550730063464,1,good
9000000820-1,2021-02-05,15.0,433.81535038932327,1,good
9000000820-1,2021-02-05,16.0,321.8978102189777,1,good
9000000820-1,2021-02-06,8.0,96.72897196261671,0,good
9000000820-1,2021-02-06,9.0,127.39875957679669,0,good
9000000820-1,2021-02-06,10.0,196.6555183946491,0,good
9000000820-1,2021-02-06,11.0,224.14578587699248,0,good
9000000820-1,2021-02-06,12.0,216.00000000000028,0,good
9000000820-1,2021-02-06,13.0,198.2765080554521,0,good
9000000820-1,2021-02-06,14.0,141.3136416634281,0,good
9000000820-1,2021-02-06,15.0,161.5823507036901,0,good
9000000820-1,2021-02-06,16.0,109.3670886075949,0,good
9000000820-1,2021-02-07,7.0,40.73107049608356,0,bad
9000000820-1,2021-02-07,8.0,62.50885896527295,0,bad
9000000820-1,2021-02-07,9.0,104.6742730953256,0,bad
9000000820-1,2021-02-07,10.0,115.0624540778835,0,bad
9000000820-1,2021-02-07,11.0,162.39624684229528,0,bad
9000000820-1,2021-02-07,12.0,129.96389891696748,0,bad
9000000820-1,2021-02-07,13.0,102.85714285714282,0,bad
9000000820-1,2021-02-07,14.0,101.38990490124361,0,bad
9000000820-1,2021-02-07,15.0,85.28356066044518,0,bad
9000000820-1,2021-02-07,16.0,109.1959557053442,0,bad
9000000820-1,2021-02-08,8.0,38.60589812332436,1,bad
9000000820-1,2021-02-08,9.0,60.5381165919283,1,bad
9000000820-1,2021-02-08,10.0,142.46575342465712,1,bad
9000000820-1,2021-02-08,11.0,137.6061776061778,1,bad
9000000820-1,2021-02-08,12.0,143.14960629921273,1,bad
9000000820-1,2021-02-08,13.0,156.144578313253,1,bad
9000000820-1,2021-02-08,14.0,126.8130957314547,1,bad
9000000820-1,2021-02-08,15.0,148.1142857142856,1,bad
9000000820-1,2021-02-08,16.0,98.94578313253014,1,bad
9000000820-1,2021-02-09,8.0,188.1584320130661,1,bad
9000000820-1,2021-02-09,9.0,139.8195370733621,1,bad
9000000820-1,2021-02-09,10.0,151.6198704103674,1,bad
9000000820-1,2021-02-09,11.0,150.3325942350331,1,bad
9000000820-1,2021-02-09,12.0,172.8321548195011,1,bad
9000000820-1,2021-02-09,13.0,220.5718529520973,1,bad
9000000820-1,2021-02-09,14.0,302.1072088724597,1,bad
9000000820-1,2021-02-09,15.0,417.9525222551928,1,bad
9000000820-1,2021-02-09,16.0,329.6202531645566,1,bad
9000000820-1,2021-02-10,8.0,151.8921270117438,1,bad
9000000820-1,2021-02-10,9.0,130.1043219076005,1,bad
9000000820-1,2021-02-10,10.0,130.7865168539326,1,bad
9000000820-1,2021-02-10,11.0,151.1811023622051,1,bad
9000000820-1,2021-02-10,12.0,193.9393939393941,1,bad
9000000820-1,2021-02-10,13.0,151.03926096997714,1,bad
9000000820-1,2021-02-10,14.0,248.6976217440548,1,bad
9000000820-1,2021-02-10,15.0,324.4106463878329,1,bad
9000000820-1,2021-02-10,16.0,345.3376205787773,1,bad
9000000820-1,2021-02-11,8.0,178.5651018600525,1,bad
9000000820-1,2021-02-11,9.0,114.96472335685088,1,bad
9000000820-1,2021-02-11,10.0,163.15007429420518,1,bad
9000000820-1,2021-02-11,11.0,174.1297178453644,1,bad
9000000820-1,2021-02-11,12.0,194.7368421052629,1,bad
9000000820-1,2021-02-11,13.0,215.8659217877095,1,bad
9000000820-1,2021-02-11,14.0,274.5995423340956,1,bad
9000000820-1,2021-02-11,15.0,463.5428571428563,1,bad
9000000820-1,2021-02-11,16.0,365.2368519209262,1,bad
9000000820-1,2021-02-12,7.0,127.47252747252742,1,bad
9000000820-1,2021-02-12,8.0,147.4223034734918,1,bad
9000000820-1,2021-02-12,9.0,118.2837263239273,1,bad
9000000820-1,2021-02-12,10.0,109.6376252891288,1,bad
9000000820-1,2021-02-12,11.0,149.4235203689469,1,bad
9000000820-1,2021-02-12,12.0,203.38983050847457,1,bad
9000000820-1,2021-02-12,13.0,202.2935779816513,1,bad
9000000820-1,2021-02-12,14.0,303.4802784222744,1,bad
9000000820-1,2021-02-12,15.0,377.6416539050545,1,bad
9000000820-1,2021-02-12,16.0,314.64245175936367,1,bad
9000000820-1,2021-02-13,7.0,69.92031872509949,0,bad
9000000820-1,2021-02-13,8.0,77.0764119601329,0,bad
9000000820-1,2021-02-13,9.0,123.7337192474673,0,bad
9000000820-1,2021-02-13,10.0,163.509316770186,0,bad
9000000820-1,2021-02-13,11.0,108.03043110735419,0,bad
9000000820-1,2021-02-13,12.0,159.12408759124062,0,bad
9000000820-1,2021-02-13,13.0,127.62836185819111,0,bad
9000000820-1,2021-02-13,14.0,149.3661160199763,0,bad
9000000820-1,2021-02-13,15.0,126.03621730382311,0,bad
9000000820-1,2021-02-13,16.0,113.1045886730049,0,bad
9000000820-1,2021-02-14,7.0,30.3086997193639,0,bad
9000000820-1,2021-02-14,8.0,33.9366515837104,0,bad
9000000820-1,2021-02-14,9.0,108.7693441414885,0,bad
9000000820-1,2021-02-14,10.0,150.53609721229438,0,bad
9000000820-1,2021-02-14,11.0,227.9136690647477,0,bad
9000000820-1,2021-02-14,12.0,242.33358264771917,0,bad
9000000820-1,2021-02-14,13.0,198.639455782313,0,bad
9000000820-1,2021-02-14,14.0,153.69230769230737,0,bad
9000000820-1,2021-02-14,15.0,90.8385093167701,0,bad
9000000820-1,2021-02-14,16.0,71.14624505928857,0,bad
9000000820-1,2021-02-15,7.0,123.0,1,bad
9000000820-1,2021-02-15,8.0,135.2297592997813,1,bad
9000000820-1,2021-02-15,9.0,101.7391304347826,1,bad
9000000820-1,2021-02-15,10.0,133.1896551724135,1,bad
9000000820-1,2021-02-15,11.0,170.9901351845083,1,bad
9000000820-1,2021-02-15,12.0,206.53594771241822,1,bad
9000000820-1,2021-02-15,13.0,258.8996763754045,1,bad
9000000820-1,2021-02-15,14.0,344.1079897847487,1,bad
9000000820-1,2021-02-15,15.0,278.9034564958273,1,bad
9000000820-1,2021-02-15,16.0,217.4198849630235,1,bad
9000000820-1,2021-02-16,7.0,132.6315789473683,1,bad
9000000820-1,2021-02-16,8.0,161.7669459253616,1,bad
9000000820-1,2021-02-16,9.0,145.5835402625043,1,bad
9000000820-1,2021-02-16,10.0,137.13017751479293,1,bad
9000000820-1,2021-02-16,11.0,178.7513691128148,1,bad
9000000820-1,2021-02-16,12.0,207.51208627742653,1,bad
9000000820-1,2021-02-16,13.0,260.0660066006596,1,bad
9000000820-1,2021-02-16,14.0,359.07590759075873,1,bad
9000000820-1,2021-02-16,15.0,293.7354988399078,1,bad
9000000820-1,2021-02-16,16.0,381.1926605504581,1,bad
9000000820-1,2021-02-17,8.0,219.5121951219513,1,bad
9000000820-1,2021-02-17,9.0,114.13994169096199,1,bad
9000000820-1,2021-02-17,10.0,168.7500000000002,1,bad
9000000820-1,2021-02-17,11.0,154.9098933431411,1,bad
9000000820-1,2021-02-17,12.0,200.1512859304084,1,bad
9000000820-1,2021-02-17,13.0,236.52561247216084,1,bad
9000000820-1,2021-02-17,14.0,360.66055045871417,1,bad
9000000820-1,2021-02-17,15.0,323.7950664136631,1,bad
9000000820-1,2021-02-17,16.0,230.7335907335906,1,bad
9000000820-1,2021-02-18,7.0,173.33333333333312,1,good
9000000820-1,2021-02-18,8.0,207.7922077922078,1,good
9000000820-1,2021-02-18,9.0,152.2618609783012,1,good
9000000820-1,2021-02-18,10.0,164.5940014630579,1,good
9000000820-1,2021-02-18,11.0,145.7111028592648,1,good
9000000820-1,2021-02-18,12.0,194.6676680435601,1,good
9000000820-1,2021-02-18,13.0,280.3392444101775,1,good
9000000820-1,2021-02-19,8.0,198.4149855907782,1,bad
9000000820-1,2021-02-19,9.0,127.6218611521422,1,bad
9000000820-1,2021-02-19,10.0,178.2046545991867,1,bad
9000000820-1,2021-02-19,11.0,198.3727810650886,1,bad
9000000820-1,2021-02-19,12.0,225.76501700037772,1,bad
9000000820-1,2021-02-19,13.0,286.8791697553733,1,bad
9000000820-1,2021-02-19,14.0,346.35958395245336,1,bad
9000000820-1,2021-02-19,15.0,456.56565656565704,1,bad
9000000820-1,2021-02-19,16.0,360.39896564462623,1,bad
9000000820-1,2021-02-20,7.0,66.8941979522185,0,good
9000000820-1,2021-02-20,8.0,125.28409090909099,0,good
9000000820-1,2021-02-20,9.0,153.87931034482702,0,good
9000000820-1,2021-02-20,10.0,168.43668770887479,0,good
9000000820-1,2021-02-20,11.0,194.3786982248529,0,good
9000000820-1,2021-02-20,12.0,200.37105751391508,0,good
9000000820-1,2021-02-20,13.0,194.8636902410118,0,good
9000000820-1,2021-02-20,15.0,113.92405063291109,0,good
9000000820-1,2021-02-20,16.0,132.2939866369717,0,good
9000000820-1,2021-02-20,17.0,137.1598218703616,0,good
9000000820-1,2021-02-21,7.0,39.655172413793146,0,good
9000000820-1,2021-02-21,8.0,63.78454996456423,0,good
9000000820-1,2021-02-21,9.0,133.8289962825284,0,good
9000000820-1,2021-02-21,10.0,158.5246518630034,0,good
9000000820-1,2021-02-21,11.0,181.0730253353202,0,good
9000000820-1,2021-02-21,12.0,154.6439628482978,0,good
9000000820-1,2021-02-21,13.0,183.78799688230748,0,good
9000000820-1,2021-02-21,14.0,143.1411530815111,0,good
9000000820-1,2021-02-21,15.0,106.47482014388487,0,good
9000000820-1,2021-02-21,16.0,101.38888888888876,0,good
9000000820-1,2021-02-21,17.0,106.3852242744062,0,good
9000000820-1,2021-02-22,7.0,107.69230769230761,1,good
9000000820-1,2021-02-22,8.0,136.20885357548232,1,good
9000000820-1,2021-02-22,9.0,130.0715092209258,1,good
9000000820-1,2021-02-22,10.0,145.0768591607811,1,good
9000000820-1,2021-02-22,11.0,185.75692963752698,1,good
9000000820-1,2021-02-22,12.0,182.4324324324321,1,good
9000000820-1,2021-02-22,13.0,172.5820016820856,1,good
9000000820-1,2021-02-22,14.0,341.9787150177376,1,good
9000000820-1,2021-02-22,15.0,395.44344995931806,1,good
9000000820-1,2021-02-22,16.0,316.5792658329971,1,good
9000000820-1,2021-02-22,17.0,247.384615384615,1,good
9000000820-1,2021-02-23,7.0,137.5796178343945,1,good
9000000820-1,2021-02-23,8.0,125.2960172228201,1,good
9000000820-1,2021-02-23,9.0,154.06562054208268,1,good
9000000820-1,2021-02-23,10.0,232.46521584017154,1,good
9000000820-1,2021-02-23,11.0,216.41468682505368,1,good
9000000820-1,2021-02-23,12.0,198.12949640287758,1,good
9000000820-1,2021-02-23,13.0,228.2678002125399,1,good
9000000820-1,2021-02-23,14.0,367.3733381243266,1,good
9000000820-1,2021-02-23,15.0,384.28465530022333,1,good
9000000820-1,2021-02-23,16.0,254.2449286250936,1,good
9000000820-1,2021-02-23,17.0,291.56159068865196,1,good
9000000820-1,2021-02-24,7.0,120.51835853131749,1,good
9000000820-1,2021-02-24,8.0,159.91332611050944,1,good
9000000820-1,2021-02-24,9.0,151.5509601181683,1,good
9000000820-1,2021-02-24,10.0,179.9343305363005,1,good
9000000820-1,2021-02-24,11.0,231.00216294159978,1,good
9000000820-1,2021-02-24,12.0,200.57887120115782,1,good
9000000820-1,2021-02-24,13.0,289.89003192621465,1,good
9000000820-1,2021-02-24,14.0,321.79487179487074,1,good
9000000820-1,2021-02-24,15.0,411.24087591241,1,good
9000000820-1,2021-02-24,16.0,341.3793103448286,1,good
9000000820-1,2021-02-24,17.0,278.8403288619652,1,good
9000000820-1,2021-02-25,7.0,134.56746173015313,1,good
9000000820-1,2021-02-25,8.0,149.72875226039793,1,good
9000000820-1,2021-02-25,9.0,130.4347826086955,1,good
9000000820-1,2021-02-25,10.0,202.68456375838988,1,good
9000000820-1,2021-02-25,11.0,220.4343182627262,1,good
9000000820-1,2021-02-25,12.0,213.39187705817747,1,good
9000000820-1,2021-02-25,13.0,260.44191019244505,1,good
9000000820-1,2021-02-25,14.0,354.5650611071171,1,good
9000000820-1,2021-02-25,15.0,394.8301329394377,1,good
9000000820-1,2021-02-25,16.0,236.85981308411218,1,good
9000000820-1,2021-02-25,17.0,280.7404489956682,1,good
9000000820-1,2021-02-26,7.0,122.6311667971807,1,good
9000000820-1,2021-02-26,8.0,134.77321814254861,1,good
9000000820-1,2021-02-26,9.0,181.42548596112312,1,good
9000000820-1,2021-02-26,10.0,190.5579399141631,1,good
9000000820-1,2021-02-26,11.0,212.1428571428568,1,good
9000000820-1,2021-02-26,12.0,205.1542649727761,1,good
9000000820-1,2021-02-26,13.0,253.5393460294642,1,good
9000000820-1,2021-02-26,14.0,409.4476744186019,1,good
9000000820-1,2021-02-26,15.0,353.5596933187303,1,good
9000000820-1,2021-02-26,16.0,172.8110599078338,1,good
9000000820-1,2021-02-26,17.0,240.35608308605362,1,good
9000000820-1,2021-02-27,7.0,80.93023255813952,0,good
9000000820-1,2021-02-27,8.0,102.29508196721305,0,good
9000000820-1,2021-02-27,9.0,160.56026538886852,0,good
9000000820-1,2021-02-27,10.0,228.1403244058842,0,good
9000000820-1,2021-02-27,11.0,221.9449541284399,0,good
9000000820-1,2021-02-27,12.0,208.4422861412026,0,good
9000000820-1,2021-02-27,13.0,151.4340344168262,0,good
9000000820-1,2021-02-27,14.0,205.20951302378242,0,good
9000000820-1,2021-02-27,15.0,138.18757419865474,0,good
9000000820-1,2021-02-27,16.0,104.78468899521518,0,good
9000000820-1,2021-02-27,17.0,146.62706830717008,0,good
9000000820-1,2021-02-28,7.0,41.24851837218488,0,bad
9000000820-1,2021-02-28,8.0,57.79521940777741,0,bad
9000000820-1,2021-02-28,9.0,101.33525802959221,0,bad
9000000820-1,2021-02-28,10.0,170.713201820941,0,bad
9000000820-1,2021-02-28,11.0,224.9999999999994,0,bad
9000000820-1,2021-02-28,12.0,193.9078751857359,0,bad
9000000820-1,2021-02-28,13.0,215.38461538461578,0,bad
9000000820-1,2021-02-28,14.0,198.9818181818185,0,bad
9000000820-1,2021-02-28,15.0,147.33590733590694,0,bad
9000000820-1,2021-02-28,16.0,94.16498993963772,0,bad
9000000820-1,2021-02-28,17.0,120.41702867072141,0,bad
9000000820-1,2021-03-01,7.0,130.62966915688372,1,good
9000000820-1,2021-03-01,8.0,124.31842966194122,1,good
9000000820-1,2021-03-01,9.0,136.1233480176211,1,good
9000000820-1,2021-03-01,10.0,175.42099605876007,1,good
9000000820-1,2021-03-01,11.0,224.51612903225833,1,good
9000000820-1,2021-03-01,12.0,266.91257838435894,1,good
9000000820-1,2021-03-01,13.0,273.71469949312024,1,good
9000000820-1,2021-03-01,14.0,372.3679349833776,1,good
9000000820-1,2021-03-01,15.0,400.6118546845126,1,good
9000000820-1,2021-03-01,16.0,296.6074313408735,1,good
9000000820-1,2021-03-01,17.0,238.78267655091724,1,good
9000000820-1,2021-03-02,7.0,151.9148936170215,1,good
9000000820-1,2021-03-02,8.0,177.6657060518728,1,good
9000000820-1,2021-03-02,9.0,133.6188436830835,1,good
9000000820-1,2021-03-02,10.0,159.8579040852576,1,good
9000000820-1,2021-03-02,11.0,198.6206896551719,1,good
9000000820-1,2021-03-02,12.0,229.3159609120523,1,good
9000000820-1,2021-03-02,13.0,274.06616862326547,1,good
9000000820-1,2021-03-02,14.0,361.6792249730882,1,good
9000000820-1,2021-03-02,15.0,348.4310018903587,1,good
9000000820-1,2021-03-02,16.0,262.74359954145956,1,good
9000000820-1,2021-03-02,17.0,289.6875,1,good
9000000820-1,2021-03-03,7.0,148.3516483516479,1,good
9000000820-1,2021-03-03,8.0,149.4045470949115,1,good
9000000820-1,2021-03-03,9.0,147.7464272627335,1,good
9000000820-1,2021-03-03,10.0,186.0064585575883,1,good
9000000820-1,2021-03-03,11.0,200.2139037433152,1,good
9000000820-1,2021-03-03,12.0,202.46734397677724,1,good
9000000820-1,2021-03-03,13.0,275.82219009758023,1,good
9000000820-1,2021-03-03,14.0,414.193548387098,1,good
9000000820-1,2021-03-03,15.0,356.831228473021,1,good
9000000820-1,2021-03-03,16.0,289.4677236693093,1,good
9000000820-1,2021-03-03,17.0,281.9599109131406,1,good
9000000820-1,2021-03-04,7.0,136.0872954014028,1,good
9000000820-1,2021-03-04,8.0,206.5349544072949,1,good
9000000820-1,2021-03-04,9.0,147.1281296023558,1,good
9000000820-1,2021-03-04,10.0,192.39744072261942,1,good
9000000820-1,2021-03-04,11.0,197.41051028179754,1,good
9000000820-1,2021-03-04,12.0,188.8111888111882,1,good
9000000820-1,2021-03-04,13.0,235.275590551181,1,good
9000000820-1,2021-03-04,14.0,386.2601312234632,1,good
9000000820-1,2021-03-04,15.0,427.0249520153543,1,good
9000000820-1,2021-03-04,16.0,400.4602991944746,1,good
9000000820-1,2021-03-04,17.0,306.64395229982875,1,good
9000000820-1,2021-03-05,7.0,185.03401360544208,1,bad
9000000820-1,2021-03-05,8.0,184.78340007280661,1,bad
9000000820-1,2021-03-05,9.0,180.46443051971963,1,bad
9000000820-1,2021-03-05,10.0,172.2095671981781,1,bad
9000000820-1,2021-03-05,11.0,175.9138130050021,1,bad
9000000820-1,2021-03-05,12.0,192.4914675767912,1,bad
9000000820-1,2021-03-05,13.0,263.3173254525301,1,bad
9000000820-1,2021-03-05,14.0,400.74710496824827,1,bad
9000000820-1,2021-03-05,15.0,399.0645463049562,1,bad
9000000820-1,2021-03-06,7.0,86.54467168998922,0,bad
9000000820-1,2021-03-06,8.0,75.9548926882502,0,bad
9000000820-1,2021-03-06,9.0,116.1726078799249,0,bad
9000000820-1,2021-03-06,10.0,178.5354513754356,0,bad
9000000820-1,2021-03-06,11.0,200.8464794151597,0,bad
9000000820-1,2021-03-06,12.0,220.8932038834952,0,bad
9000000820-1,2021-03-06,13.0,245.48624564122352,0,bad
9000000820-1,2021-03-06,14.0,186.0643185298624,0,bad
9000000820-1,2021-03-06,15.0,171.7842323651447,0,bad
9000000820-1,2021-03-06,16.0,109.71149939049133,0,bad
9000000820-1,2021-03-06,17.0,163.0662020905922,0,bad
9000000820-1,2021-03-07,7.0,32.33920229967662,0,bad
9000000820-1,2021-03-07,8.0,60.0217470097861,0,bad
9000000820-1,2021-03-07,9.0,125.1016635859519,0,bad
9000000820-1,2021-03-07,10.0,170.4372967112393,0,bad
9000000820-1,2021-03-07,11.0,212.55105829929448,0,bad
9000000820-1,2021-03-07,12.0,204.54545454545348,0,bad
9000000820-1,2021-03-07,13.0,215.9214830970565,0,bad
9000000820-1,2021-03-07,14.0,218.81331403762644,0,bad
9000000820-1,2021-03-07,15.0,168.4366877088742,0,bad
9000000820-1,2021-03-07,16.0,89.12228057014258,0,bad
9000000820-1,2021-03-07,17.0,140.7744874715265,0,bad
9000000820-1,2021-03-08,7.0,156.2933236045235,1,good
9000000820-1,2021-03-08,8.0,177.39903668025158,1,good
9000000820-1,2021-03-08,9.0,116.5223936770793,1,good
9000000820-1,2021-03-08,10.0,186.0064585575881,1,good
9000000820-1,2021-03-08,11.0,208.26446280991746,1,good
9000000820-1,2021-03-08,12.0,211.1475409836071,1,good
9000000820-1,2021-03-08,13.0,253.0612244897967,1,good
9000000820-1,2021-03-08,14.0,376.6073374500537,1,good
9000000820-1,2021-03-08,15.0,421.40931844435806,1,good
9000000820-1,2021-03-08,16.0,256.9496619083387,1,good
9000000820-1,2021-03-08,17.0,294.0998487140687,1,good
9000000820-1,2021-03-09,7.0,161.5299742552413,1,bad
9000000820-1,2021-03-09,8.0,202.8921023359292,1,bad
9000000820-1,2021-03-09,9.0,166.3919742027951,1,bad
9000000820-1,2021-03-09,10.0,174.1516245487362,1,bad
9000000820-1,2021-03-09,11.0,204.0697674418604,1,bad
9000000820-1,2021-03-09,12.0,186.5771812080538,1,bad
9000000820-1,2021-03-09,13.0,289.5011169024562,1,bad
9000000820-1,2021-03-09,14.0,372.3679349833771,1,bad
9000000820-1,2021-03-09,15.0,385.0267379679152,1,bad
9000000820-1,2021-03-09,16.0,343.1124348473552,1,bad
9000000820-1,2021-03-09,17.0,317.5273275537126,1,bad
9000000820-1,2021-03-10,6.0,129.32975871313678,1,bad
9000000820-1,2021-03-10,7.0,148.97445124145372,1,bad
9000000820-1,2021-03-10,8.0,196.2477876106197,1,bad
9000000820-1,2021-03-10,9.0,146.6524973432518,1,bad
9000000820-1,2021-03-10,10.0,211.4594594594594,1,bad
9000000820-1,2021-03-10,11.0,203.82352941176399,1,bad
9000000820-1,2021-03-10,12.0,235.4002254791442,1,bad
9000000820-1,2021-03-10,13.0,272.7672035139098,1,bad
9000000820-1,2021-03-10,14.0,358.7905935050385,1,bad
9000000820-1,2021-03-10,15.0,350.7123604158643,1,bad
9000000820-1,2021-03-10,16.0,323.11144353029243,1,bad
9000000820-1,2021-03-10,17.0,288.8135593220344,1,bad
9000000820-1,2021-03-11,7.0,151.48188803512627,1,bad
9000000820-1,2021-03-11,8.0,166.0516605166053,1,bad
9000000820-1,2021-03-11,9.0,142.3654339069939,1,bad
9000000820-1,2021-03-11,10.0,188.0102979036412,1,bad
9000000820-1,2021-03-11,11.0,219.2691029900332,1,bad
9000000820-1,2021-03-11,12.0,217.2650878533231,1,bad
9000000820-1,2021-03-11,13.0,275.1677852349004,1,bad
9000000820-1,2021-03-11,14.0,358.3586626139819,1,bad
9000000820-1,2021-03-11,16.0,461.22448979591627,1,bad
9000000820-1,2021-03-11,17.0,296.3165075034096,1,bad
9000000820-1,2021-03-12,7.0,140.818544005795,1,bad
9000000820-1,2021-03-12,8.0,188.7836853605243,1,bad
9000000820-1,2021-03-12,9.0,154.7239718414231,1,bad
9000000820-1,2021-03-12,10.0,171.4913887871014,1,bad
9000000820-1,2021-03-12,11.0,151.921627731726,1,bad
9000000820-1,2021-03-12,12.0,174.511336982017,1,bad
9000000820-1,2021-03-12,13.0,251.6801853997681,1,bad
9000000820-1,2021-03-12,14.0,308.1019399011047,1,bad
9000000820-1,2021-03-12,15.0,300.946372239747,1,bad
9000000820-1,2021-03-12,16.0,327.1477663230236,1,bad
9000000820-1,2021-03-12,17.0,278.434940855323,1,bad
9000000820-1,2021-03-13,6.0,44.73257698541331,0,bad
9000000820-1,2021-03-13,7.0,89.5585143658024,0,bad
9000000820-1,2021-03-13,8.0,106.71428571428591,0,bad
9000000820-1,2021-03-13,9.0,163.402430307363,0,bad
9000000820-1,2021-03-13,10.0,232.9171396140749,0,bad
9000000820-1,2021-03-13,11.0,222.33393177737915,0,bad
9000000820-1,2021-03-13,12.0,215.6079854809435,0,bad
9000000820-1,2021-03-13,13.0,173.9930955120833,0,bad
9000000820-1,2021-03-13,14.0,200.0000000000004,0,bad
9000000820-1,2021-03-13,15.0,197.36191261335568,0,bad
9000000820-1,2021-03-13,16.0,172.3028638681831,0,bad
9000000820-1,2021-03-13,17.0,171.049723756906,0,bad
9000000820-1,2021-03-14,7.0,35.087719298245645,0,bad
9000000820-1,2021-03-14,8.0,44.13075780089151,0,bad
9000000820-1,2021-03-14,9.0,95.364238410596,0,bad
9000000820-1,2021-03-14,10.0,111.8527042577676,0,bad
9000000820-1,2021-03-14,11.0,101.44814090019581,0,bad
9000000820-1,2021-03-14,12.0,136.5745856353592,0,bad
9000000820-1,2021-03-14,13.0,120.40586245772273,0,bad
9000000820-1,2021-03-14,14.0,106.54205607476652,0,bad
9000000820-1,2021-03-14,15.0,93.38691998538538,0,bad
9000000820-1,2021-03-14,16.0,110.58475203552932,0,bad
9000000820-1,2021-03-14,17.0,81.45985401459853,0,bad
9000000820-1,2021-03-15,7.0,174.7178329571103,1,good
9000000820-1,2021-03-15,8.0,172.1385542168677,1,good
9000000820-1,2021-03-15,9.0,110.28744326777623,1,good
9000000820-1,2021-03-15,10.0,168.03797468354418,1,good
9000000820-1,2021-03-15,11.0,147.3040152963671,1,good
9000000820-1,2021-03-15,12.0,229.1390728476817,1,good
9000000820-1,2021-03-15,13.0,267.8885630498527,1,good
9000000820-1,2021-03-15,14.0,385.3448275862087,1,good
9000000820-1,2021-03-15,15.0,397.98994974874256,1,good
9000000820-1,2021-03-15,16.0,206.3516653756775,1,good
9000000820-1,2021-03-15,17.0,305.81846392552325,1,good
9000000820-1,2021-03-16,6.0,132.7586206896548,1,good
9000000820-1,2021-03-16,7.0,127.6315789473685,1,good
9000000820-1,2021-03-16,8.0,181.7526144969346,1,good
9000000820-1,2021-03-16,9.0,89.80190755685979,1,good
9000000820-1,2021-03-16,10.0,133.33333333333348,1,good
9000000820-1,2021-03-16,11.0,160.5777400169926,1,good
9000000820-1,2021-03-16,12.0,161.57989228007162,1,good
9000000820-1,2021-03-16,13.0,211.93785772690129,1,good
9000000820-1,2021-03-16,14.0,226.8847227762267,1,good
9000000820-1,2021-03-16,15.0,235.9897172236503,1,good
9000000820-1,2021-03-16,16.0,236.3885088919285,1,good
9000000820-1,2021-03-16,17.0,280.4616652926635,1,good
9000000820-1,2021-03-17,7.0,146.8562874251499,1,bad
9000000820-1,2021-03-17,8.0,146.60633484162838,1,bad
9000000820-1,2021-03-17,9.0,133.84438482177072,1,bad
9000000820-1,2021-03-17,10.0,176.1553398058258,1,bad
9000000820-1,2021-03-17,11.0,203.9508013417813,1,bad
9000000820-1,2021-03-17,12.0,143.8837303189341,1,bad
9000000820-1,2021-03-17,13.0,184.8563968668408,1,bad
9000000820-1,2021-03-17,14.0,331.5047021943584,1,bad
9000000820-1,2021-03-17,15.0,341.65694282380406,1,bad
9000000820-1,2021-03-17,16.0,273.9747634069397,1,bad
9000000820-1,2021-03-17,17.0,297.6501305483028,1,bad
9000000820-1,2021-03-18,6.0,139.9014778325126,1,bad
9000000820-1,2021-03-18,7.0,149.0226140283628,1,bad
9000000820-1,2021-03-18,8.0,173.77423033067268,1,bad
9000000820-1,2021-03-18,9.0,136.9782046545992,1,bad
9000000820-1,2021-03-18,10.0,162.2206200432594,1,bad
9000000820-1,2021-03-18,11.0,195.06726457399128,1,bad
9000000820-1,2021-03-18,12.0,179.1332263242372,1,bad
9000000820-1,2021-03-18,13.0,160.7795371498166,1,bad
9000000820-1,2021-03-18,14.0,254.2415378186375,1,bad
9000000820-1,2021-03-18,15.0,437.9661016949173,1,bad
9000000820-1,2021-03-18,16.0,342.3987776928963,1,bad
9000000820-1,2021-03-18,17.0,243.5877261998422,1,bad
9000000820-1,2021-03-19,6.0,109.8882201203782,1,bad
9000000820-1,2021-03-19,7.0,143.0207587687902,1,bad
9000000820-1,2021-03-19,8.0,217.5965665236047,1,bad
9000000820-1,2021-03-19,9.0,141.55009451795848,1,bad
9000000820-1,2021-03-19,10.0,171.1613406079506,1,bad
9000000820-1,2021-03-19,11.0,184.723854289072,1,bad
9000000820-1,2021-03-19,12.0,186.5565152084122,1,bad
9000000820-1,2021-03-19,13.0,281.0462776659966,1,bad
9000000820-1,2021-03-19,14.0,399.8336106489171,1,bad
9000000820-1,2021-03-19,15.0,363.5643564356424,1,bad
9000000820-1,2021-03-19,16.0,277.1280532938556,1,bad
9000000820-1,2021-03-19,17.0,293.5507783543363,1,bad
9000000820-1,2021-03-20,6.0,61.0404624277457,0,bad
9000000820-1,2021-03-20,7.0,63.3165829145729,0,bad
9000000820-1,2021-03-20,8.0,103.118201595359,0,bad
9000000820-1,2021-03-20,9.0,123.6051502145924,0,bad
9000000820-1,2021-03-20,10.0,199.475851740921,0,bad
9000000820-1,2021-03-20,11.0,192.1944035346097,0,bad
9000000820-1,2021-03-20,12.0,164.5390070921983,0,bad
9000000820-1,2021-03-20,13.0,185.5394883203561,0,bad
9000000820-1,2021-03-20,14.0,165.8862876254187,0,bad
9000000820-1,2021-03-20,15.0,172.4137931034486,0,bad
9000000820-1,2021-03-20,16.0,177.8628877824591,0,bad
9000000820-1,2021-03-20,17.0,126.1016949152545,0,bad
9000000820-1,2021-03-21,6.0,37.762237762237795,0,bad
9000000820-1,2021-03-21,7.0,50.449155587495596,0,bad
9000000820-1,2021-03-21,8.0,65.5260283946123,0,bad
9000000820-1,2021-03-21,9.0,92.4122310305776,0,bad
9000000820-1,2021-03-21,10.0,194.88721804511277,0,bad
9000000820-1,2021-03-21,11.0,242.0279206465842,0,bad
9000000820-1,2021-03-21,12.0,223.04495655458942,0,bad
9000000820-1,2021-03-21,13.0,179.59489872468168,0,bad
9000000820-1,2021-03-21,14.0,174.5539177657098,0,bad
9000000820-1,2021-03-21,15.0,133.6906584992342,0,bad
9000000820-1,2021-03-21,16.0,148.6111111111111,0,bad
9000000820-1,2021-03-21,17.0,141.47272033575013,0,bad
9000000820-1,2021-03-22,6.0,99.79911611088791,1,good
9000000820-1,2021-03-22,7.0,152.6217924879137,1,good
9000000820-1,2021-03-22,8.0,159.2279855247283,1,good
9000000820-1,2021-03-22,9.0,132.00916730328487,1,good
9000000820-1,2021-03-22,10.0,162.08530805687218,1,good
9000000820-1,2021-03-22,11.0,155.0100603621726,1,good
9000000820-1,2021-03-22,12.0,192.1308920919362,1,good
9000000820-1,2021-03-22,13.0,240.18092725216772,1,good
9000000820-1,2021-03-22,14.0,262.6360338573145,1,good
9000000820-1,2021-03-22,15.0,434.73344103392503,1,good
9000000820-1,2021-03-22,16.0,388.46787479406896,1,good
9000000820-1,2021-03-22,17.0,246.85714285714351,1,good
9000000820-1,2021-03-23,6.0,127.0408163265303,1,good
9000000820-1,2021-03-23,7.0,134.9836184929012,1,good
9000000820-1,2021-03-23,8.0,148.1646273637375,1,good
9000000820-1,2021-03-23,9.0,95.7871396895787,1,good
9000000820-1,2021-03-23,10.0,154.18738049713198,1,good
9000000820-1,2021-03-23,11.0,104.1072925398157,1,good
9000000820-1,2021-03-23,12.0,219.1039729501273,1,good
9000000820-1,2021-03-23,13.0,224.9087221095326,1,good
9000000820-1,2021-03-23,14.0,268.81629189647794,1,good
9000000820-1,2021-03-23,15.0,384.49258836944045,1,good
9000000820-1,2021-03-23,16.0,386.206896551722,1,good
9000000820-1,2021-03-23,17.0,275.9678037562294,1,good
9000000820-1,2021-03-24,6.0,120.5198897203623,1,good
9000000820-1,2021-03-24,7.0,146.14525139664772,1,good
9000000820-1,2021-03-24,8.0,157.4421168687984,1,good
9000000820-1,2021-03-24,9.0,62.0007328691828,1,good
9000000820-1,2021-03-24,10.0,183.7798696596663,1,good
9000000820-1,2021-03-24,11.0,206.01614086573682,1,good
9000000820-1,2021-03-24,12.0,252.76872964169388,1,good
9000000820-1,2021-03-24,13.0,286.9855394883204,1,good
9000000820-1,2021-03-24,14.0,355.0242809114679,1,good
9000000820-1,2021-03-24,15.0,424.2469879518056,1,good
9000000820-1,2021-03-24,16.0,235.54006968641082,1,good
9000000820-1,2021-03-24,17.0,244.53376205787805,1,good
9000000820-1,2021-03-25,6.0,121.3196168854203,1,good
9000000820-1,2021-03-25,7.0,153.9688292859728,1,good
9000000820-1,2021-03-25,8.0,217.8674351585018,1,good
9000000820-1,2021-03-25,9.0,171.42857142857127,1,good
9000000820-1,2021-03-25,10.0,201.6000000000003,1,good
9000000820-1,2021-03-25,11.0,251.5630746598012,1,good
9000000820-1,2021-03-25,12.0,242.2058823529411,1,good
9000000820-1,2021-03-25,13.0,293.49981637899396,1,good
9000000820-1,2021-03-25,14.0,353.8346984363351,1,good
9000000820-1,2021-03-25,16.0,288.8212927756656,1,good
9000000820-1,2021-03-25,17.0,313.64157432174346,1,good
9000000820-1,2021-03-26,6.0,120.3413940256046,1,good
9000000820-1,2021-03-26,7.0,160.797342192691,1,good
9000000820-1,2021-03-26,8.0,185.0528618301129,1,good
9000000820-1,2021-03-26,9.0,110.42128603104211,1,good
9000000820-1,2021-03-26,10.0,185.8909090909092,1,good
9000000820-1,2021-03-26,11.0,240.00000000000063,1,good
9000000820-1,2021-03-26,12.0,225.2469813391877,1,good
9000000820-1,2021-03-26,13.0,311.7281695286816,1,good
9000000820-1,2021-03-26,14.0,385.2246763137856,1,good
9000000820-1,2021-03-26,15.0,406.737880032868,1,good
9000000820-1,2021-03-26,16.0,237.4436706267924,1,good
9000000820-1,2021-03-26,17.0,240.37706205812998,1,good
9000000820-1,2021-03-27,6.0,60.77064220183486,0,bad
9000000820-1,2021-03-27,7.0,116.45929612513339,0,bad
9000000820-1,2021-03-27,8.0,141.4905450500556,0,bad
9000000820-1,2021-03-27,9.0,202.0817843866181,0,bad
9000000820-1,2021-03-27,10.0,190.8988341481763,0,bad
9000000820-1,2021-03-27,11.0,220.9821428571433,0,bad
9000000820-1,2021-03-27,12.0,180.1385681293306,0,bad
9000000820-1,2021-03-27,13.0,216.7360848163571,0,bad
9000000820-1,2021-03-27,14.0,166.5137614678896,0,bad
9000000820-1,2021-03-27,15.0,177.1167048054918,0,bad
9000000820-1,2021-03-27,16.0,133.177570093458,0,bad
9000000820-1,2021-03-27,17.0,137.1291098636732,0,bad
9000000820-1,2021-03-28,8.0,48.733624454148504,0,bad
9000000820-1,2021-03-28,9.0,72.58064516129029,0,bad
9000000820-1,2021-03-28,10.0,123.66930917327291,0,bad
9000000820-1,2021-03-28,11.0,117.22832260507323,0,bad
9000000820-1,2021-03-28,12.0,180.39502560351124,0,bad
9000000820-1,2021-03-28,13.0,115.95705294335437,0,bad
9000000820-1,2021-03-28,14.0,155.32994923857845,0,bad
9000000820-1,2021-03-28,15.0,170.64846416382207,0,bad
9000000820-1,2021-03-28,16.0,148.2898124310411,0,bad
9000000820-1,2021-03-28,17.0,124.0914200074936,0,bad
9000000820-1,2021-03-28,18.0,167.16636197440602,0,bad
9000000820-1,2021-03-29,7.0,166.8874172185428,1,good
9000000820-1,2021-03-29,8.0,176.5486725663722,1,good
9000000820-1,2021-03-29,9.0,151.7190388170054,1,good
9000000820-1,2021-03-29,10.0,167.84140969163,1,good
9000000820-1,2021-03-29,11.0,178.17919075144482,1,good
9000000820-1,2021-03-29,12.0,185.7527916827103,1,good
9000000820-1,2021-03-29,13.0,280.4154302670624,1,good
9000000820-1,2021-03-29,14.0,363.7031594415863,1,good
9000000820-1,2021-03-29,16.0,363.2906764168195,1,good
9000000820-1,2021-03-29,17.0,229.8440979955462,1,good
9000000820-1,2021-03-29,18.0,232.301380082059,1,good
9000000820-1,2021-03-30,7.0,149.2029755579172,1,good
9000000820-1,2021-03-30,8.0,181.0344827586208,1,good
9000000820-1,2021-03-30,9.0,155.0488599348533,1,good
9000000820-1,2021-03-30,10.0,174.6115953012504,1,good
9000000820-1,2021-03-30,11.0,195.3191489361701,1,good
9000000820-1,2021-03-30,12.0,214.30081014441646,1,good
9000000820-1,2021-03-30,13.0,323.0769230769226,1,good
9000000820-1,2021-03-30,14.0,396.9026548672567,1,good
9000000820-1,2021-03-30,15.0,433.9762611275951,1,good
9000000820-1,2021-03-30,16.0,404.661654135338,1,good
9000000820-1,2021-03-30,17.0,236.3847045191203,1,good
9000000820-1,2021-03-30,18.0,174.46808510638272,1,good
9000000820-1,2021-03-31,7.0,148.42578710644688,1,good
9000000820-1,2021-03-31,8.0,191.43468950749516,1,good
9000000820-1,2021-03-31,9.0,145.7020057306591,1,good
9000000820-1,2021-03-31,10.0,122.29851825081309,1,good
9000000820-1,2021-03-31,11.0,222.4576271186445,1,good
9000000820-1,2021-03-31,12.0,258.6281588447652,1,good
9000000820-1,2021-03-31,13.0,301.09569028487897,1,good
9000000820-1,2021-03-31,14.0,392.23880597015,1,good
9000000820-1,2021-03-31,15.0,469.3861990087703,1,good
9000000820-1,2021-03-31,16.0,427.42244350823296,1,good
9000000820-1,2021-03-31,17.0,239.29098966026646,1,good
9000000820-1,2021-03-31,18.0,240.18728053062915,1,good
9000000820-1,2021-03-31,19.0,223.07692307692295,1,good
9000000820-1,2021-04-01,7.0,127.8335724533717,1,good
9000000820-1,2021-04-01,8.0,142.29249011857732,1,good
9000000820-1,2021-04-01,9.0,157.53228120516508,1,good
9000000820-1,2021-04-01,10.0,128.19767441860472,1,good
9000000820-1,2021-04-01,11.0,214.69090909090903,1,good
9000000820-1,2021-04-01,12.0,195.9810010960908,1,good
9000000820-1,2021-04-01,13.0,246.6472303206992,1,good
9000000820-1,2021-04-01,14.0,339.44751381215485,1,good
9000000820-1,2021-04-01,15.0,386.9350550702622,1,good
9000000820-1,2021-04-01,16.0,298.39572192513384,1,good
9000000820-1,2021-04-01,17.0,190.93922651933784,1,good
9000000820-1,2021-04-01,18.0,138.1930981000392,1,good
9000000820-1,2021-04-02,7.0,140.7166123778495,1,good
9000000820-1,2021-04-02,8.0,134.9189189189189,1,good
9000000820-1,2021-04-02,9.0,188.6462882096066,1,good
9000000820-1,2021-04-02,10.0,199.62783773725403,1,good
9000000820-1,2021-04-02,11.0,189.61625282167068,1,good
9000000820-1,2021-04-02,12.0,211.76470588235247,1,good
9000000820-1,2021-04-02,13.0,257.1428571428566,1,good
9000000820-1,2021-04-02,14.0,277.0290964777954,1,good
9000000820-1,2021-04-02,15.0,341.45199063231826,1,good
9000000820-1,2021-04-02,16.0,248.4162895927608,1,good
9000000820-1,2021-04-02,17.0,210.61429168407818,1,good
9000000820-1,2021-04-02,18.0,150.7422915873621,1,good
9000000820-1,2021-04-03,7.0,49.3805309734513,0,bad
9000000820-1,2021-04-03,8.0,68.58423608516995,0,bad
9000000820-1,2021-04-03,9.0,118.4115523465704,0,bad
9000000820-1,2021-04-03,10.0,131.8110236220473,0,bad
9000000820-1,2021-04-03,11.0,152.0918785890072,0,bad
9000000820-1,2021-04-03,12.0,130.7540465850769,0,bad
9000000820-1,2021-04-03,13.0,111.7918590012589,0,bad
9000000820-1,2021-04-03,14.0,113.66782006920407,0,bad
9000000820-1,2021-04-03,15.0,214.9732620320852,0,bad
9000000820-1,2021-04-03,16.0,147.0229007633594,0,bad
9000000820-1,2021-04-03,17.0,84.7227762265656,0,bad
9000000820-1,2021-04-03,18.0,97.3795435333896,0,bad
9000000820-1,2021-04-03,19.0,111.54422788605646,0,bad
9000000820-1,2021-04-04,7.0,24.666426253155468,0,good
9000000820-1,2021-04-04,8.0,76.56716417910451,0,good
9000000820-1,2021-04-04,9.0,101.0799136069114,0,good
9000000820-1,2021-04-04,10.0,157.6642335766417,0,good
9000000820-1,2021-04-04,11.0,193.27032136105797,0,good
9000000820-1,2021-04-04,12.0,179.856115107914,0,good
9000000820-1,2021-04-04,13.0,184.4698462751279,0,good
9000000820-1,2021-04-04,14.0,152.3961661341855,0,good
9000000820-1,2021-04-04,15.0,170.9497206703912,0,good
9000000820-1,2021-04-04,16.0,162.86811779769477,0,good
9000000820-1,2021-04-04,17.0,86.02673147023086,0,good
9000000820-1,2021-04-04,18.0,99.87195902688845,0,good
9000000820-1,2021-04-04,19.0,126.25592417061576,0,good
9000000820-1,2021-04-05,7.0,34.0694006309148,1,bad
9000000820-1,2021-04-05,8.0,84.21052631578947,1,bad
9000000820-1,2021-04-05,9.0,123.64425162689798,1,bad
9000000820-1,2021-04-05,10.0,130.86053412462908,1,bad
9000000820-1,2021-04-05,11.0,290.15795868772767,1,bad
9000000820-1,2021-04-05,12.0,233.2155477031808,1,bad
9000000820-1,2021-04-05,13.0,197.5523095144102,1,bad
9000000820-1,2021-04-05,14.0,193.34669338677327,1,bad
9000000820-1,2021-04-05,15.0,165.43310288735228,1,bad
9000000820-1,2021-04-05,16.0,169.2307692307686,1,bad
9000000820-1,2021-04-05,17.0,123.71134020618577,1,bad
9000000820-1,2021-04-05,18.0,149.77511244377803,1,bad
9000000820-1,2021-04-06,7.0,130.098089829633,1,bad
9000000820-1,2021-04-06,8.0,105.92885375494059,1,bad
9000000820-1,2021-04-06,9.0,123.0068337129842,1,bad
9000000820-1,2021-04-06,10.0,117.67109295199162,1,bad
9000000820-1,2021-04-06,11.0,111.48851148851139,1,bad
9000000820-1,2021-04-06,12.0,145.59328500572258,1,bad
9000000820-1,2021-04-06,13.0,160.06351726875732,1,bad
9000000820-1,2021-04-06,14.0,290.79159935379664,1,bad
9000000820-1,2021-04-06,15.0,351.7557251908395,1,bad
9000000820-1,2021-04-06,16.0,289.0410958904099,1,bad
9000000820-1,2021-04-06,17.0,151.4805194805192,1,bad
9000000820-1,2021-04-06,18.0,127.09620476610736,1,bad
9000000820-1,2021-04-06,19.0,140.21739130434847,1,bad
9000000820-1,2021-04-07,7.0,100.35739814152984,1,bad
9000000820-1,2021-04-07,8.0,125.7754010695186,1,bad
9000000820-1,2021-04-07,9.0,122.5806451612907,1,bad
9000000820-1,2021-04-07,10.0,147.2261735419633,1,bad
9000000820-1,2021-04-07,11.0,175.3544165757911,1,bad
9000000820-1,2021-04-07,12.0,195.4285714285713,1,bad
9000000820-1,2021-04-07,13.0,246.10909090909118,1,bad
9000000820-1,2021-04-07,14.0,293.333333333334,1,bad
9000000820-1,2021-04-07,15.0,389.59276018099507,1,bad
9000000820-1,2021-04-07,16.0,284.7457627118656,1,bad
9000000820-1,2021-04-07,17.0,270.0675168792202,1,bad
9000000820-1,2021-04-07,18.0,171.100038328862,1,bad
9000000820-1,2021-04-07,19.0,119.73033707865156,1,bad
9000000820-1,2021-04-08,6.0,124.71561530506719,1,bad
9000000820-1,2021-04-08,7.0,128.3422459893051,1,bad
9000000820-1,2021-04-08,8.0,137.1428571428572,1,bad
9000000820-1,2021-04-08,9.0,125.7019438444924,1,bad
9000000820-1,2021-04-08,10.0,146.5116279069768,1,bad
9000000820-1,2021-04-08,11.0,189.8254734496836,1,bad
9000000820-1,2021-04-08,12.0,194.9554896142431,1,bad
9000000820-1,2021-04-08,13.0,221.289355322338,1,bad
9000000820-1,2021-04-08,14.0,289.6389324960769,1,bad
9000000820-1,2021-04-08,15.0,415.8096699923232,1,bad
9000000820-1,2021-04-08,16.0,292.862624712203,1,bad
9000000820-1,2021-04-08,17.0,209.30232558139477,1,bad
9000000820-1,2021-04-08,18.0,168.91064871481,1,bad
9000000820-1,2021-04-08,19.0,166.62216288384553,1,bad
9000000820-1,2021-04-09,7.0,102.1551724137932,1,good
9000000820-1,2021-04-09,8.0,144.6142907927483,1,good
9000000820-1,2021-04-09,9.0,123.4211476001444,1,good
9000000820-1,2021-04-09,10.0,84.6584546472565,1,good
9000000820-1,2021-04-09,11.0,207.5912408759124,1,good
9000000820-1,2021-04-09,12.0,227.6046304541409,1,good
9000000820-1,2021-04-09,13.0,204.2323277802791,1,good
9000000820-1,2021-04-09,14.0,239.6846254927732,1,good
9000000820-1,2021-04-09,15.0,385.08914100486123,1,good
9000000820-1,2021-04-09,16.0,290.0985855122153,1,good
9000000820-1,2021-04-09,17.0,221.6886134779243,1,good
9000000820-1,2021-04-09,18.0,156.9444444444438,1,good
9000000820-1,2021-04-09,19.0,171.6713881019832,1,good
9000000820-1,2021-04-10,7.0,86.7924528301887,0,good
9000000820-1,2021-04-10,8.0,119.5287397358086,0,good
9000000820-1,2021-04-10,9.0,197.2784111805812,0,good
9000000820-1,2021-04-10,10.0,231.69642857142844,0,good
9000000820-1,2021-04-10,11.0,170.7674508291553,0,good
9000000820-1,2021-04-10,12.0,258.3333333333329,0,good
9000000820-1,2021-04-10,13.0,199.9228692634015,0,good
9000000820-1,2021-04-10,14.0,227.41535920726741,0,good
9000000820-1,2021-04-10,15.0,214.131736526947,0,good
9000000820-1,2021-04-10,16.0,187.16029933044575,0,good
9000000820-1,2021-04-10,17.0,113.78901619913069,0,good
9000000820-1,2021-04-10,18.0,129.62356792144018,0,good
9000000820-1,2021-04-10,19.0,125.88635259834885,0,good
9000000820-1,2021-04-11,7.0,43.88398486759141,0,bad
9000000820-1,2021-04-11,8.0,67.6835757360766,0,bad
9000000820-1,2021-04-11,9.0,82.139037433155,0,bad
9000000820-1,2021-04-11,10.0,115.9627773801007,0,bad
9000000820-1,2021-04-11,11.0,114.1365162252889,0,bad
9000000820-1,2021-04-11,12.0,138.1635581061697,0,bad
9000000820-1,2021-04-11,13.0,139.20515574650943,0,bad
9000000820-1,2021-04-11,14.0,135.5810616929697,0,bad
9000000820-1,2021-04-11,15.0,122.25433526011571,0,bad
9000000820-1,2021-04-11,16.0,124.0459429418299,0,bad
9000000820-1,2021-04-11,17.0,106.51685393258431,0,bad
9000000820-1,2021-04-11,18.0,105.795918367347,0,bad
9000000820-1,2021-04-12,7.0,124.0793201133143,1,bad
9000000820-1,2021-04-12,8.0,166.093006224826,1,bad
9000000820-1,2021-04-12,9.0,132.0978502594515,1,bad
9000000820-1,2021-04-12,10.0,183.7404301859273,1,bad
9000000820-1,2021-04-12,11.0,182.4279985417425,1,bad
9000000820-1,2021-04-12,12.0,189.61524094135152,1,bad
9000000820-1,2021-04-12,13.0,268.4612586395046,1,bad
9000000820-1,2021-04-12,14.0,339.52293577981527,1,bad
9000000820-1,2021-04-12,15.0,410.631229235881,1,bad
9000000820-1,2021-04-12,16.0,416.35359116022096,1,bad
9000000820-1,2021-04-12,17.0,277.5359645887122,1,bad
9000000820-1,2021-04-12,18.0,234.49781659388572,1,bad
9000000820-1,2021-04-13,7.0,154.0636042402829,1,bad
9000000820-1,2021-04-13,8.0,183.51409978308033,1,bad
9000000820-1,2021-04-13,9.0,136.1181130716596,1,bad
9000000820-1,2021-04-13,10.0,155.3299492385783,1,bad
9000000820-1,2021-04-13,11.0,168.7298747763871,1,bad
9000000820-1,2021-04-13,12.0,201.47275405007323,1,bad
9000000820-1,2021-04-13,13.0,208.10014727540528,1,bad
9000000820-1,2021-04-13,14.0,377.4626865671646,1,bad
9000000820-1,2021-04-13,16.0,446.2585034013586,1,bad
9000000820-1,2021-04-13,17.0,276.9230769230776,1,bad
9000000820-1,2021-04-13,18.0,216.91616766467152,1,bad
9000000820-1,2021-04-14,7.0,171.18155619596558,1,good
9000000820-1,2021-04-14,8.0,217.8173719376396,1,good
9000000820-1,2021-04-14,9.0,133.9849624060151,1,good
9000000820-1,2021-04-14,10.0,136.6922234392115,1,good
9000000820-1,2021-04-14,11.0,186.39876352395657,1,good
9000000820-1,2021-04-14,12.0,180.28846153846192,1,good
9000000820-1,2021-04-14,13.0,228.9326887318704,1,good
9000000820-1,2021-04-14,14.0,366.9571807502849,1,good
9000000820-1,2021-04-14,15.0,416.57544956997566,1,good
9000000820-1,2021-04-14,16.0,418.57142857142924,1,good
9000000820-1,2021-04-14,17.0,240.9448818897637,1,good
9000000820-1,2021-04-14,18.0,154.4461778471139,1,good
9000000820-1,2021-04-15,6.0,136.1426256077799,1,good
9000000820-1,2021-04-15,7.0,128.2442748091603,1,good
9000000820-1,2021-04-15,8.0,202.1739130434785,1,good
9000000820-1,2021-04-15,9.0,158.6666666666666,1,good
9000000820-1,2021-04-15,10.0,133.0792682926831,1,good
9000000820-1,2021-04-15,11.0,189.54703832752583,1,good
9000000820-1,2021-04-15,12.0,207.5757575757574,1,good
9000000820-1,2021-04-15,13.0,223.98190045248842,1,good
9000000820-1,2021-04-15,14.0,307.4059085390527,1,good
9000000820-1,2021-04-15,15.0,322.2082810539521,1,good
9000000820-1,2021-04-15,16.0,457.5700934579455,1,good
9000000820-1,2021-04-15,17.0,271.8785578747632,1,good
9000000820-1,2021-04-15,18.0,206.4316156528477,1,good
9000000820-1,2021-04-15,19.0,191.62941893539198,1,good
9000000820-1,2021-04-16,6.0,115.9450897571278,1,good
9000000820-1,2021-04-16,7.0,144.3148688046646,1,good
9000000820-1,2021-04-16,8.0,204.65116279069818,1,good
9000000820-1,2021-04-16,9.0,173.70165745856312,1,good
9000000820-1,2021-04-16,10.0,145.82278481012662,1,good
9000000820-1,2021-04-16,11.0,223.5775381182596,1,good
9000000820-1,2021-04-16,12.0,211.43740340030928,1,good
9000000820-1,2021-04-16,13.0,275.75057736720663,1,good
9000000820-1,2021-04-16,14.0,338.31990794016133,1,good
9000000820-1,2021-04-16,15.0,350.66771406127214,1,good
9000000820-1,2021-04-16,16.0,339.83548766157276,1,good
9000000820-1,2021-04-16,17.0,290.63214013709063,1,good
9000000820-1,2021-04-16,18.0,202.23162754905678,1,good
9000000820-1,2021-04-16,19.0,188.0696554279366,1,good
9000000820-1,2021-04-17,6.0,58.468677494199625,0,good
9000000820-1,2021-04-17,7.0,79.32843651626449,0,good
9000000820-1,2021-04-17,8.0,153.3285612025774,0,good
9000000820-1,2021-04-17,9.0,166.90442225392252,0,good
9000000820-1,2021-04-17,10.0,225.83518930957717,0,good
9000000820-1,2021-04-17,11.0,130.5052063247203,0,good
9000000820-1,2021-04-17,12.0,155.6074766355141,0,good
9000000820-1,2021-04-17,13.0,175.01976284584987,0,good
9000000820-1,2021-04-17,14.0,157.9845591223082,0,good
9000000820-1,2021-04-17,15.0,135.0370981038748,0,good
9000000820-1,2021-04-17,16.0,149.37133277451875,0,good
9000000820-1,2021-04-17,18.0,164.01869158878503,0,good
9000000820-1,2021-04-17,19.0,141.1473380107303,0,good
9000000820-1,2021-04-18,7.0,41.42692750287689,0,bad
9000000820-1,2021-04-18,8.0,54.05791919914195,0,bad
9000000820-1,2021-04-18,9.0,90.45226130653268,0,bad
9000000820-1,2021-04-18,10.0,159.67200894521,0,bad
9000000820-1,2021-04-18,11.0,177.7450257921888,0,bad
9000000820-1,2021-04-18,12.0,180.1344286781179,0,bad
9000000820-1,2021-04-18,13.0,152.7522935779816,0,bad
9000000820-1,2021-04-18,14.0,146.96629213483158,0,bad
9000000820-1,2021-04-18,15.0,122.21803093172439,0,bad
9000000820-1,2021-04-18,16.0,150.70422535211247,0,bad
9000000820-1,2021-04-18,17.0,117.01720841300181,0,bad
9000000820-1,2021-04-18,18.0,128.61978187288483,0,bad
9000000820-1,2021-04-18,19.0,131.6681534344336,0,bad
9000000820-1,2021-04-19,6.0,116.06765327695551,1,bad
9000000820-1,2021-04-19,7.0,146.15947329919518,1,bad
9000000820-1,2021-04-19,8.0,182.2616407982257,1,bad
9000000820-1,2021-04-19,9.0,186.2752293577986,1,bad
9000000820-1,2021-04-19,10.0,140.6451612903231,1,bad
9000000820-1,2021-04-19,11.0,147.44472635012642,1,bad
9000000820-1,2021-04-19,12.0,206.32675846669179,1,bad
9000000820-1,2021-04-19,13.0,196.6616084977243,1,bad
9000000820-1,2021-04-19,14.0,353.34702258726907,1,bad
9000000820-1,2021-04-19,15.0,455.83524027460186,1,bad
9000000820-1,2021-04-19,16.0,438.5428907168006,1,bad
9000000820-1,2021-04-19,17.0,284.2496899545263,1,bad
9000000820-1,2021-04-19,18.0,223.4482758620686,1,bad
9000000820-1,2021-04-20,7.0,138.2509505703421,1,bad
9000000820-1,2021-04-20,8.0,182.5611090842759,1,bad
9000000820-1,2021-04-20,9.0,110.17597551644991,1,bad
9000000820-1,2021-04-20,10.0,142.0689655172414,1,bad
9000000820-1,2021-04-20,11.0,209.128630705394,1,bad
9000000820-1,2021-04-20,12.0,207.5388026607541,1,bad
9000000820-1,2021-04-20,13.0,234.04255319148905,1,bad
9000000820-1,2021-04-20,14.0,393.8893476465738,1,bad
9000000820-1,2021-04-20,15.0,400.95808383233503,1,bad
9000000820-1,2021-04-20,16.0,415.9468438538206,1,bad
9000000820-1,2021-04-20,17.0,257.9527559055117,1,bad
9000000820-1,2021-04-20,18.0,201.69286577992727,1,bad
9000000820-1,2021-04-20,19.0,201.72997367431387,1,bad
9000000820-1,2021-04-21,6.0,121.9889502762435,1,bad
9000000820-1,2021-04-21,7.0,157.8947368421057,1,bad
9000000820-1,2021-04-21,8.0,178.6407766990286,1,bad
9000000820-1,2021-04-21,9.0,171.1199135758012,1,bad
9000000820-1,2021-04-21,10.0,154.15617128463478,1,bad
9000000820-1,2021-04-21,11.0,177.7953378111415,1,bad
9000000820-1,2021-04-21,12.0,196.5560688786218,1,bad
9000000820-1,2021-04-21,13.0,260.1328903654489,1,bad
9000000820-1,2021-04-21,14.0,378.7865931268546,1,bad
9000000820-1,2021-04-21,15.0,471.12887112887,1,bad
9000000820-1,2021-04-21,16.0,361.3840239214021,1,bad
9000000820-1,2021-04-21,17.0,290.7577019150707,1,bad
9000000820-1,2021-04-21,18.0,232.88814691151882,1,bad
9000000820-1,2021-04-21,19.0,237.3626373626383,1,bad
9000000820-1,2021-04-22,6.0,134.4155844155843,1,good
9000000820-1,2021-04-22,7.0,134.5172031076582,1,good
9000000820-1,2021-04-22,8.0,180.0662008091212,1,good
9000000820-1,2021-04-22,9.0,151.10765643218002,1,good
9000000820-1,2021-04-22,10.0,96.60615627466458,1,good
9000000820-1,2021-04-22,11.0,193.8571998404475,1,good
9000000820-1,2021-04-22,12.0,238.2145653876272,1,good
9000000820-1,2021-04-22,13.0,277.8996865203768,1,good
9000000820-1,2021-04-22,14.0,414.5728643216064,1,good
9000000820-1,2021-04-22,15.0,471.4671467146712,1,good
9000000820-1,2021-04-22,16.0,414.957594448728,1,good
9000000820-1,2021-04-22,17.0,260.1398601398594,1,good
9000000820-1,2021-04-22,18.0,216.17647058823513,1,good
9000000820-1,2021-04-22,19.0,196.2877030162417,1,good
9000000820-1,2021-04-23,6.0,118.55104281009868,1,good
9000000820-1,2021-04-23,7.0,161.9330855018589,1,good
9000000820-1,2021-04-23,8.0,182.8658074298711,1,good
9000000820-1,2021-04-23,9.0,171.6860683439731,1,good
9000000820-1,2021-04-23,10.0,159.7875569044008,1,good
9000000820-1,2021-04-23,11.0,252.49169435215975,1,good
9000000820-1,2021-04-23,12.0,222.4566691785983,1,good
9000000820-1,2021-04-23,13.0,279.1893998441158,1,good
9000000820-1,2021-04-23,14.0,443.0292598967325,1,good
9000000820-1,2021-04-23,15.0,353.86631716906896,1,good
9000000820-1,2021-04-23,16.0,459.9320882852306,1,good
9000000820-1,2021-04-23,17.0,338.11379579111497,1,good
9000000820-1,2021-04-23,18.0,207.01063410791716,1,good
9000000820-1,2021-04-23,19.0,217.1180931744305,1,good
9000000820-1,2021-04-24,6.0,87.69792935444572,0,good
9000000820-1,2021-04-24,7.0,110.4372355430184,0,good
9000000820-1,2021-04-24,8.0,157.4047954866008,0,good
9000000820-1,2021-04-24,9.0,229.5346280688893,0,good
9000000820-1,2021-04-24,10.0,203.7735849056601,0,good
9000000820-1,2021-04-24,11.0,228.8706058339572,0,good
9000000820-1,2021-04-24,12.0,199.1830672112885,0,good
9000000820-1,2021-04-24,13.0,224.8346803820725,0,good
9000000820-1,2021-04-24,14.0,204.0268456375839,0,good
9000000820-1,2021-04-24,15.0,190.0293255131958,0,good
9000000820-1,2021-04-24,16.0,182.04470502015366,0,good
9000000820-1,2021-04-24,17.0,150.3881700554531,0,good
9000000820-1,2021-04-24,18.0,120.9116353458618,0,good
9000000820-1,2021-04-24,19.0,167.318332718554,0,good
9000000820-1,2021-04-25,6.0,21.6566404442388,0,good
9000000820-1,2021-04-25,7.0,45.161290322580584,0,good
9000000820-1,2021-04-25,8.0,71.36563876651981,0,good
9000000820-1,2021-04-25,9.0,132.1585903083698,0,good
9000000820-1,2021-04-25,10.0,160.35049288061347,0,good
9000000820-1,2021-04-25,11.0,202.60901975400648,0,good
9000000820-1,2021-04-25,12.0,173.63770250368228,0,good
9000000820-1,2021-04-25,13.0,194.41340782122919,0,good
9000000820-1,2021-04-25,14.0,177.33990147783314,0,good
9000000820-1,2021-04-25,15.0,195.63665212217472,0,good
9000000820-1,2021-04-25,16.0,134.33902342199244,0,good
9000000820-1,2021-04-25,17.0,80.42242079610072,0,good
9000000820-1,2021-04-25,18.0,76.37698898408809,0,good
9000000820-1,2021-04-25,19.0,123.80952380952351,0,good
9000000820-1,2021-04-26,6.0,116.4224355735225,1,bad
9000000820-1,2021-04-26,7.0,115.66787003610109,1,bad
9000000820-1,2021-04-26,8.0,154.0695452808553,1,bad
9000000820-1,2021-04-26,9.0,173.8023952095815,1,bad
9000000820-1,2021-04-26,10.0,183.4220532319386,1,bad
9000000820-1,2021-04-26,11.0,210.3186646433998,1,bad
9000000820-1,2021-04-26,12.0,218.3020948180818,1,bad
9000000820-1,2021-04-26,13.0,226.2702295822357,1,bad
9000000820-1,2021-04-26,14.0,255.5351232070611,1,bad
9000000820-1,2021-04-26,15.0,319.4309247472846,1,bad
9000000820-1,2021-04-26,16.0,247.1395881006861,1,bad
9000000820-1,2021-04-26,17.0,224.7506464721093,1,bad
9000000820-1,2021-04-26,18.0,185.1345922057049,1,bad
9000000820-1,2021-04-26,19.0,203.0692658647866,1,bad
9000000820-1,2021-04-27,7.0,48.71447902571044,1,bad
9000000820-1,2021-04-27,8.0,62.3321554770318,1,bad
9000000820-1,2021-04-27,9.0,91.67862266857965,1,bad
9000000820-1,2021-04-27,10.0,130.32258064516114,1,bad
9000000820-1,2021-04-27,11.0,132.61105092091083,1,bad
9000000820-1,2021-04-27,12.0,131.2635379061371,1,bad
9000000820-1,2021-04-27,13.0,122.78664731494939,1,bad
9000000820-1,2021-04-27,14.0,134.73053892215634,1,bad
9000000820-1,2021-04-27,15.0,124.45414847161561,1,bad
9000000820-1,2021-04-27,16.0,123.5880398671094,1,bad
9000000820-1,2021-04-27,17.0,126.52173913043471,1,bad
9000000820-1,2021-04-27,18.0,143.1818181818179,1,bad
9000000820-1,2021-04-27,19.0,148.468185388845,1,bad
9000000820-1,2021-04-28,7.0,111.6179615110477,1,good
9000000820-1,2021-04-28,8.0,139.6825396825398,1,good
9000000820-1,2021-04-28,9.0,155.9659090909088,1,good
9000000820-1,2021-04-28,10.0,146.6715169152419,1,good
9000000820-1,2021-04-28,11.0,197.41935483871,1,good
9000000820-1,2021-04-28,12.0,222.6804123711342,1,good
9000000820-1,2021-04-28,13.0,273.7692872887586,1,good
9000000820-1,2021-04-28,14.0,298.5560903369116,1,good
9000000820-1,2021-04-28,15.0,434.2984409799563,1,good
9000000820-1,2021-04-28,16.0,353.6557930258711,1,good
9000000820-1,2021-04-28,17.0,267.6481413323512,1,good
9000000820-1,2021-04-28,18.0,215.78947368421038,1,good
9000000820-1,2021-04-28,19.0,164.15094339622658,1,good
9000000820-1,2021-04-29,7.0,104.40528634361229,1,good
9000000820-1,2021-04-29,8.0,128.2850779510028,1,good
9000000820-1,2021-04-29,9.0,101.4481409001958,1,good
9000000820-1,2021-04-29,10.0,168.4598378776716,1,good
9000000820-1,2021-04-29,11.0,159.6059113300496,1,good
9000000820-1,2021-04-29,12.0,162.8476084538374,1,good
9000000820-1,2021-04-29,13.0,203.38251169485397,1,good
9000000820-1,2021-04-29,14.0,293.0077691453945,1,good
9000000820-1,2021-04-29,15.0,303.18772136954,1,good
9000000820-1,2021-04-29,16.0,256.9256756756755,1,good
9000000820-1,2021-04-29,17.0,183.8670449939196,1,good
9000000820-1,2021-04-29,18.0,207.5120862774268,1,good
9000000820-1,2021-04-29,19.0,181.5360744763382,1,good
9000000820-1,2021-04-30,6.0,87.8468899521531,1,bad
9000000820-1,2021-04-30,7.0,74.352234322193,1,bad
9000000820-1,2021-04-30,8.0,136.604062859333,1,bad
9000000820-1,2021-04-30,9.0,187.7794336810729,1,bad
9000000820-1,2021-04-30,10.0,176.1385020700037,1,bad
9000000820-1,2021-04-30,11.0,176.8094534711961,1,bad
9000000820-1,2021-04-30,12.0,234.6625766871169,1,bad
9000000820-1,2021-04-30,13.0,201.8321729571269,1,bad
9000000820-1,2021-04-30,14.0,232.44789538210037,1,bad
9000000820-1,2021-04-30,15.0,290.9930715935347,1,bad
9000000820-1,2021-04-30,16.0,192.70752521334379,1,bad
9000000820-1,2021-04-30,17.0,202.81690140844998,1,bad
9000000820-1,2021-04-30,18.0,164.46700507614162,1,bad
9000000820-1,2021-04-30,19.0,170.5605786618448,1,bad
9000000820-1,2021-05-01,6.0,21.99065756378009,0,good
9000000820-1,2021-05-01,7.0,26.696329254727473,0,good
9000000820-1,2021-05-01,8.0,95.04520795660041,0,good
9000000820-1,2021-05-01,9.0,136.2088535754827,0,good
9000000820-1,2021-05-01,10.0,189.2703862660941,0,good
9000000820-1,2021-05-01,11.0,194.7005444646092,0,good
9000000820-1,2021-05-01,12.0,195.945945945946,0,good
9000000820-1,2021-05-01,13.0,199.7041420118344,0,good
9000000820-1,2021-05-01,14.0,135.287485907554,0,good
9000000820-1,2021-05-01,15.0,114.80637813211861,0,good
9000000820-1,2021-05-01,16.0,105.7228915662651,0,good
9000000820-1,2021-05-01,17.0,115.64053537284889,0,good
9000000820-1,2021-05-01,18.0,119.41856131196451,0,good
9000000820-1,2021-05-01,19.0,129.81078186361964,0,good
9000000820-1,2021-05-02,6.0,9.2032381763954,0,bad
9000000820-1,2021-05-02,7.0,31.39534883720934,0,bad
9000000820-1,2021-05-02,8.0,52.6225279449699,0,bad
9000000820-1,2021-05-02,9.0,89.2561983471075,0,bad
9000000820-1,2021-05-02,10.0,134.6423562412343,0,bad
9000000820-1,2021-05-02,11.0,131.282952548331,0,bad
9000000820-1,2021-05-02,12.0,153.0637765735731,0,bad
9000000820-1,2021-05-02,13.0,150.55900621118,0,bad
9000000820-1,2021-05-02,14.0,164.03580146460513,0,bad
9000000820-1,2021-05-02,15.0,133.219906422799,0,bad
9000000820-1,2021-05-02,16.0,116.03181247383822,0,bad
9000000820-1,2021-05-02,17.0,98.73106835857537,0,bad
9000000820-1,2021-05-02,18.0,145.6647398843931,0,bad
9000000820-1,2021-05-02,19.0,121.20109190172882,0,bad
9000000820-1,2021-05-03,7.0,150.76474872541908,1,good
9000000820-1,2021-05-03,8.0,182.3119266055047,1,good
9000000820-1,2021-05-03,9.0,119.68265961465798,1,good
9000000820-1,2021-05-03,10.0,129.96389891696782,1,good
9000000820-1,2021-05-03,11.0,180.59318930794552,1,good
9000000820-1,2021-05-03,12.0,119.66759002770081,1,good
9000000820-1,2021-05-03,13.0,118.37237977805151,1,good
9000000820-1,2021-05-03,14.0,313.3893062306683,1,good
9000000820-1,2021-05-03,15.0,445.54455445544727,1,good
9000000820-1,2021-05-03,16.0,434.7422201579191,1,good
9000000820-1,2021-05-03,17.0,317.554585152839,1,good
9000000820-1,2021-05-03,18.0,173.6003269309361,1,good
9000000820-1,2021-05-03,19.0,235.55070883315182,1,good
9000000820-1,2021-05-04,6.0,104.1428571428572,1,good
9000000820-1,2021-05-04,7.0,84.73703567488054,1,good
9000000820-1,2021-05-04,8.0,160.91614333210197,1,good
9000000820-1,2021-05-04,9.0,172.4627395315828,1,good
9000000820-1,2021-05-04,10.0,96.38205499276411,1,good
9000000820-1,2021-05-04,11.0,186.1823924200552,1,good
9000000820-1,2021-05-04,12.0,219.10262105730743,1,good
9000000820-1,2021-05-04,13.0,277.17244484466454,1,good
9000000820-1,2021-05-04,14.0,388.6010362694309,1,good
9000000820-1,2021-05-04,16.0,395.9697732997498,1,good
9000000820-1,2021-05-04,17.0,329.31392931392804,1,good
9000000820-1,2021-05-04,18.0,210.18437225636558,1,good
9000000820-1,2021-05-04,19.0,244.20731707317094,1,good
9000000820-1,2021-05-05,6.0,119.9070487993807,1,bad
9000000820-1,2021-05-05,7.0,133.52727272727287,1,bad
9000000820-1,2021-05-05,8.0,185.8150761232822,1,bad
9000000820-1,2021-05-05,9.0,143.9435515484122,1,bad
9000000820-1,2021-05-05,10.0,155.39568345323738,1,bad
9000000820-1,2021-05-05,11.0,141.4229594063724,1,bad
9000000820-1,2021-05-05,12.0,138.64332603938732,1,bad
9000000820-1,2021-05-05,13.0,217.82502044153668,1,bad
9000000820-1,2021-05-05,14.0,341.3419043792692,1,bad
9000000820-1,2021-05-05,15.0,428.4162895927614,1,bad
9000000820-1,2021-05-05,16.0,406.0034305317328,1,bad
9000000820-1,2021-05-05,17.0,274.2459396751749,1,bad
9000000820-1,2021-05-05,18.0,230.27413587604272,1,bad
9000000820-1,2021-05-06,7.0,161.11518708730782,1,bad
9000000820-1,2021-05-06,8.0,166.8789808917197,1,bad
9000000820-1,2021-05-06,9.0,177.8916544655928,1,bad
9000000820-1,2021-05-06,10.0,166.8199504775374,1,bad
9000000820-1,2021-05-06,11.0,182.2621184919214,1,bad
9000000820-1,2021-05-06,12.0,193.32365747460028,1,bad
9000000820-1,2021-05-06,13.0,253.627760252367,1,bad
9000000820-1,2021-05-06,14.0,375.4045307443359,1,bad
9000000820-1,2021-05-06,15.0,421.091719272187,1,bad
9000000820-1,2021-05-06,16.0,418.2958317963849,1,bad
9000000820-1,2021-05-06,17.0,293.276414087513,1,bad
9000000820-1,2021-05-06,18.0,269.5807954138311,1,bad
9000000820-1,2021-05-06,19.0,222.12765957446862,1,bad
9000000820-1,2021-05-07,6.0,111.2924001717476,1,bad
9000000820-1,2021-05-07,7.0,145.4020915975479,1,bad
9000000820-1,2021-05-07,8.0,164.1693811074913,1,bad
9000000820-1,2021-05-07,9.0,177.86032689450172,1,bad
9000000820-1,2021-05-07,10.0,152.2580645161293,1,bad
9000000820-1,2021-05-07,11.0,161.72140430351078,1,bad
9000000820-1,2021-05-07,12.0,190.10339734121072,1,bad
9000000820-1,2021-05-07,13.0,219.9566160520607,1,bad
9000000820-1,2021-05-07,14.0,234.69150174621672,1,bad
9000000820-1,2021-05-07,15.0,403.125,1,bad
9000000820-1,2021-05-07,16.0,311.1482254697289,1,bad
9000000820-1,2021-05-07,17.0,275.85446527012147,1,bad
9000000820-1,2021-05-07,18.0,229.09090909090838,1,bad
9000000820-1,2021-05-07,19.0,160.356347438753,1,bad
9000000820-1,2021-05-08,6.0,47.4021352313167,0,good
9000000820-1,2021-05-08,7.0,62.36015878744139,0,good
9000000820-1,2021-05-08,8.0,124.75884244372989,0,good
9000000820-1,2021-05-08,9.0,174.21550094517977,0,good
9000000820-1,2021-05-08,10.0,127.39562624254481,0,good
9000000820-1,2021-05-08,11.0,140.1608125264488,0,good
9000000820-1,2021-05-08,12.0,171.78735872750133,0,good
9000000820-1,2021-05-08,13.0,198.7730061349696,0,good
9000000820-1,2021-05-08,14.0,216.6912850812412,0,good
9000000820-1,2021-05-08,15.0,247.38725841088072,0,good
9000000820-1,2021-05-08,16.0,186.12074947952874,0,good
9000000820-1,2021-05-08,17.0,136.0427807486634,0,good
9000000820-1,2021-05-08,18.0,101.44605116796436,0,good
9000000820-1,2021-05-08,19.0,149.7884344146682,0,good
9000000820-1,2021-05-09,6.0,31.835868411743867,0,good
9000000820-1,2021-05-09,7.0,40.421052631578924,0,good
9000000820-1,2021-05-09,8.0,93.6986301369864,0,good
9000000820-1,2021-05-09,9.0,122.79846849982601,0,good
9000000820-1,2021-05-09,10.0,100.13908205841449,0,good
9000000820-1,2021-05-09,11.0,151.2075603780188,0,good
9000000820-1,2021-05-09,12.0,221.4983713355051,0,good
9000000820-1,2021-05-09,13.0,196.728158719109,0,good
9000000820-1,2021-05-09,14.0,207.71681415929305,0,good
9000000820-1,2021-05-09,15.0,216.1601186063742,0,good
9000000820-1,2021-05-09,16.0,137.97019162526604,0,good
9000000820-1,2021-05-09,17.0,149.83277591973223,0,good
9000000820-1,2021-05-09,18.0,77.84577723378212,0,good
9000000820-1,2021-05-09,19.0,176.5596826541651,0,good
9000000820-1,2021-05-10,6.0,80.8695652173913,1,good
9000000820-1,2021-05-10,7.0,149.1202346041057,1,good
9000000820-1,2021-05-10,8.0,191.914132379249,1,good
9000000820-1,2021-05-10,9.0,195.0807071483477,1,good
9000000820-1,2021-05-10,10.0,151.09742010011547,1,good
9000000820-1,2021-05-10,11.0,173.24744221295958,1,good
9000000820-1,2021-05-10,12.0,231.2307692307694,1,good
9000000820-1,2021-05-10,13.0,300.81999219054956,1,good
9000000820-1,2021-05-10,14.0,395.8041958041934,1,good
9000000820-1,2021-05-10,16.0,473.5426008968594,1,good
9000000820-1,2021-05-10,17.0,309.3641618497112,1,good
9000000820-1,2021-05-10,18.0,127.89664917238542,1,good
9000000820-1,2021-05-10,19.0,215.21739130434833,1,good
9000000820-1,2021-05-11,6.0,68.9306358381503,1,good
9000000820-1,2021-05-11,7.0,125.55160142348741,1,good
9000000820-1,2021-05-11,8.0,200.7815275310832,1,good
9000000820-1,2021-05-11,9.0,164.03785488959,1,good
9000000820-1,2021-05-11,10.0,126.33817795108118,1,good
9000000820-1,2021-05-11,11.0,153.22139789144882,1,good
9000000820-1,2021-05-11,12.0,177.9680809653562,1,good
9000000820-1,2021-05-11,13.0,276.8197088465845,1,good
9000000820-1,2021-05-11,14.0,400.1425008906289,1,good
9000000820-1,2021-05-11,15.0,394.8642699926642,1,good
9000000820-1,2021-05-11,16.0,367.21311475410016,1,good
9000000820-1,2021-05-11,17.0,291.54426359666456,1,good
9000000820-1,2021-05-11,18.0,207.9475624743966,1,good
9000000820-1,2021-05-11,19.0,217.6991150442475,1,good
9000000820-1,2021-05-12,6.0,111.46443514644352,1,good
9000000820-1,2021-05-12,7.0,118.2203389830508,1,good
9000000820-1,2021-05-12,8.0,190.3025884068533,1,good
9000000820-1,2021-05-12,9.0,154.4636678200695,1,good
9000000820-1,2021-05-12,10.0,162.27912008654903,1,good
9000000820-1,2021-05-12,11.0,188.8481291269259,1,good
9000000820-1,2021-05-12,12.0,193.9570440480517,1,good
9000000820-1,2021-05-12,13.0,261.8436406067687,1,good
9000000820-1,2021-05-12,14.0,351.77836016473145,1,good
9000000820-1,2021-05-12,15.0,465.8981033841561,1,good
9000000820-1,2021-05-12,17.0,325.8564731337908,1,good
9000000820-1,2021-05-12,18.0,145.92680047225514,1,good
9000000820-1,2021-05-12,19.0,231.26338329764502,1,good
9000000820-1,2021-05-13,6.0,112.38293444328819,1,good
9000000820-1,2021-05-13,7.0,158.7301587301584,1,good
9000000820-1,2021-05-13,8.0,148.5630066322771,1,good
9000000820-1,2021-05-13,9.0,135.7744415964847,1,good
9000000820-1,2021-05-13,10.0,145.1140065146577,1,good
9000000820-1,2021-05-13,11.0,164.3421998562181,1,good
9000000820-1,2021-05-13,12.0,244.452690166976,1,good
9000000820-1,2021-05-13,13.0,252.38434163701038,1,good
9000000820-1,2021-05-13,14.0,350.8090614886727,1,good
9000000820-1,2021-05-13,15.0,418.188765762324,1,good
9000000820-1,2021-05-13,16.0,414.2857142857144,1,good
9000000820-1,2021-05-13,17.0,217.9714616274596,1,good
9000000820-1,2021-05-13,18.0,224.50184501844925,1,good
9000000820-1,2021-05-13,19.0,214.36077057793372,1,good
9000000820-1,2021-05-14,6.0,101.99203187250988,1,bad
9000000820-1,2021-05-14,7.0,147.8005865102639,1,bad
9000000820-1,2021-05-14,8.0,214.62738301559838,1,bad
9000000820-1,2021-05-14,9.0,193.10834813499088,1,bad
9000000820-1,2021-05-14,10.0,171.4285714285719,1,bad
9000000820-1,2021-05-14,11.0,201.8335684062051,1,bad
9000000820-1,2021-05-14,12.0,205.4558506819813,1,bad
9000000820-1,2021-05-14,13.0,285.1998559596696,1,bad
9000000820-1,2021-05-14,14.0,356.73222390317665,1,bad
9000000820-1,2021-05-14,15.0,288.644688644688,1,bad
9000000820-1,2021-05-14,16.0,443.64207221350046,1,bad
9000000820-1,2021-05-14,17.0,242.8465530022236,1,bad
9000000820-1,2021-05-14,18.0,239.65455199712125,1,bad
9000000820-1,2021-05-14,19.0,209.4797687861275,1,bad
9000000820-1,2021-05-15,6.0,67.64091858037575,0,good
9000000820-1,2021-05-15,7.0,83.42696629213481,0,good
9000000820-1,2021-05-15,8.0,122.40515390121735,0,good
9000000820-1,2021-05-15,9.0,168.9956331877733,0,good
9000000820-1,2021-05-15,10.0,220.6200432588315,0,good
9000000820-1,2021-05-15,11.0,186.52849740932652,0,good
9000000820-1,2021-05-15,12.0,197.47961452928118,0,good
9000000820-1,2021-05-15,13.0,170.00377786173001,0,good
9000000820-1,2021-05-15,14.0,174.7846515270166,0,good
9000000820-1,2021-05-15,15.0,162.5396825396825,0,good
9000000820-1,2021-05-15,16.0,153.8931297709928,0,good
9000000820-1,2021-05-15,17.0,128.829915560917,0,good
9000000820-1,2021-05-15,18.0,144.54033771106901,0,good
9000000820-1,2021-05-15,19.0,154.9799343305364,0,good
9000000820-1,2021-05-16,7.0,41.11349036402571,0,good
9000000820-1,2021-05-16,8.0,61.42061281337047,0,good
9000000820-1,2021-05-16,9.0,124.6810061975938,0,good
9000000820-1,2021-05-16,10.0,122.68230120923421,0,good
9000000820-1,2021-05-16,11.0,129.47498966515093,0,good
9000000820-1,2021-05-16,12.0,174.6710526315789,0,good
9000000820-1,2021-05-16,13.0,127.09620476610789,0,good
9000000820-1,2021-05-16,14.0,145.1272015655583,0,good
9000000820-1,2021-05-16,15.0,136.9797859690844,0,good
9000000820-1,2021-05-16,16.0,95.94594594594611,0,good
9000000820-1,2021-05-16,17.0,112.26080793763298,0,good
9000000820-1,2021-05-16,18.0,108.33027522935791,0,good
9000000820-1,2021-05-16,19.0,156.4523281596452,0,good
9000000820-1,2021-05-17,7.0,114.6902654867257,1,good
9000000820-1,2021-05-17,8.0,178.6375105130364,1,good
9000000820-1,2021-05-17,9.0,134.5328719723185,1,good
9000000820-1,2021-05-17,10.0,131.4715359828141,1,good
9000000820-1,2021-05-17,11.0,204.4002838892826,1,good
9000000820-1,2021-05-17,12.0,156.3559322033893,1,good
9000000820-1,2021-05-17,13.0,238.2259767687429,1,good
9000000820-1,2021-05-17,14.0,346.0801702731462,1,good
9000000820-1,2021-05-17,15.0,395.4699886749725,1,good
9000000820-1,2021-05-17,16.0,372.64828107291225,1,good
9000000820-1,2021-05-17,17.0,299.4379917572132,1,good
9000000820-1,2021-05-17,18.0,207.13985720285532,1,good
9000000820-1,2021-05-17,19.0,217.0164059519273,1,good
9000000820-1,2021-05-18,6.0,96.14650896604351,1,good
9000000820-1,2021-05-18,7.0,123.35664335664327,1,good
9000000820-1,2021-05-18,8.0,186.50904033379723,1,good
9000000820-1,2021-05-18,9.0,135.25280898876352,1,good
9000000820-1,2021-05-18,10.0,114.6584804297774,1,good
9000000820-2,2020-10-07,8.0,292.710280373832,1,bad
9000000820-2,2020-10-07,9.0,186.692759295499,1,bad
9000000820-2,2020-10-07,10.0,213.463550749913,1,bad
9000000820-2,2020-10-07,11.0,155.865921787709,1,bad
9000000820-2,2020-10-07,12.0,194.392523364487,1,bad
9000000820-2,2020-10-07,13.0,202.674173117522,1,bad
9000000820-2,2020-10-07,14.0,193.05993690851798,1,bad
9000000820-2,2020-10-07,15.0,112.252384446075,1,bad
9000000820-2,2020-10-07,16.0,128.86209495101699,1,bad
9000000820-2,2020-10-07,17.0,105.45746388443001,1,bad
9000000820-2,2020-10-08,8.0,338.661567877629,1,bad
9000000820-2,2020-10-08,9.0,233.930453108534,1,bad
9000000820-2,2020-10-08,10.0,156.193142057383,1,bad
9000000820-2,2020-10-08,11.0,213.824244529351,1,bad
9000000820-2,2020-10-08,12.0,170.15873015873,1,bad
9000000820-2,2020-10-08,13.0,177.11229946523997,1,bad
9000000820-2,2020-10-08,14.0,173.20028510334996,1,bad
9000000820-2,2020-10-08,15.0,74.888558692422,1,bad
9000000820-2,2020-10-08,16.0,79.6946564885497,1,bad
9000000820-2,2020-10-08,17.0,126.801619433198,1,bad
9000000820-2,2020-10-09,8.0,343.404255319149,1,good
9000000820-2,2020-10-09,9.0,191.229946524064,1,good
9000000820-2,2020-10-09,10.0,163.11095255083902,1,good
9000000820-2,2020-10-09,11.0,181.69014084507,1,good
9000000820-2,2020-10-09,12.0,193.93506956832002,1,good
9000000820-2,2020-10-09,13.0,187.926136363637,1,good
9000000820-2,2020-10-09,14.0,203.725834797891,1,good
9000000820-2,2020-10-09,15.0,58.7319243604005,1,good
9000000820-2,2020-10-09,16.0,154.054054054054,1,good
9000000820-2,2020-10-09,17.0,218.716981132076,1,good
9000000820-2,2020-10-10,7.0,125.501432664756,0,good
9000000820-2,2020-10-10,8.0,143.500866551126,0,good
9000000820-2,2020-10-10,9.0,142.896935933147,0,good
9000000820-2,2020-10-10,10.0,180.191693290735,0,good
9000000820-2,2020-10-10,11.0,171.731448763251,0,good
9000000820-2,2020-10-10,12.0,114.741035856574,0,good
9000000820-2,2020-10-10,13.0,150.929639081298,0,good
9000000820-2,2020-10-10,14.0,176.232706633558,0,good
9000000820-2,2020-10-10,15.0,181.80515759312303,0,good
9000000820-2,2020-10-10,16.0,183.162518301611,0,good
9000000820-2,2020-10-10,17.0,190.39759939985,0,good
9000000820-2,2020-10-11,8.0,52.7748691099476,0,bad
9000000820-2,2020-10-11,9.0,75.7055893746541,0,bad
9000000820-2,2020-10-11,10.0,91.4086956521739,0,bad
9000000820-2,2020-10-11,11.0,91.22541603630873,0,bad
9000000820-2,2020-10-11,12.0,109.61115187087299,0,bad
9000000820-2,2020-10-11,13.0,91.69435215946841,0,bad
9000000820-2,2020-10-11,14.0,94.7705442902882,0,bad
9000000820-2,2020-10-11,15.0,115.83839828387501,0,bad
9000000820-2,2020-10-11,16.0,129.72972972973,0,bad
9000000820-2,2020-10-12,8.0,312.74658573596366,1,good
9000000820-2,2020-10-12,9.0,183.43949044585912,1,good
9000000820-2,2020-10-12,10.0,158.65687303252838,1,good
9000000820-2,2020-10-12,11.0,193.03977272727332,1,good
9000000820-2,2020-10-12,12.0,206.65033251662493,1,good
9000000820-2,2020-10-12,13.0,193.79679144384968,1,good
9000000820-2,2020-10-12,14.0,199.1938438988641,1,good
9000000820-2,2020-10-12,15.0,133.2356174422865,1,good
9000000820-2,2020-10-12,16.0,160.0896860986552,1,good
9000000820-2,2020-10-12,17.0,211.5141955835963,1,good
9000000820-2,2020-10-13,8.0,312.13872832369873,1,bad
9000000820-2,2020-10-13,9.0,209.36170212766018,1,bad
9000000820-2,2020-10-13,10.0,170.07874015748,1,bad
9000000820-2,2020-10-13,11.0,153.9638386648124,1,bad
9000000820-2,2020-10-13,12.0,190.0106269925611,1,bad
9000000820-2,2020-10-13,13.0,227.9615795090716,1,bad
9000000820-2,2020-10-13,14.0,130.1204819277103,1,bad
9000000820-2,2020-10-13,15.0,129.84909827015088,1,bad
9000000820-2,2020-10-13,16.0,126.0586319218242,1,bad
9000000820-2,2020-10-14,8.0,322.3880597014928,1,good
9000000820-2,2020-10-14,9.0,203.3392539964468,1,good
9000000820-2,2020-10-14,10.0,199.234249912983,1,good
9000000820-2,2020-10-14,11.0,179.8583792289536,1,good
9000000820-2,2020-10-14,12.0,168.3774834437086,1,good
9000000820-2,2020-10-14,13.0,132.5610260653706,1,good
9000000820-2,2020-10-14,14.0,179.08163265306038,1,good
9000000820-2,2020-10-14,15.0,68.98954703832752,1,good
9000000820-2,2020-10-14,16.0,97.9793814432989,1,good
9000000820-2,2020-10-14,17.0,229.6650717703349,1,good
9000000820-2,2020-10-15,8.0,334.3126967471153,1,bad
9000000820-2,2020-10-15,9.0,206.8965517241381,1,bad
9000000820-2,2020-10-15,10.0,197.9057591623035,1,bad
9000000820-2,2020-10-15,11.0,160.92925026399098,1,bad
9000000820-2,2020-10-15,12.0,207.90273556231,1,bad
9000000820-2,2020-10-15,13.0,196.1360123647606,1,bad
9000000820-2,2020-10-15,14.0,189.47368421052653,1,bad
9000000820-2,2020-10-15,15.0,133.4311926605506,1,bad
9000000820-2,2020-10-15,16.0,161.1532625189679,1,bad
9000000820-2,2020-10-15,17.0,175.5319148936169,1,bad
9000000820-2,2020-10-16,8.0,313.5656041512227,1,bad
9000000820-2,2020-10-16,9.0,200.9893992932864,1,bad
9000000820-2,2020-10-16,10.0,171.54959406988976,1,bad
9000000820-2,2020-10-16,11.0,156.13850996852,1,bad
9000000820-2,2020-10-16,12.0,198.2721382289416,1,bad
9000000820-2,2020-10-16,13.0,188.117394416607,1,bad
9000000820-2,2020-10-16,14.0,168.35016835016842,1,bad
9000000820-2,2020-10-16,15.0,134.6702661010412,1,bad
9000000820-2,2020-10-16,16.0,167.8456591639871,1,bad
9000000820-2,2020-10-16,17.0,172.60273972602766,1,bad
9000000820-2,2020-10-17,8.0,111.2091791703444,0,bad
9000000820-2,2020-10-17,9.0,166.332378223496,0,bad
9000000820-2,2020-10-17,10.0,151.605995717345,0,bad
9000000820-2,2020-10-17,11.0,147.3214285714281,0,bad
9000000820-2,2020-10-17,12.0,181.1232449297974,0,bad
9000000820-2,2020-10-17,13.0,143.78893367533882,0,bad
9000000820-2,2020-10-17,14.0,159.9056603773588,0,bad
9000000820-2,2020-10-17,15.0,131.99033037872718,0,bad
9000000820-2,2020-10-17,16.0,171.2990936555896,0,bad
9000000820-2,2020-10-17,17.0,212.0108485083295,0,bad
9000000820-2,2020-10-18,8.0,43.562439496611766,0,good
9000000820-2,2020-10-18,9.0,68.7411598302687,0,good
9000000820-2,2020-10-18,10.0,100.4291845493561,0,good
9000000820-2,2020-10-18,11.0,96.2637362637362,0,good
9000000820-2,2020-10-18,12.0,115.3166421207661,0,good
9000000820-2,2020-10-18,13.0,125.37977028529126,0,good
9000000820-2,2020-10-18,14.0,145.17254749903123,0,good
9000000820-2,2020-10-18,15.0,189.2455858747994,0,good
9000000820-2,2020-10-18,16.0,113.1601005867562,0,good
9000000820-2,2020-10-18,17.0,249.99999999999977,0,good
9000000820-2,2020-10-19,8.0,285.0952558834509,1,good
9000000820-2,2020-10-19,9.0,181.94492854653132,1,good
9000000820-2,2020-10-19,10.0,177.3913043478259,1,good
9000000820-2,2020-10-19,11.0,148.6880466472306,1,good
9000000820-2,2020-10-19,12.0,192.5274725274722,1,good
9000000820-2,2020-10-19,13.0,131.3364055299538,1,good
9000000820-2,2020-10-19,14.0,199.0087685855893,1,good
9000000820-2,2020-10-19,15.0,110.17597551644981,1,good
9000000820-2,2020-10-19,16.0,154.4055944055943,1,good
9000000820-2,2020-10-19,17.0,221.75856929955242,1,good
9000000820-2,2020-10-20,8.0,321.72377251854385,1,good
9000000820-2,2020-10-20,9.0,173.57142857142838,1,good
9000000820-2,2020-10-20,10.0,168.3684398429131,1,good
9000000820-2,2020-10-20,11.0,166.0157872870794,1,good
9000000820-2,2020-10-20,12.0,167.41071428571462,1,good
9000000820-2,2020-10-20,13.0,182.403770620581,1,good
9000000820-2,2020-10-20,14.0,201.1419249592173,1,good
9000000820-2,2020-10-20,15.0,95.46961325966859,1,good
9000000820-2,2020-10-21,8.0,306.4450749898668,1,good
9000000820-2,2020-10-21,9.0,161.6118769883359,1,good
9000000820-2,2020-10-21,10.0,180.9694793536805,1,good
9000000820-2,2020-10-21,11.0,141.09429569266518,1,good
9000000820-2,2020-10-21,12.0,85.3354760948172,1,good
9000000820-2,2020-10-21,13.0,149.1369390103571,1,good
9000000820-2,2020-10-21,14.0,152.1928091663373,1,good
9000000820-2,2020-10-21,15.0,141.55629139072892,1,good
9000000820-2,2020-10-21,16.0,87.6206462442299,1,good
9000000820-2,2020-10-21,17.0,161.86511240632834,1,good
9000000820-2,2020-10-22,8.0,299.411533934876,1,good
9000000820-2,2020-10-22,9.0,167.6894639556381,1,good
9000000820-2,2020-10-22,10.0,116.03660962992431,1,good
9000000820-2,2020-10-22,11.0,170.5339221196302,1,good
9000000820-2,2020-10-22,12.0,198.3050847457625,1,good
9000000820-2,2020-10-22,13.0,199.84790874524703,1,good
9000000820-2,2020-10-22,14.0,179.3783917118891,1,good
9000000820-2,2020-10-22,15.0,115.66838556128522,1,good
9000000820-2,2020-10-22,16.0,114.9253731343282,1,good
9000000820-2,2020-10-22,17.0,215.42351453855866,1,good
9000000820-2,2020-10-23,8.0,293.24758842443697,1,good
9000000820-2,2020-10-23,9.0,200.3637686431426,1,good
9000000820-2,2020-10-23,10.0,196.1452928094882,1,good
9000000820-2,2020-10-23,11.0,180.7255404910225,1,good
9000000820-2,2020-10-23,12.0,173.5573411249083,1,good
9000000820-2,2020-10-23,13.0,187.7673545966228,1,good
9000000820-2,2020-10-23,14.0,175.0556792873051,1,good
9000000820-2,2020-10-23,15.0,140.4545454545452,1,good
9000000820-2,2020-10-23,16.0,164.396284829722,1,good
9000000820-2,2020-10-23,17.0,197.77180176719145,1,good
9000000820-2,2020-10-24,9.0,130.9370988446726,0,bad
9000000820-2,2020-10-24,10.0,136.70886075949358,0,bad
9000000820-2,2020-10-24,11.0,117.0943259848211,0,bad
9000000820-2,2020-10-24,12.0,144.77958236658878,0,bad
9000000820-2,2020-10-24,13.0,137.0660694288912,0,bad
9000000820-2,2020-10-24,14.0,102.3933402705515,0,bad
9000000820-2,2020-10-24,15.0,105.9203444564046,0,bad
9000000820-2,2020-10-24,16.0,121.81425485961131,0,bad
9000000820-2,2020-10-24,17.0,100.86602139582283,0,bad
9000000820-2,2020-10-25,7.0,35.20463600144872,0,good
9000000820-2,2020-10-25,8.0,47.615732683606,0,good
9000000820-2,2020-10-25,9.0,89.84182776801403,0,good
9000000820-2,2020-10-25,10.0,101.65901870808331,0,good
9000000820-2,2020-10-25,11.0,127.3311897106111,0,good
9000000820-2,2020-10-25,12.0,138.91518019657823,0,good
9000000820-2,2020-10-25,13.0,140.10378057820608,0,good
9000000820-2,2020-10-25,14.0,177.8603268945021,0,good
9000000820-2,2020-10-25,15.0,206.83439729628248,0,good
9000000820-2,2020-10-25,16.0,304.396843291996,0,good
9000000820-2,2020-10-26,7.0,353.9722123263258,1,good
9000000820-2,2020-10-26,8.0,196.9957081545061,1,good
9000000820-2,2020-10-26,9.0,178.0966767371602,1,good
9000000820-2,2020-10-26,10.0,175.641966250917,1,good
9000000820-2,2020-10-26,11.0,183.0055658627092,1,good
9000000820-2,2020-10-26,12.0,167.2131147540982,1,good
9000000820-2,2020-10-26,13.0,156.9007263922522,1,good
9000000820-2,2020-10-26,14.0,176.7915605674786,1,good
9000000820-2,2020-10-26,15.0,182.7754795035723,1,good
9000000820-2,2020-10-26,16.0,191.4079115270103,1,good
9000000820-2,2020-10-27,8.0,177.71129394166041,1,good
9000000820-2,2020-10-27,9.0,155.23877405559531,1,good
9000000820-2,2020-10-27,10.0,121.63910855499631,1,good
9000000820-2,2020-10-27,11.0,117.5974710221287,1,good
9000000820-2,2020-10-27,12.0,146.4449946940218,1,good
9000000820-2,2020-10-27,13.0,138.961038961039,1,good
9000000820-2,2020-10-27,14.0,120.47499100395807,1,good
9000000820-2,2020-10-27,15.0,143.5665914221214,1,good
9000000820-2,2020-10-27,16.0,149.59599846094653,1,good
9000000820-2,2020-10-28,7.0,329.57746478873213,1,good
9000000820-2,2020-10-28,8.0,211.9158044951839,1,good
9000000820-2,2020-10-28,9.0,140.8185440057954,1,good
9000000820-2,2020-10-28,10.0,106.808672499049,1,good
9000000820-2,2020-10-28,11.0,128.99451553930572,1,good
9000000820-2,2020-10-28,12.0,151.5373352855049,1,good
9000000820-2,2020-10-28,13.0,126.3888888888883,1,good
9000000820-2,2020-10-28,14.0,134.328358208955,1,good
9000000820-2,2020-10-28,15.0,100.3636363636364,1,good
9000000820-2,2020-10-28,16.0,192.0704845814981,1,good
9000000820-2,2020-10-29,7.0,286.0366713681241,1,good
9000000820-2,2020-10-29,8.0,182.4411134903643,1,good
9000000820-2,2020-10-29,9.0,172.2182849043232,1,good
9000000820-2,2020-10-29,10.0,134.6633416458846,1,good
9000000820-2,2020-10-29,11.0,157.1327182398864,1,good
9000000820-2,2020-10-29,12.0,143.8903692424814,1,good
9000000820-2,2020-10-29,13.0,159.2438563327031,1,good
9000000820-2,2020-10-29,14.0,113.5407905803195,1,good
9000000820-2,2020-10-29,15.0,119.1020086648285,1,good
9000000820-2,2020-10-29,16.0,144.6945337620574,1,good
9000000820-2,2020-10-30,7.0,309.77337110481494,1,good
9000000820-2,2020-10-30,8.0,206.0085836909864,1,good
9000000820-2,2020-10-30,9.0,131.8077803203661,1,good
9000000820-2,2020-10-30,10.0,143.44294003868498,1,good
9000000820-2,2020-10-30,11.0,144.0519105984136,1,good
9000000820-2,2020-10-30,12.0,145.7652303120356,1,good
9000000820-2,2020-10-30,13.0,136.4864864864864,1,good
9000000820-2,2020-10-30,14.0,141.5971394517285,1,good
9000000820-2,2020-10-30,15.0,154.7546678245771,1,good
9000000820-2,2020-10-30,16.0,171.70418006430867,1,good
9000000820-2,2020-10-31,7.0,57.76072549703524,0,good
9000000820-2,2020-10-31,8.0,71.12068965517248,0,good
9000000820-2,2020-10-31,9.0,62.86528866714182,0,good
9000000820-2,2020-10-31,10.0,87.6772082878953,0,good
9000000820-2,2020-10-31,11.0,98.06025588113906,0,good
9000000820-2,2020-10-31,12.0,116.355140186916,0,good
9000000820-2,2020-10-31,13.0,149.41268598277233,0,good
9000000820-2,2020-10-31,14.0,127.81896215372666,0,good
9000000820-2,2020-10-31,15.0,73.749404478323,0,good
9000000820-2,2020-11-01,7.0,27.272727272727302,0,good
9000000820-2,2020-11-01,8.0,32.89982425307554,0,good
9000000820-2,2020-11-01,9.0,51.009564293304955,0,good
9000000820-2,2020-11-01,10.0,73.02491103202834,0,good
9000000820-2,2020-11-01,11.0,71.84325108853405,0,good
9000000820-2,2020-11-01,12.0,85.27696793002904,0,good
9000000820-2,2020-11-01,13.0,111.07078039927349,0,good
9000000820-2,2020-11-01,14.0,135.6564019448949,0,good
9000000820-2,2020-11-01,15.0,137.3211963589078,0,good
9000000820-2,2020-11-01,16.0,138.32153690596564,0,good
9000000820-2,2020-11-02,7.0,366.52526031623796,1,good
9000000820-2,2020-11-02,8.0,198.84476534296059,1,good
9000000820-2,2020-11-02,9.0,162.2791200865492,1,good
9000000820-2,2020-11-02,10.0,126.7415730337073,1,good
9000000820-2,2020-11-02,11.0,154.6255506607933,1,good
9000000820-2,2020-11-02,12.0,162.0578778135044,1,good
9000000820-2,2020-11-02,13.0,146.3525835866264,1,good
9000000820-2,2020-11-02,14.0,131.6326530612243,1,good
9000000820-2,2020-11-02,15.0,112.44907197827081,1,good
9000000820-2,2020-11-02,16.0,154.7721410146173,1,good
9000000820-2,2020-11-03,7.0,326.64887533358785,1,good
9000000820-2,2020-11-03,8.0,208.77129394708192,1,good
9000000820-2,2020-11-03,9.0,141.60170092133262,1,good
9000000820-2,2020-11-03,10.0,156.0213143872111,1,good
9000000820-2,2020-11-03,11.0,131.3304721030044,1,good
9000000820-2,2020-11-03,12.0,171.4904366654639,1,good
9000000820-2,2020-11-03,13.0,197.83080260303677,1,good
9000000820-2,2020-11-03,14.0,169.8610095098762,1,good
9000000820-2,2020-11-03,15.0,94.54247025030779,1,good
9000000820-2,2020-11-04,7.0,331.3980137509559,1,good
9000000820-2,2020-11-04,8.0,198.2942430703632,1,good
9000000820-2,2020-11-04,9.0,158.8046958377798,1,good
9000000820-2,2020-11-04,10.0,153.0286928799151,1,good
9000000820-2,2020-11-04,11.0,155.50755939524882,1,good
9000000820-2,2020-11-04,12.0,130.482058716926,1,good
9000000820-2,2020-11-04,13.0,134.93253373313368,1,good
9000000820-2,2020-11-04,14.0,171.1718457506551,1,good
9000000820-2,2020-11-04,15.0,144.0576230492197,1,good
9000000820-2,2020-11-05,7.0,340.9725158562368,1,bad
9000000820-2,2020-11-05,8.0,214.80948957584513,1,bad
9000000820-2,2020-11-05,9.0,178.02896503002498,1,bad
9000000820-2,2020-11-05,10.0,132.2396576319543,1,bad
9000000820-2,2020-11-05,11.0,146.3835912198633,1,bad
9000000820-2,2020-11-05,12.0,173.55547678128372,1,bad
9000000820-2,2020-11-05,13.0,147.8043555872896,1,bad
9000000820-2,2020-11-05,14.0,141.84604159066032,1,bad
9000000820-2,2020-11-05,15.0,159.9133261105091,1,bad
9000000820-2,2020-11-05,16.0,166.7479278400784,1,bad
9000000820-2,2020-11-06,7.0,328.671328671327,1,good
9000000820-2,2020-11-06,8.0,216.7906482465457,1,good
9000000820-2,2020-11-06,9.0,158.9905362776023,1,good
9000000820-2,2020-11-06,10.0,160.0000000000002,1,good
9000000820-2,2020-11-06,11.0,148.5342019543967,1,good
9000000820-2,2020-11-06,12.0,168.0684248039913,1,good
9000000820-2,2020-11-06,13.0,146.1305007587254,1,good
9000000820-2,2020-11-06,14.0,155.99495161968852,1,good
9000000820-2,2020-11-06,15.0,92.2370936902486,1,good
9000000820-2,2020-11-06,16.0,204.9504950495044,1,good
9000000820-2,2020-11-07,7.0,83.83909668313349,0,bad
9000000820-2,2020-11-07,8.0,121.414059325477,0,bad
9000000820-2,2020-11-07,9.0,124.67532467532449,0,bad
9000000820-2,2020-11-07,10.0,125.24850894632243,0,bad
9000000820-2,2020-11-08,7.0,23.1604342581423,0,bad
9000000820-2,2020-11-08,8.0,42.426343154246126,0,bad
9000000820-2,2020-11-08,9.0,58.06451612903221,0,bad
9000000820-2,2020-11-08,10.0,75.10791366906477,0,bad
9000000820-2,2020-11-08,11.0,66.30094043887142,0,bad
9000000820-2,2020-11-08,12.0,103.78912685337731,0,bad
9000000820-2,2020-11-08,13.0,72.7116458960035,0,bad
9000000820-2,2020-11-09,7.0,343.4897206114919,1,bad
9000000820-2,2020-11-09,8.0,224.51333813987003,1,bad
9000000820-2,2020-11-09,9.0,179.5948987246814,1,bad
9000000820-2,2020-11-09,10.0,167.3790776152983,1,bad
9000000820-2,2020-11-09,11.0,138.7283236994219,1,bad
9000000820-2,2020-11-09,12.0,161.115187087308,1,bad
9000000820-2,2020-11-09,13.0,152.2491349480972,1,bad
9000000820-2,2020-11-09,14.0,121.45564821834691,1,bad
9000000820-2,2020-11-09,15.0,174.8987854251007,1,bad
9000000820-2,2020-11-10,7.0,316.3255117324016,1,bad
9000000820-2,2020-11-10,8.0,244.8979591836729,1,bad
9000000820-2,2020-11-10,9.0,163.8747268754551,1,bad
9000000820-2,2020-11-10,10.0,174.1051028179736,1,bad
9000000820-2,2020-11-10,11.0,120.08895478131969,1,bad
9000000820-2,2020-11-10,12.0,163.5059760956176,1,bad
9000000820-2,2020-11-10,13.0,168.6514886164622,1,bad
9000000820-2,2020-11-10,14.0,154.44015444015463,1,bad
9000000820-2,2020-11-10,15.0,173.9430543572052,1,bad
9000000820-2,2020-11-11,8.0,222.3137093454104,1,bad
9000000820-2,2020-11-11,9.0,155.5391432791722,1,bad
9000000820-2,2020-11-11,10.0,147.7853799063734,1,bad
9000000820-2,2020-11-11,11.0,125.62704471101412,1,bad
9000000820-2,2020-11-11,12.0,173.012939001849,1,bad
9000000820-2,2020-11-11,13.0,167.5353685778107,1,bad
9000000820-2,2020-11-11,14.0,153.0637765735728,1,bad
9000000820-2,2020-11-11,15.0,144.2481688927188,1,bad
9000000820-2,2020-11-12,7.0,305.75745202123335,1,bad
9000000820-2,2020-11-12,8.0,194.59459459459427,1,bad
9000000820-2,2020-11-12,9.0,166.0516605166051,1,bad
9000000820-2,2020-11-12,10.0,173.00215982721397,1,bad
9000000820-2,2020-11-12,11.0,153.7787513691122,1,bad
9000000820-2,2020-11-12,12.0,149.4489346069062,1,bad
9000000820-2,2020-11-12,13.0,138.355111452729,1,bad
9000000820-2,2020-11-12,14.0,161.4926558157996,1,bad
9000000820-2,2020-11-12,15.0,162.8834355828222,1,bad
9000000820-2,2020-11-13,7.0,337.22412947523316,1,bad
9000000820-2,2020-11-13,8.0,220.0224971878521,1,bad
9000000820-2,2020-11-13,9.0,153.0499075785578,1,bad
9000000820-2,2020-11-13,10.0,184.34528163862478,1,bad
9000000820-2,2020-11-13,11.0,172.5752508361209,1,bad
9000000820-2,2020-11-13,12.0,156.0617193240259,1,bad
9000000820-2,2020-11-13,13.0,120.8430913348947,1,bad
9000000820-2,2020-11-13,14.0,148.66846777306068,1,bad
9000000820-2,2020-11-13,15.0,164.3701589889934,1,bad
9000000820-2,2020-11-14,7.0,72.6050420168067,0,good
9000000820-2,2020-11-14,8.0,82.72890484739679,0,good
9000000820-2,2020-11-14,9.0,124.03100775193809,0,good
9000000820-2,2020-11-15,7.0,27.09030100334443,0,bad
9000000820-2,2020-11-15,8.0,31.43507972665147,0,bad
9000000820-2,2020-11-15,9.0,41.395170563434284,0,bad
9000000820-2,2020-11-15,10.0,59.86516853932586,0,bad
9000000820-2,2020-11-15,11.0,84.9301877708233,0,bad
9000000820-2,2020-11-15,13.0,94.3820224719101,0,bad
9000000820-2,2020-11-16,8.0,162.5316455696204,1,bad
9000000820-2,2020-11-16,9.0,141.04477611940308,1,bad
9000000820-2,2020-11-16,10.0,142.37288135593218,1,bad
9000000820-2,2020-11-16,11.0,112.84403669724759,1,bad
9000000820-2,2020-11-16,12.0,122.29597813354151,1,bad
9000000820-2,2020-11-16,13.0,103.75114364135408,1,bad
9000000820-2,2020-11-16,14.0,153.0126109294721,1,bad
9000000820-2,2020-11-16,15.0,142.1832144816236,1,bad
9000000820-2,2020-11-17,7.0,331.4865392118627,1,good
9000000820-2,2020-11-17,8.0,194.0665701881334,1,good
9000000820-2,2020-11-17,9.0,97.594501718213,1,good
9000000820-2,2020-11-17,10.0,120.6254653760238,1,good
9000000820-2,2020-11-17,11.0,131.8534961154274,1,good
9000000820-2,2020-11-17,12.0,168.36501901140662,1,good
9000000820-2,2020-11-17,13.0,147.8145695364239,1,good
9000000820-2,2020-11-17,14.0,130.0346363186542,1,good
9000000820-2,2020-11-17,15.0,129.8484056455829,1,good
9000000820-2,2020-11-18,7.0,303.2490974729245,1,bad
9000000820-2,2020-11-18,8.0,196.5824665676076,1,bad
9000000820-2,2020-11-18,9.0,183.6866690621632,1,bad
9000000820-2,2020-11-18,10.0,155.54741852801192,1,bad
9000000820-2,2020-11-18,11.0,129.6943231441051,1,bad
9000000820-2,2020-11-18,12.0,180.96415327564847,1,bad
9000000820-2,2020-11-18,13.0,157.9881656804732,1,bad
9000000820-2,2020-11-18,14.0,105.47177940542869,1,bad
9000000820-2,2020-11-18,15.0,129.35137657489497,1,bad
9000000820-2,2020-11-19,8.0,189.7040940413461,1,bad
9000000820-2,2020-11-19,9.0,158.99461400359078,1,bad
9000000820-2,2020-11-19,10.0,142.0699925539837,1,bad
9000000820-2,2020-11-19,11.0,161.73285198556022,1,bad
9000000820-2,2020-11-20,8.0,187.83958602846081,1,bad
9000000820-2,2020-11-20,9.0,155.2079359023275,1,bad
9000000820-2,2020-11-20,10.0,181.3566045220148,1,bad
9000000820-2,2020-11-20,11.0,138.519447929737,1,bad
9000000820-2,2020-11-20,12.0,164.4504748982359,1,bad
9000000820-2,2020-11-20,13.0,182.12478920741998,1,bad
9000000820-2,2020-11-20,14.0,177.990430622009,1,bad
9000000820-2,2020-11-21,7.0,90.82125603864739,0,bad
9000000820-2,2020-11-21,8.0,75.8595194085027,0,bad
9000000820-2,2020-11-21,9.0,96.0556844547563,0,bad
9000000820-2,2020-11-21,10.0,106.76156583629901,0,bad
9000000820-2,2020-11-21,11.0,113.5593220338983,0,bad
9000000820-2,2020-11-21,12.0,132.3819978046106,0,bad
9000000820-2,2020-11-21,13.0,178.92644135188908,0,bad
9000000820-2,2020-11-21,14.0,161.8400418191326,0,bad
9000000820-2,2020-11-22,7.0,27.298578199052105,0,bad
9000000820-2,2020-11-22,8.0,21.25,0,bad
9000000820-2,2020-11-22,9.0,68.06992508027119,0,bad
9000000820-2,2020-11-22,10.0,71.85909980430537,0,bad
9000000820-2,2020-11-22,11.0,84.41754916792743,0,bad
9000000820-2,2020-11-22,12.0,109.81038746908479,0,bad
9000000820-2,2020-11-23,11.0,137.8125,1,bad
9000000820-2,2020-11-23,12.0,120.5741626794261,1,bad
9000000820-2,2020-11-23,13.0,167.0702179176757,1,bad
9000000820-2,2020-11-23,14.0,114.47555766492675,1,bad
9000000820-2,2020-11-24,8.0,220.9964412811382,1,bad
9000000820-2,2020-11-24,9.0,153.2198371576614,1,bad
9000000820-2,2020-11-24,10.0,153.19148936170188,1,bad
9000000820-2,2020-11-24,11.0,148.0927449513834,1,bad
9000000820-2,2020-11-24,12.0,154.9668874172186,1,bad
9000000820-2,2020-11-24,13.0,144.12136536030297,1,bad
9000000820-2,2020-11-24,14.0,147.0039946737679,1,bad
9000000820-2,2020-11-25,10.0,117.95935296557471,1,bad
9000000820-2,2020-11-26,8.0,197.60087241003293,1,bad
9000000820-2,2020-11-26,9.0,184.6538782318595,1,bad
9000000820-2,2020-11-26,10.0,135.0959488272918,1,bad
9000000820-2,2020-11-26,11.0,156.52173913043492,1,bad
9000000820-2,2020-11-26,12.0,158.15485996705056,1,bad
9000000820-2,2020-11-26,13.0,150.5821474773609,1,bad
9000000820-2,2020-11-26,14.0,133.04767005891782,1,bad
9000000820-2,2020-11-27,8.0,204.2016806722687,1,bad
9000000820-2,2020-11-27,9.0,154.0412044374007,1,bad
9000000820-2,2020-11-27,10.0,175.0328515111696,1,bad
9000000820-2,2020-11-27,11.0,139.75429975429998,1,bad
9000000820-2,2020-11-27,12.0,154.87743871936019,1,bad
9000000820-2,2020-11-28,9.0,139.71119133573958,0,bad
9000000820-2,2020-11-28,10.0,110.2473498233215,0,bad
9000000820-2,2020-11-28,11.0,122.3702342673402,0,bad
9000000820-2,2020-11-28,12.0,151.3100436681227,0,bad
9000000820-2,2020-11-29,8.0,21.884498480243117,0,bad
9000000820-2,2020-11-29,9.0,56.25000000000005,0,bad
9000000820-2,2020-11-29,10.0,77.0206022187005,0,bad
9000000820-2,2020-11-29,11.0,90.66666666666654,0,bad
9000000820-2,2020-11-29,12.0,110.82251082251018,0,bad
9000000820-2,2020-11-30,7.0,324.097035040432,1,bad
9000000820-2,2020-11-30,8.0,238.1477398015438,1,bad
9000000820-2,2020-11-30,9.0,161.5686274509798,1,bad
9000000820-2,2020-11-30,10.0,116.79671457905549,1,bad
9000000820-2,2020-11-30,11.0,152.4044389642423,1,bad
9000000820-2,2020-11-30,12.0,161.1940298507458,1,bad
9000000820-2,2020-12-01,8.0,210.441176470588,1,bad
9000000820-2,2020-12-01,9.0,156.805807622504,1,bad
9000000820-2,2020-12-01,10.0,174.27561837455795,1,bad
9000000820-2,2020-12-01,11.0,134.653465346534,1,bad
9000000820-2,2020-12-01,12.0,179.487179487179,1,bad
9000000820-2,2020-12-01,13.0,162.327272727273,1,bad
9000000820-2,2020-12-01,14.0,170.622286541244,1,bad
9000000820-2,2020-12-01,15.0,173.893805309734,1,bad
9000000820-2,2020-12-02,8.0,246.423057128152,1,bad
9000000820-2,2020-12-02,9.0,186.580956207312,1,bad
9000000820-2,2020-12-02,10.0,126.406305983519,1,bad
9000000820-2,2020-12-02,11.0,139.363241678726,1,bad
9000000820-2,2020-12-02,12.0,130.666666666666,1,bad
9000000820-2,2020-12-02,13.0,148.196721311475,1,bad
9000000820-2,2020-12-02,14.0,150.0,1,bad
9000000820-2,2020-12-02,15.0,139.011187297005,1,bad
9000000820-2,2020-12-03,7.0,237.916063675832,1,bad
9000000820-2,2020-12-03,8.0,187.393767705382,1,bad
9000000820-2,2020-12-03,9.0,118.94551845342698,1,bad
9000000820-2,2020-12-03,10.0,93.415956622773,1,bad
9000000820-2,2020-12-03,13.0,148.492860920148,1,bad
9000000820-2,2020-12-03,14.0,140.007202016565,1,bad
9000000820-2,2020-12-03,15.0,137.29372937293698,1,bad
9000000820-2,2020-12-04,8.0,208.62190812720902,1,bad
9000000820-2,2020-12-04,9.0,135.241502683364,1,bad
9000000820-2,2020-12-04,10.0,150.263065591021,1,bad
9000000820-2,2020-12-04,11.0,180.259365994236,1,bad
9000000820-2,2020-12-04,12.0,139.53488372093,1,bad
9000000820-2,2020-12-04,13.0,152.618453865336,1,bad
9000000820-2,2020-12-04,14.0,148.575602629657,1,bad
9000000820-2,2020-12-04,15.0,149.886449659349,1,bad
9000000820-2,2020-12-05,8.0,94.06779661016952,0,bad
9000000820-2,2020-12-05,9.0,113.385826771654,0,bad
9000000820-2,2020-12-05,10.0,121.377331420373,0,bad
9000000820-2,2020-12-05,11.0,101.408450704225,0,bad
9000000820-2,2020-12-05,12.0,140.481400437637,0,bad
9000000820-2,2020-12-05,13.0,118.43817787418699,0,bad
9000000820-2,2020-12-05,14.0,86.6520787746171,0,bad
9000000820-2,2020-12-05,15.0,105.76271186440701,0,bad
9000000820-2,2020-12-06,8.0,25.714285714285694,0,bad
9000000820-2,2020-12-06,9.0,58.8904694167852,0,bad
9000000820-2,2020-12-06,10.0,56.842105263157904,0,bad
9000000820-2,2020-12-06,11.0,78.372591006424,0,bad
9000000820-2,2020-12-06,12.0,85.1126708533432,0,bad
9000000820-2,2020-12-06,13.0,78.8321167883212,0,bad
9000000820-2,2020-12-06,14.0,79.7047970479705,0,bad
9000000820-2,2020-12-06,15.0,112.332838038633,0,bad
9000000820-2,2020-12-07,8.0,202.780748663101,1,bad
9000000820-2,2020-12-07,9.0,154.601226993865,1,bad
9000000820-2,2020-12-07,10.0,123.343373493976,1,bad
9000000820-2,2020-12-07,11.0,80.9869375907111,1,bad
9000000820-2,2020-12-07,12.0,121.4848143982,1,bad
9000000820-2,2020-12-07,13.0,107.503828483921,1,bad
9000000820-2,2020-12-07,14.0,148.760330578512,1,bad
9000000820-2,2020-12-07,15.0,155.280118988597,1,bad
9000000820-2,2020-12-08,8.0,213.0475302889093,1,bad
9000000820-2,2020-12-08,9.0,158.2558970693359,1,bad
9000000820-2,2020-12-08,10.0,172.3472668810291,1,bad
9000000820-2,2020-12-08,11.0,136.76296003165808,1,bad
9000000820-2,2020-12-08,12.0,182.6366559485527,1,bad
9000000820-2,2020-12-08,13.0,141.3427561837456,1,bad
9000000820-2,2020-12-08,14.0,126.85861624409111,1,bad
9000000820-2,2020-12-08,15.0,167.34919756502438,1,bad
9000000820-2,2020-12-09,8.0,220.2824133504496,1,bad
9000000820-2,2020-12-09,9.0,185.0980392156858,1,bad
9000000820-2,2020-12-09,10.0,137.62831858407048,1,bad
9000000820-2,2020-12-09,11.0,142.7142857142858,1,bad
9000000820-2,2020-12-09,12.0,177.0065075921907,1,bad
9000000820-2,2020-12-09,13.0,168.4210526315786,1,bad
9000000820-2,2020-12-09,14.0,137.86127167630087,1,bad
9000000820-2,2020-12-09,15.0,158.0983078162774,1,bad
9000000820-2,2020-12-10,8.0,174.1935483870973,1,bad
9000000820-2,2020-12-10,9.0,177.0491803278683,1,bad
9000000820-2,2020-12-10,10.0,144.4163353812793,1,bad
9000000820-2,2020-12-10,11.0,169.7604790419164,1,bad
9000000820-2,2020-12-10,12.0,130.8850532500914,1,bad
9000000820-2,2020-12-10,13.0,158.6885245901637,1,bad
9000000820-2,2020-12-10,14.0,174.1935483870971,1,bad
9000000820-2,2020-12-10,15.0,180.2002224694104,1,bad
9000000820-2,2020-12-11,8.0,204.9706281066426,1,bad
9000000820-2,2020-12-11,9.0,189.3362350380844,1,bad
9000000820-2,2020-12-11,10.0,144.8275862068968,1,bad
9000000820-2,2020-12-11,11.0,181.62162162162167,1,bad
9000000820-2,2020-12-11,12.0,156.3007412636778,1,bad
9000000820-2,2020-12-11,13.0,165.6205420827395,1,bad
9000000820-2,2020-12-11,14.0,163.8728323699418,1,bad
9000000820-2,2020-12-11,15.0,166.7049368541907,1,bad
9000000820-2,2020-12-12,8.0,77.65793528505401,0,bad
9000000820-2,2020-12-12,9.0,92.65967588179211,0,bad
9000000820-2,2020-12-12,10.0,125.9363957597168,0,bad
9000000820-2,2020-12-12,11.0,118.4549356223177,0,bad
9000000820-2,2020-12-12,12.0,120.34507548526199,0,bad
9000000820-2,2020-12-12,13.0,140.2941176470589,0,bad
9000000820-2,2020-12-12,14.0,120.56789224608619,0,bad
9000000820-2,2020-12-12,15.0,126.68621700879747,0,bad
9000000820-2,2020-12-13,8.0,40.26095060577816,0,bad
9000000820-2,2020-12-13,9.0,49.769585253456256,0,bad
9000000820-2,2020-12-13,10.0,74.91926803013982,0,bad
9000000820-2,2020-12-13,11.0,74.78134110787164,0,bad
9000000820-2,2020-12-13,12.0,127.0425776754888,0,bad
9000000820-2,2020-12-13,13.0,88.1632653061224,0,bad
9000000820-2,2020-12-13,14.0,110.76923076923057,0,bad
9000000820-2,2020-12-13,15.0,128.1976744186048,0,bad
9000000820-2,2020-12-14,8.0,255.0976138828635,1,bad
9000000820-2,2020-12-14,9.0,169.5700934579435,1,bad
9000000820-2,2020-12-14,10.0,179.8724309000711,1,bad
9000000820-2,2020-12-14,11.0,148.5714285714285,1,bad
9000000820-2,2020-12-14,12.0,162.17375759742532,1,bad
9000000820-2,2020-12-14,13.0,164.7479442259558,1,bad
9000000820-2,2020-12-14,14.0,176.4065335753174,1,bad
9000000820-2,2020-12-14,15.0,146.9673405909803,1,bad
9000000820-2,2020-12-15,8.0,237.5321336760918,1,bad
9000000820-2,2020-12-15,9.0,167.2168905950096,1,bad
9000000820-2,2020-12-15,10.0,126.29089475758781,1,bad
9000000820-2,2020-12-15,11.0,145.2034883720934,1,bad
9000000820-2,2020-12-15,12.0,178.4810126582279,1,bad
9000000820-2,2020-12-15,13.0,169.33572710951518,1,bad
9000000820-2,2020-12-15,14.0,160.37667511771141,1,bad
9000000820-2,2020-12-15,15.0,175.3505535055347,1,bad
9000000820-2,2020-12-16,8.0,260.8895705521477,1,bad
9000000820-2,2020-12-16,9.0,181.32870169344318,1,bad
9000000820-2,2020-12-16,10.0,179.23728813559327,1,bad
9000000820-2,2020-12-16,11.0,146.991404011461,1,bad
9000000820-2,2020-12-16,12.0,172.340425531915,1,bad
9000000820-2,2020-12-16,13.0,166.2728249194418,1,bad
9000000820-2,2020-12-16,14.0,148.7495469372958,1,bad
9000000820-2,2020-12-16,15.0,176.8786127167626,1,bad
9000000820-2,2020-12-17,8.0,238.1562099871962,1,bad
9000000820-2,2020-12-17,9.0,171.4285714285713,1,bad
9000000820-2,2020-12-17,10.0,181.2123360510461,1,bad
9000000820-2,2020-12-17,11.0,165.7979293109606,1,bad
9000000820-2,2020-12-17,12.0,165.5172413793102,1,bad
9000000820-2,2020-12-17,13.0,179.4232823068701,1,bad
9000000820-2,2020-12-17,14.0,169.1803278688526,1,bad
9000000820-2,2020-12-17,15.0,155.78181818181852,1,bad
9000000820-2,2020-12-18,8.0,251.1627906976747,1,bad
9000000820-2,2020-12-18,9.0,186.2955032119914,1,bad
9000000820-2,2020-12-18,10.0,194.97345132743408,1,bad
9000000820-2,2020-12-18,11.0,165.93947923997192,1,bad
9000000820-2,2020-12-18,12.0,182.6366559485533,1,bad
9000000820-2,2020-12-18,13.0,200.7916516732633,1,bad
9000000820-2,2020-12-18,14.0,184.5818181818184,1,bad
9000000820-2,2020-12-18,15.0,196.7503692762187,1,bad
9000000820-2,2020-12-19,8.0,131.2988462969851,0,bad
9000000820-2,2020-12-19,9.0,133.4759358288764,0,bad
9000000820-2,2020-12-19,10.0,168.6900958466449,0,bad
9000000820-2,2020-12-19,11.0,163.75358166189093,0,bad
9000000820-2,2020-12-19,12.0,180.3290676416827,0,bad
9000000820-2,2020-12-19,13.0,180.8456812432242,0,bad
9000000820-2,2020-12-19,14.0,178.89009793253558,0,bad
9000000820-2,2020-12-19,15.0,158.994614003591,0,bad
9000000820-2,2020-12-20,8.0,35.865504358655,0,bad
9000000820-2,2020-12-20,9.0,61.23936816524908,0,bad
9000000820-2,2020-12-20,10.0,75.13731233980229,0,bad
9000000820-2,2020-12-20,11.0,112.3367198838895,0,bad
9000000820-2,2020-12-20,12.0,149.9999999999996,0,bad
9000000820-2,2020-12-20,13.0,142.00146092038,0,bad
9000000820-2,2020-12-20,14.0,119.1366906474818,0,bad
9000000820-2,2020-12-20,15.0,120.13201320131991,0,bad
9000000820-2,2020-12-21,9.0,192.68929503916428,1,bad
9000000820-2,2020-12-21,10.0,180.5270863836016,1,bad
9000000820-2,2020-12-21,11.0,167.10526315789429,1,bad
9000000820-2,2020-12-21,12.0,177.3722627737225,1,bad
9000000820-2,2020-12-21,13.0,150.7161219243477,1,bad
9000000820-2,2020-12-21,14.0,186.13861386138538,1,bad
9000000820-2,2020-12-21,15.0,175.0556792873058,1,bad
9000000820-2,2020-12-22,9.0,192.94964028776968,1,bad
9000000820-2,2020-12-22,10.0,180.00000000000023,1,bad
9000000820-2,2020-12-22,11.0,195.462997396802,1,bad
9000000820-2,2020-12-22,12.0,172.05399489237527,1,bad
9000000820-2,2020-12-22,13.0,184.8214285714281,1,bad
9000000820-2,2020-12-22,14.0,204.9635036496348,1,bad
9000000820-2,2020-12-22,15.0,187.86084381939278,1,bad
9000000820-2,2020-12-23,8.0,215.2080344332848,1,good
9000000820-2,2020-12-23,9.0,201.72413793103496,1,good
9000000820-2,2020-12-23,10.0,193.0434782608701,1,good
9000000820-2,2020-12-23,11.0,200.954829232464,1,good
9000000820-2,2020-12-23,12.0,220.9090909090909,1,good
9000000820-2,2020-12-23,13.0,197.260273972602,1,good
9000000820-2,2020-12-23,14.0,220.9821428571429,1,good
9000000820-2,2020-12-23,15.0,231.24087591240823,1,good
9000000820-2,2020-12-26,9.0,89.61038961038959,0,bad
9000000820-2,2020-12-26,10.0,85.0184501845019,0,bad
9000000820-2,2020-12-26,11.0,84.72277622656568,0,bad
9000000820-2,2020-12-26,12.0,158.8447653429604,0,bad
9000000820-2,2020-12-26,13.0,204.014167650531,0,bad
9000000820-2,2020-12-26,14.0,185.0533807829178,0,bad
9000000820-2,2020-12-26,15.0,203.77358490566007,0,bad
9000000820-2,2020-12-27,8.0,31.83023872679045,0,bad
9000000820-2,2020-12-27,9.0,72.68862911795955,0,bad
9000000820-2,2020-12-27,10.0,75.00000000000003,0,bad
9000000820-2,2020-12-27,11.0,94.77100613054446,0,bad
9000000820-2,2020-12-27,12.0,159.10887531440932,0,bad
9000000820-2,2020-12-27,13.0,165.82466567607742,0,bad
9000000820-2,2020-12-27,14.0,207.6923076923081,0,bad
9000000820-2,2020-12-27,15.0,252.23771093176714,0,bad
9000000820-2,2020-12-28,8.0,147.3359073359073,1,bad
9000000820-2,2020-12-28,9.0,142.6030719482618,1,bad
9000000820-2,2020-12-28,10.0,145.2170572416436,1,bad
9000000820-2,2020-12-28,11.0,150.16322089227398,1,bad
9000000820-2,2020-12-28,12.0,167.5338951997065,1,bad
9000000820-2,2020-12-28,13.0,124.00146573836584,1,bad
9000000820-2,2020-12-28,14.0,127.9120879120881,1,bad
9000000820-2,2020-12-28,15.0,110.3397341211226,1,bad
9000000820-2,2020-12-29,8.0,180.07089405277682,1,bad
9000000820-2,2020-12-29,9.0,109.61115187087307,1,bad
9000000820-2,2020-12-29,10.0,166.03503754022137,1,bad
9000000820-2,2020-12-29,11.0,176.6233766233769,1,bad
9000000820-2,2020-12-29,12.0,131.6245759517532,1,bad
9000000820-2,2020-12-29,13.0,155.04344540989808,1,bad
9000000820-2,2020-12-29,14.0,122.57077276205041,1,bad
9000000820-2,2020-12-29,15.0,146.4272627336026,1,bad
9000000820-2,2020-12-30,8.0,168.3702989392477,1,bad
9000000820-2,2020-12-30,9.0,164.9248389405874,1,bad
9000000820-2,2020-12-30,10.0,167.6855895196511,1,bad
9000000820-2,2020-12-30,11.0,179.2956243329776,1,bad
9000000820-2,2020-12-30,12.0,154.9098933431411,1,bad
9000000820-2,2020-12-30,13.0,180.33395176252338,1,bad
9000000820-2,2020-12-30,14.0,168.0882352941179,1,bad
9000000820-2,2020-12-30,15.0,177.6795580110504,1,bad
9000000820-2,2020-12-31,8.0,120.3554803216248,1,bad
9000000820-2,2020-12-31,9.0,149.0445859872605,1,bad
9000000820-2,2020-12-31,10.0,137.6697641172273,1,bad
9000000820-2,2020-12-31,11.0,167.25952813067101,1,bad
9000000820-2,2020-12-31,12.0,152.1311475409838,1,bad
9000000820-2,2020-12-31,13.0,127.9651795429818,1,bad
9000000820-2,2020-12-31,14.0,146.8852459016393,1,bad
9000000820-2,2020-12-31,15.0,143.20441988950265,1,bad
9000000820-2,2021-01-01,8.0,16.589861751152032,1,bad
9000000820-2,2021-01-01,9.0,41.29301355578725,1,bad
9000000820-2,2021-01-01,10.0,70.91690544412609,1,bad
9000000820-2,2021-01-01,11.0,110.3896103896105,1,bad
9000000820-2,2021-01-01,12.0,101.44605116796436,1,bad
9000000820-2,2021-01-01,13.0,106.68594145283699,1,bad
9000000820-2,2021-01-01,14.0,123.95209580838392,1,bad
9000000820-2,2021-01-01,15.0,172.43920412675033,1,bad
9000000820-2,2021-01-02,8.0,33.559322033898354,0,bad
9000000820-2,2021-01-02,9.0,50.16077170418009,0,bad
9000000820-2,2021-01-02,10.0,68.6577905721483,0,bad
9000000820-2,2021-01-02,11.0,80.6649801228767,0,bad
9000000820-2,2021-01-02,12.0,86.93743139407239,0,bad
9000000820-2,2021-01-02,13.0,124.2300556586274,0,bad
9000000820-2,2021-01-02,14.0,96.4285714285715,0,bad
9000000820-2,2021-01-02,15.0,88.8556469708301,0,bad
9000000820-2,2021-01-03,8.0,31.82527301092044,0,bad
9000000820-2,2021-01-03,9.0,48.08664259927799,0,bad
9000000820-2,2021-01-03,10.0,83.99562522785257,0,bad
9000000820-2,2021-01-03,11.0,85.12186249545282,0,bad
9000000820-2,2021-01-03,12.0,137.5045471080396,0,bad
9000000820-2,2021-01-03,13.0,166.48168701442813,0,bad
9000000820-2,2021-01-03,14.0,172.30544391669662,0,bad
9000000820-2,2021-01-03,15.0,163.99999999999972,0,bad
9000000820-2,2021-01-04,8.0,212.84559761803422,1,bad
9000000820-2,2021-01-04,9.0,145.5232338496412,1,bad
9000000820-2,2021-01-04,10.0,151.0204081632651,1,bad
9000000820-2,2021-01-04,11.0,126.889534883721,1,bad
9000000820-2,2021-01-04,12.0,145.11834319526648,1,bad
9000000820-2,2021-01-04,13.0,134.801762114537,1,bad
9000000820-2,2021-01-04,14.0,147.9820627802697,1,bad
9000000820-2,2021-01-04,15.0,125.6821829855537,1,bad
9000000820-2,2021-01-05,8.0,219.54350927246762,1,bad
9000000820-2,2021-01-05,9.0,134.4827586206895,1,bad
9000000820-2,2021-01-05,10.0,157.6067128785113,1,bad
9000000820-2,2021-01-05,11.0,163.51351351351371,1,bad
9000000820-2,2021-01-05,12.0,159.3398349587398,1,bad
9000000820-2,2021-01-05,13.0,153.3309064433924,1,bad
9000000820-2,2021-01-05,14.0,164.3773584905656,1,bad
9000000820-2,2021-01-05,15.0,152.70108043217328,1,bad
9000000820-2,2021-01-06,8.0,197.3295853829935,1,bad
9000000820-2,2021-01-06,9.0,147.4884218026362,1,bad
9000000820-2,2021-01-06,10.0,145.4545454545453,1,bad
9000000820-2,2021-01-06,11.0,115.5309033280508,1,bad
9000000820-2,2021-01-06,12.0,138.9195148842332,1,bad
9000000820-2,2021-01-06,13.0,143.8371654730501,1,bad
9000000820-2,2021-01-06,14.0,154.1697971450038,1,bad
9000000820-2,2021-01-06,15.0,155.2416356877329,1,bad
9000000820-2,2021-01-07,8.0,194.59459459459438,1,bad
9000000820-2,2021-01-07,9.0,164.6302250803852,1,bad
9000000820-2,2021-01-07,10.0,157.768924302789,1,bad
9000000820-2,2021-01-07,11.0,167.1333824613122,1,bad
9000000820-2,2021-01-07,12.0,156.1764705882356,1,bad
9000000820-2,2021-01-07,13.0,164.571428571428,1,bad
9000000820-2,2021-01-07,14.0,146.4272627336019,1,bad
9000000820-2,2021-01-07,15.0,155.8845299777941,1,bad
9000000820-2,2021-01-08,9.0,150.6514015001977,1,bad
9000000820-2,2021-01-08,10.0,141.2044374009511,1,bad
9000000820-2,2021-01-08,11.0,164.2935377875136,1,bad
9000000820-2,2021-01-08,12.0,179.9999999999999,1,bad
9000000820-2,2021-01-08,13.0,165.2459016393443,1,bad
9000000820-2,2021-01-08,14.0,148.5082872928179,1,bad
9000000820-2,2021-01-08,15.0,133.6244541484712,1,bad
9000000820-2,2021-01-09,8.0,81.5533980582524,0,bad
9000000820-2,2021-01-09,9.0,118.8427299703263,0,bad
9000000820-2,2021-01-09,10.0,109.8039215686274,0,bad
9000000820-2,2021-01-09,11.0,137.8497790868927,0,bad
9000000820-2,2021-01-09,12.0,202.7982326951404,0,bad
9000000820-2,2021-01-09,13.0,251.31578947368448,0,bad
9000000820-2,2021-01-09,14.0,230.01485884101098,0,bad
9000000820-2,2021-01-09,15.0,207.82122905027936,0,bad
9000000820-2,2021-01-10,8.0,25.120772946859912,0,bad
9000000820-2,2021-01-10,9.0,43.57672784068727,0,bad
9000000820-2,2021-01-10,10.0,78.77461706783376,0,bad
9000000820-2,2021-01-10,11.0,95.08437270726338,0,bad
9000000820-2,2021-01-10,12.0,152.3739418476261,0,bad
9000000820-2,2021-01-10,13.0,152.0757465404228,0,bad
9000000820-2,2021-01-10,14.0,160.72595281306678,0,bad
9000000820-2,2021-01-10,15.0,120.1760821716806,0,bad
9000000820-2,2021-01-10,16.0,159.95914198161438,0,bad
9000000820-2,2021-01-11,8.0,220.35087719298247,1,bad
9000000820-2,2021-01-11,9.0,140.2257007644702,1,bad
9000000820-2,2021-01-11,10.0,151.03976650857328,1,bad
9000000820-2,2021-01-11,11.0,147.2118959107811,1,bad
9000000820-2,2021-01-11,12.0,151.5928231417067,1,bad
9000000820-2,2021-01-11,13.0,173.0253353204178,1,bad
9000000820-2,2021-01-11,14.0,191.89485213581565,1,bad
9000000820-2,2021-01-11,15.0,135.6750823271134,1,bad
9000000820-2,2021-01-11,16.0,155.1724137931038,1,bad
9000000820-2,2021-01-12,8.0,243.055555555555,1,bad
9000000820-2,2021-01-12,9.0,166.3150236449619,1,bad
9000000820-2,2021-01-12,10.0,149.182115594329,1,bad
9000000820-2,2021-01-12,11.0,139.3984962406014,1,bad
9000000820-2,2021-01-12,12.0,158.7852494577011,1,bad
9000000820-2,2021-01-12,13.0,179.72350230414708,1,bad
9000000820-2,2021-01-12,14.0,188.0304678998914,1,bad
9000000820-2,2021-01-12,15.0,152.28658536585368,1,bad
9000000820-2,2021-01-12,16.0,155.66600397614332,1,bad
9000000820-2,2021-01-13,8.0,206.2702702702698,1,bad
9000000820-2,2021-01-13,9.0,162.84112149532712,1,bad
9000000820-2,2021-01-13,10.0,145.61213434452847,1,bad
9000000820-2,2021-01-13,11.0,153.1914893617026,1,bad
9000000820-2,2021-01-13,12.0,175.60975609756088,1,bad
9000000820-2,2021-01-13,13.0,175.35816618911142,1,bad
9000000820-2,2021-01-13,14.0,196.1496549219034,1,bad
9000000820-2,2021-01-13,15.0,156.1735261401558,1,bad
9000000820-2,2021-01-13,16.0,207.1611253196933,1,bad
9000000820-2,2021-01-14,8.0,202.247191011236,1,bad
9000000820-2,2021-01-14,9.0,154.6255506607931,1,bad
9000000820-2,2021-01-14,10.0,186.8889730958704,1,bad
9000000820-2,2021-01-14,11.0,159.5193390912504,1,bad
9000000820-2,2021-01-14,12.0,170.9867452135497,1,bad
9000000820-2,2021-01-14,13.0,191.1504424778764,1,bad
9000000820-2,2021-01-14,14.0,137.5796178343946,1,bad
9000000820-2,2021-01-14,15.0,174.3213499633162,1,bad
9000000820-2,2021-01-14,16.0,122.09476309226919,1,bad
9000000820-2,2021-01-15,8.0,211.8402282453643,1,bad
9000000820-2,2021-01-15,9.0,185.4189336235034,1,bad
9000000820-2,2021-01-15,10.0,171.1758201253227,1,bad
9000000820-2,2021-01-15,11.0,169.96904024767812,1,bad
9000000820-2,2021-01-15,12.0,184.99075785582252,1,bad
9000000820-2,2021-01-15,13.0,225.6484149855906,1,bad
9000000820-2,2021-01-15,14.0,181.04956268221548,1,bad
9000000820-2,2021-01-15,15.0,140.9553641346905,1,bad
9000000820-2,2021-01-15,16.0,194.5511389012955,1,bad
9000000820-2,2021-01-16,8.0,71.4776632302406,0,bad
9000000820-2,2021-01-16,9.0,113.956834532374,0,bad
9000000820-2,2021-01-16,10.0,120.1334816462737,0,bad
9000000820-2,2021-01-16,11.0,119.20529801324551,0,bad
9000000820-2,2021-01-16,12.0,180.6545454545462,0,bad
9000000820-2,2021-01-16,13.0,199.85673352435484,0,bad
9000000820-2,2021-01-16,14.0,253.104925053534,0,bad
9000000820-2,2021-01-16,15.0,263.8458632414056,0,bad
9000000820-2,2021-01-16,16.0,303.8327526132402,0,bad
9000000820-2,2021-01-17,8.0,18.04859236405712,0,bad
9000000820-2,2021-01-17,9.0,52.21174764321968,0,bad
9000000820-2,2021-01-17,10.0,62.18302094818079,0,bad
9000000820-2,2021-01-17,11.0,91.20521172638432,0,bad
9000000820-2,2021-01-17,12.0,137.4669187145559,0,bad
9000000820-2,2021-01-17,13.0,209.53811490799927,0,bad
9000000820-2,2021-01-17,14.0,198.2378854625553,0,bad
9000000820-2,2021-01-17,15.0,202.9634983736902,0,bad
9000000820-2,2021-01-17,16.0,282.2981366459622,0,bad
9000000820-2,2021-01-18,8.0,220.03154574132446,1,bad
9000000820-2,2021-01-18,9.0,177.3913043478261,1,bad
9000000820-2,2021-01-18,10.0,165.0054565296475,1,bad
9000000820-2,2021-01-18,11.0,143.7386569872954,1,bad
9000000820-2,2021-01-18,12.0,162.00663961637733,1,bad
9000000820-2,2021-01-18,13.0,186.89248895434412,1,bad
9000000820-2,2021-01-18,14.0,175.44888237449658,1,bad
9000000820-2,2021-01-18,15.0,145.6488549618318,1,bad
9000000820-2,2021-01-18,16.0,177.95213809336948,1,bad
9000000820-2,2021-01-19,8.0,212.598425196851,1,bad
9000000820-2,2021-01-19,9.0,182.0512820512823,1,bad
9000000820-2,2021-01-19,10.0,167.3202614379086,1,bad
9000000820-2,2021-01-19,11.0,176.63859392164028,1,bad
9000000820-2,2021-01-19,12.0,134.666666666667,1,bad
9000000820-2,2021-01-19,13.0,196.0986382039012,1,bad
9000000820-2,2021-01-19,14.0,134.5413363533404,1,bad
9000000820-2,2021-01-19,15.0,165.4054054054054,1,bad
9000000820-2,2021-01-19,16.0,189.8866608544024,1,bad
9000000820-2,2021-01-20,8.0,182.005141388175,1,bad
9000000820-2,2021-01-20,9.0,189.6113330911734,1,bad
9000000820-2,2021-01-20,10.0,142.2121896162531,1,bad
9000000820-2,2021-01-20,11.0,135.2313167259788,1,bad
9000000820-2,2021-01-20,12.0,150.17064846416412,1,bad
9000000820-2,2021-01-20,13.0,140.7564810879732,1,bad
9000000820-2,2021-01-20,14.0,168.87330118369098,1,bad
9000000820-2,2021-01-20,15.0,141.6221466731421,1,bad
9000000820-2,2021-01-21,9.0,210.0719424460428,1,bad
9000000820-2,2021-01-21,10.0,179.10447761194018,1,bad
9000000820-2,2021-01-21,11.0,157.85440613026861,1,bad
9000000820-2,2021-01-21,12.0,174.9397590361445,1,bad
9000000820-2,2021-01-21,13.0,158.18381545221513,1,bad
9000000820-2,2021-01-21,14.0,185.6353591160221,1,bad
9000000820-2,2021-01-21,15.0,187.32136313668,1,bad
9000000820-2,2021-01-21,16.0,132.9729729729736,1,bad
9000000820-2,2021-01-22,9.0,184.5781186919659,1,bad
9000000820-2,2021-01-22,10.0,118.2677949228473,1,bad
9000000820-2,2021-01-22,11.0,138.5915492957746,1,bad
9000000820-2,2021-01-22,12.0,146.3137996219279,1,bad
9000000820-2,2021-01-22,13.0,132.0673284419506,1,bad
9000000820-2,2021-01-22,14.0,153.81959430297792,1,bad
9000000820-2,2021-01-22,15.0,157.4614065180104,1,bad
9000000820-2,2021-01-23,8.0,67.1519563239309,0,bad
9000000820-2,2021-01-23,9.0,111.9239209948792,0,bad
9000000820-2,2021-01-23,10.0,112.17008797653949,0,bad
9000000820-2,2021-01-23,11.0,109.1317365269462,0,bad
9000000820-2,2021-01-23,12.0,128.86209495101738,0,bad
9000000820-2,2021-01-23,13.0,125.286930766383,0,bad
9000000820-2,2021-01-23,14.0,116.1290322580644,0,bad
9000000820-2,2021-01-23,15.0,114.2201834862383,0,bad
9000000820-2,2021-01-24,8.0,35.38405533309068,0,bad
9000000820-2,2021-01-24,9.0,49.208633093525165,0,bad
9000000820-2,2021-01-24,10.0,94.0834845735027,0,bad
9000000820-2,2021-01-24,11.0,120.74371126503839,0,bad
9000000820-2,2021-01-24,12.0,184.9268841394827,0,bad
9000000820-2,2021-01-24,13.0,190.90909090909128,0,bad
9000000820-2,2021-01-24,14.0,128.1511078823103,0,bad
9000000820-2,2021-01-24,15.0,116.1290322580645,0,bad
9000000820-2,2021-01-25,8.0,235.8381502890177,1,bad
9000000820-2,2021-01-25,9.0,153.9473684210524,1,bad
9000000820-2,2021-01-25,10.0,160.99706744868018,1,bad
9000000820-2,2021-01-25,11.0,167.2837174159428,1,bad
9000000820-2,2021-01-25,12.0,157.0909090909097,1,bad
9000000820-2,2021-01-25,13.0,171.49138878710102,1,bad
9000000820-2,2021-01-25,14.0,144.4319460067495,1,bad
9000000820-2,2021-01-25,15.0,148.05483512412002,1,bad
9000000820-2,2021-01-25,16.0,136.6007905138342,1,bad
9000000820-2,2021-01-26,8.0,238.86925795053088,1,bad
9000000820-2,2021-01-26,9.0,161.56351791530932,1,bad
9000000820-2,2021-01-26,10.0,174.47280799112158,1,bad
9000000820-2,2021-01-26,11.0,181.39021699154108,1,bad
9000000820-2,2021-01-26,12.0,159.01520637219372,1,bad
9000000820-2,2021-01-26,13.0,182.4143070044707,1,bad
9000000820-2,2021-01-26,14.0,213.469985358712,1,bad
9000000820-2,2021-01-26,15.0,179.18552036199063,1,bad
9000000820-2,2021-01-26,16.0,166.3150236449619,1,bad
9000000820-2,2021-01-27,8.0,271.75097276264563,1,bad
9000000820-2,2021-01-27,9.0,163.82098533283252,1,bad
9000000820-2,2021-01-27,10.0,166.80043779642432,1,bad
9000000820-2,2021-01-27,11.0,149.5548961424326,1,bad
9000000820-2,2021-01-27,12.0,125.286930766383,1,bad
9000000820-2,2021-01-27,13.0,117.65589782118711,1,bad
9000000820-2,2021-01-27,14.0,172.20338983050829,1,bad
9000000820-2,2021-01-27,15.0,200.81270779460618,1,bad
9000000820-2,2021-01-27,16.0,184.615384615385,1,bad
9000000820-2,2021-01-28,8.0,263.82671480144325,1,bad
9000000820-2,2021-01-28,9.0,161.0181818181819,1,bad
9000000820-2,2021-01-28,10.0,162.6229508196727,1,bad
9000000820-2,2021-01-28,11.0,180.8644255633543,1,bad
9000000820-2,2021-01-28,12.0,183.86380458919288,1,bad
9000000820-2,2021-01-28,13.0,178.55579868708992,1,bad
9000000820-2,2021-01-28,14.0,189.40298507462683,1,bad
9000000820-2,2021-01-28,15.0,162.6229508196721,1,bad
9000000820-2,2021-01-28,16.0,190.5038057267123,1,bad
9000000820-2,2021-01-29,9.0,172.9944400317709,1,bad
9000000820-2,2021-01-29,10.0,167.3183327185543,1,bad
9000000820-2,2021-01-29,11.0,162.8539904376612,1,bad
9000000820-2,2021-01-29,12.0,136.39344262295072,1,bad
9000000820-2,2021-01-29,13.0,186.2295081967213,1,bad
9000000820-2,2021-01-29,14.0,175.1566531514922,1,bad
9000000820-2,2021-01-29,15.0,194.8453608247424,1,bad
9000000820-2,2021-01-29,16.0,161.67664670658618,1,bad
9000000820-2,2021-01-30,8.0,101.78954903364351,0,bad
9000000820-2,2021-01-30,9.0,124.80343102215849,0,bad
9000000820-2,2021-01-30,10.0,143.7908496732023,0,bad
9000000820-2,2021-01-30,11.0,163.0289532293992,0,bad
9000000820-2,2021-01-30,12.0,170.5333830660201,0,bad
9000000820-2,2021-01-30,13.0,157.2350930497531,0,bad
9000000820-2,2021-01-30,14.0,112.62876764593705,0,bad
9000000820-2,2021-01-30,15.0,223.9234449760769,0,bad
9000000820-2,2021-01-30,16.0,238.5292991191121,0,bad
9000000820-2,2021-01-31,8.0,25.4917387883556,0,bad
9000000820-2,2021-01-31,9.0,64.5801526717558,0,bad
9000000820-2,2021-01-31,10.0,72.02572347266874,0,bad
9000000820-2,2021-01-31,11.0,93.84503982621278,0,bad
9000000820-2,2021-01-31,12.0,82.52148997134668,0,bad
9000000820-2,2021-01-31,13.0,117.7508269018742,0,bad
9000000820-2,2021-01-31,14.0,110.3551401869158,0,bad
9000000820-2,2021-01-31,15.0,131.78687930409512,0,bad
9000000820-2,2021-01-31,16.0,176.4277035236939,0,bad
9000000820-2,2021-02-01,8.0,272.0562390158176,1,bad
9000000820-2,2021-02-01,9.0,204.575645756457,1,bad
9000000820-2,2021-02-01,10.0,199.85390796201628,1,bad
9000000820-2,2021-02-01,11.0,157.1005917159767,1,bad
9000000820-2,2021-02-01,12.0,172.2095671981775,1,bad
9000000820-2,2021-02-01,13.0,158.8422167313796,1,bad
9000000820-2,2021-02-01,14.0,191.9823464509011,1,bad
9000000820-2,2021-02-01,15.0,154.24636572302978,1,bad
9000000820-2,2021-02-01,16.0,177.7112939416607,1,bad
9000000820-2,2021-02-02,8.0,291.02990033222693,1,bad
9000000820-2,2021-02-02,9.0,169.99636759898314,1,bad
9000000820-2,2021-02-02,10.0,187.2680974899962,1,bad
9000000820-2,2021-02-02,11.0,159.015206372194,1,bad
9000000820-2,2021-02-02,12.0,196.2209302325578,1,bad
9000000820-2,2021-02-02,13.0,140.0302114803622,1,bad
9000000820-2,2021-02-02,14.0,186.2068965517243,1,bad
9000000820-2,2021-02-02,15.0,208.8737201365181,1,bad
9000000820-2,2021-02-02,16.0,179.2642140468231,1,bad
9000000820-2,2021-02-03,9.0,218.0860403863042,1,good
9000000820-2,2021-02-03,10.0,160.8108108108113,1,good
9000000820-2,2021-02-03,11.0,172.85198555956728,1,good
9000000820-2,2021-02-03,12.0,178.7234042553189,1,good
9000000820-2,2021-02-03,13.0,187.8146661802261,1,good
9000000820-2,2021-02-03,14.0,157.79005524861918,1,good
9000000820-2,2021-02-03,15.0,174.08386853041162,1,good
9000000820-2,2021-02-03,16.0,175.5,1,good
9000000820-2,2021-02-04,8.0,277.5834658187598,1,good
9000000820-2,2021-02-04,9.0,218.7408491947292,1,good
9000000820-2,2021-02-04,10.0,152.3950984032679,1,good
9000000820-2,2021-02-04,11.0,144.0,1,good
9000000820-2,2021-02-04,12.0,173.4782608695654,1,good
9000000820-2,2021-02-04,13.0,185.3438556933483,1,good
9000000820-2,2021-02-04,14.0,154.9263873159678,1,good
9000000820-2,2021-02-04,15.0,216.3786626596545,1,good
9000000820-2,2021-02-04,16.0,175.2614496934724,1,good
9000000820-2,2021-02-05,9.0,190.7667603372136,1,good
9000000820-2,2021-02-05,10.0,186.5076407007077,1,good
9000000820-2,2021-02-05,11.0,182.82300224047842,1,good
9000000820-2,2021-02-05,12.0,168.4528301886787,1,good
9000000820-2,2021-02-05,13.0,170.6161137440758,1,good
9000000820-2,2021-02-05,14.0,180.6065144140771,1,good
9000000820-2,2021-02-05,15.0,134.8164627363741,1,good
9000000820-2,2021-02-05,16.0,172.1167883211672,1,good
9000000820-2,2021-02-06,8.0,112.14953271028021,0,good
9000000820-2,2021-02-06,9.0,148.4129879605983,0,good
9000000820-2,2021-02-06,10.0,135.1170568561871,0,good
9000000820-2,2021-02-06,11.0,165.3758542141227,0,good
9000000820-2,2021-02-06,12.0,160.00000000000028,0,good
9000000820-2,2021-02-06,13.0,175.34657174971932,0,good
9000000820-2,2021-02-06,14.0,141.3136416634272,0,good
9000000820-2,2021-02-06,15.0,182.1224800304302,0,good
9000000820-2,2021-02-06,16.0,177.7215189873417,0,good
9000000820-2,2021-02-07,7.0,34.46475195822456,0,bad
9000000820-2,2021-02-07,8.0,33.167965981573346,0,bad
9000000820-2,2021-02-07,9.0,76.84946632315054,0,bad
9000000820-2,2021-02-07,10.0,95.22409992652459,0,bad
9000000820-2,2021-02-07,11.0,115.6261277517142,0,bad
9000000820-2,2021-02-07,12.0,142.9602888086639,0,bad
9000000820-2,2021-02-07,13.0,112.087912087912,0,bad
9000000820-2,2021-02-07,14.0,122.45793708851502,0,bad
9000000820-2,2021-02-07,15.0,140.84709260588667,0,bad
9000000820-2,2021-02-07,16.0,128.2619162253246,0,bad
9000000820-2,2021-02-08,8.0,42.466487935656815,1,bad
9000000820-2,2021-02-08,9.0,71.3004484304933,1,bad
9000000820-2,2021-02-08,10.0,100.0,1,bad
9000000820-2,2021-02-08,11.0,115.3667953667954,1,bad
9000000820-2,2021-02-08,12.0,102.0472440944882,1,bad
9000000820-2,2021-02-08,13.0,150.36144578313258,1,bad
9000000820-2,2021-02-08,14.0,114.87774554496468,1,bad
9000000820-2,2021-02-08,15.0,209.82857142857074,1,bad
9000000820-2,2021-02-08,16.0,158.58433734939788,1,bad
9000000820-2,2021-02-09,8.0,316.04736627194865,1,bad
9000000820-2,2021-02-09,9.0,207.61082777559798,1,bad
9000000820-2,2021-02-09,10.0,207.3434125269983,1,bad
9000000820-2,2021-02-09,11.0,162.30598669623052,1,bad
9000000820-2,2021-02-09,12.0,183.55042798660241,1,bad
9000000820-2,2021-02-09,13.0,189.8254734496843,1,bad
9000000820-2,2021-02-09,14.0,169.02033271719048,1,bad
9000000820-2,2021-02-09,15.0,138.8724035608308,1,bad
9000000820-2,2021-02-09,16.0,138.2278481012658,1,bad
9000000820-2,2021-02-10,8.0,303.784254023489,1,bad
9000000820-2,2021-02-10,9.0,195.8271236959762,1,bad
9000000820-2,2021-02-10,10.0,202.247191011236,1,bad
9000000820-2,2021-02-10,11.0,160.6299212598427,1,bad
9000000820-2,2021-02-10,12.0,167.0033670033671,1,bad
9000000820-2,2021-02-10,13.0,167.66743648960679,1,bad
9000000820-2,2021-02-10,14.0,157.6443941109853,1,bad
9000000820-2,2021-02-10,15.0,138.2509505703421,1,bad
9000000820-2,2021-02-10,16.0,127.33118971061089,1,bad
9000000820-2,2021-02-11,8.0,328.4322409211688,1,bad
9000000820-2,2021-02-11,9.0,192.49907166728497,1,bad
9000000820-2,2021-02-11,10.0,179.1976225854379,1,bad
9000000820-2,2021-02-11,11.0,168.8530597288385,1,bad
9000000820-2,2021-02-11,12.0,182.89473684210571,1,bad
9000000820-2,2021-02-11,13.0,174.3016759776538,1,bad
9000000820-2,2021-02-11,14.0,186.7276887871852,1,bad
9000000820-2,2021-02-11,15.0,135.7714285714286,1,bad
9000000820-2,2021-02-11,16.0,162.47668780305818,1,bad
9000000820-2,2021-02-12,8.0,244.8263254113349,1,bad
9000000820-2,2021-02-12,9.0,150.2899110939313,1,bad
9000000820-2,2021-02-12,10.0,151.2721665381654,1,bad
9000000820-2,2021-02-12,11.0,156.3412759415839,1,bad
9000000820-2,2021-02-12,12.0,178.9830508474574,1,bad
9000000820-2,2021-02-12,13.0,154.1284403669722,1,bad
9000000820-2,2021-02-12,14.0,143.3874709976797,1,bad
9000000820-2,2021-02-12,15.0,198.4686064318538,1,bad
9000000820-2,2021-02-12,16.0,164.81271282633338,1,bad
9000000820-2,2021-02-13,7.0,111.15537848605571,0,bad
9000000820-2,2021-02-13,8.0,106.312292358804,0,bad
9000000820-2,2021-02-13,9.0,122.43125904486251,0,bad
9000000820-2,2021-02-13,10.0,141.1490683229808,0,bad
9000000820-2,2021-02-13,11.0,127.8106508875739,0,bad
9000000820-2,2021-02-13,12.0,170.80291970802932,0,bad
9000000820-2,2021-02-13,13.0,161.369193154034,0,bad
9000000820-2,2021-02-13,14.0,142.4510180560885,0,bad
9000000820-2,2021-02-13,15.0,131.8309859154931,0,bad
9000000820-2,2021-02-13,16.0,114.5928069450191,0,bad
9000000820-2,2021-02-14,7.0,25.257249766136603,0,bad
9000000820-2,2021-02-14,8.0,25.79185520361987,0,bad
9000000820-2,2021-02-14,9.0,62.343404568902,0,bad
9000000820-2,2021-02-14,10.0,75.91136526090071,0,bad
9000000820-2,2021-02-14,11.0,137.2661870503598,0,bad
9000000820-2,2021-02-14,12.0,181.7501869857889,0,bad
9000000820-2,2021-02-14,13.0,221.76870748299393,0,bad
9000000820-2,2021-02-14,14.0,216.0000000000005,0,bad
9000000820-2,2021-02-14,15.0,162.11180124223523,0,bad
9000000820-2,2021-02-14,16.0,156.52173913043518,0,bad
9000000820-2,2021-02-15,8.0,267.83369803063533,1,bad
9000000820-2,2021-02-15,9.0,155.2173913043476,1,bad
9000000820-2,2021-02-15,10.0,113.7931034482758,1,bad
9000000820-2,2021-02-15,11.0,152.57581293386903,1,bad
9000000820-2,2021-02-15,12.0,176.4705882352939,1,bad
9000000820-2,2021-02-15,13.0,199.3527508090614,1,bad
9000000820-2,2021-02-15,14.0,181.24771981028752,1,bad
9000000820-2,2021-02-15,15.0,92.9678188319428,1,bad
9000000820-2,2021-02-15,16.0,141.98849630238252,1,bad
9000000820-2,2021-02-16,8.0,293.373952779893,1,bad
9000000820-2,2021-02-16,9.0,181.3409010287331,1,bad
9000000820-2,2021-02-16,10.0,166.4201183431957,1,bad
9000000820-2,2021-02-16,11.0,176.1226725082146,1,bad
9000000820-2,2021-02-16,12.0,180.7363332093718,1,bad
9000000820-2,2021-02-16,13.0,187.4587458745875,1,bad
9000000820-2,2021-02-16,14.0,183.4983498349831,1,bad
9000000820-2,2021-02-16,15.0,109.9767981438514,1,bad
9000000820-2,2021-02-16,16.0,145.87155963302752,1,bad
9000000820-2,2021-02-17,8.0,343.3797909407673,1,bad
9000000820-2,2021-02-17,9.0,202.04081632652998,1,bad
9000000820-2,2021-02-17,10.0,176.5988372093028,1,bad
9000000820-2,2021-02-17,11.0,219.78668628172124,1,bad
9000000820-2,2021-02-17,12.0,151.13464447806373,1,bad
9000000820-2,2021-02-17,13.0,173.7193763919823,1,bad
9000000820-2,2021-02-17,14.0,184.9541284403673,1,bad
9000000820-2,2021-02-17,15.0,114.76280834914601,1,bad
9000000820-2,2021-02-17,16.0,94.5173745173746,1,bad
9000000820-2,2021-02-18,8.0,310.3896103896107,1,good
9000000820-2,2021-02-18,9.0,203.89849209268112,1,good
9000000820-2,2021-02-18,10.0,175.12801755669392,1,good
9000000820-2,2021-02-18,11.0,145.71110285926488,1,good
9000000820-2,2021-02-18,12.0,181.1490799849798,1,good
9000000820-2,2021-02-18,13.0,198.4579799537394,1,good
9000000820-2,2021-02-19,8.0,296.9740634005755,1,bad
9000000820-2,2021-02-19,9.0,249.9261447562784,1,bad
9000000820-2,2021-02-19,10.0,195.4931658662727,1,bad
9000000820-2,2021-02-19,11.0,195.7100591715985,1,bad
9000000820-2,2021-02-19,12.0,193.1242916509258,1,bad
9000000820-2,2021-02-19,13.0,205.4855448480358,1,bad
9000000820-2,2021-02-19,14.0,203.26894502228808,1,bad
9000000820-2,2021-02-19,15.0,130.6397306397306,1,bad
9000000820-2,2021-02-19,16.0,198.1529368304397,1,bad
9000000820-2,2021-02-20,7.0,111.94539249146749,0,good
9000000820-2,2021-02-20,8.0,136.7897727272731,0,good
9000000820-2,2021-02-20,9.0,160.34482758620712,0,good
9000000820-2,2021-02-20,10.0,145.71110285926449,0,good
9000000820-2,2021-02-20,11.0,201.0355029585802,0,good
9000000820-2,2021-02-20,12.0,185.6771799628942,0,good
9000000820-2,2021-02-20,13.0,116.63374160410909,0,good
9000000820-2,2021-02-20,15.0,110.6690777576853,0,good
9000000820-2,2021-02-20,16.0,171.0467706013363,0,good
9000000820-2,2021-02-20,17.0,194.16130628401837,0,good
9000000820-2,2021-02-21,7.0,36.206896551724164,0,good
9000000820-2,2021-02-21,8.0,49.751948972360026,0,good
9000000820-2,2021-02-21,9.0,111.0780669144983,0,good
9000000820-2,2021-02-21,10.0,107.03801279638722,0,good
9000000820-2,2021-02-21,11.0,135.4694485842027,0,good
9000000820-2,2021-02-21,12.0,101.7027863777092,0,good
9000000820-2,2021-02-21,13.0,137.4902572096653,0,good
9000000820-2,2021-02-21,14.0,140.2783300198809,0,good
9000000820-2,2021-02-21,15.0,87.7697841726619,0,good
9000000820-2,2021-02-21,16.0,151.38888888888866,0,good
9000000820-2,2021-02-21,17.0,241.26649076517197,0,good
9000000820-2,2021-02-22,7.0,412.30769230769386,1,good
9000000820-2,2021-02-22,8.0,251.98637911464272,1,good
9000000820-2,2021-02-22,9.0,212.72111403838915,1,good
9000000820-2,2021-02-22,10.0,143.5812214374744,1,good
9000000820-2,2021-02-22,11.0,161.19402985074612,1,good
9000000820-2,2021-02-22,12.0,156.58783783783798,1,good
9000000820-2,2021-02-22,13.0,155.9293523969719,1,good
9000000820-2,2021-02-22,14.0,180.2128498226257,1,good
9000000820-2,2021-02-22,15.0,159.64198535394598,1,good
9000000820-2,2021-02-22,16.0,178.6204114562324,1,good
9000000820-2,2021-02-22,17.0,217.84615384615321,1,good
9000000820-2,2021-02-23,7.0,473.88535031847016,1,good
9000000820-2,2021-02-23,8.0,262.21743810549003,1,good
9000000820-2,2021-02-23,9.0,214.40798858773167,1,good
9000000820-2,2021-02-23,10.0,177.2386728505171,1,good
9000000820-2,2021-02-23,11.0,163.28293736501047,1,good
9000000820-2,2021-02-23,12.0,186.47482014388459,1,good
9000000820-2,2021-02-23,13.0,192.56110520722612,1,good
9000000820-2,2021-02-23,14.0,174.63169241825318,1,good
9000000820-2,2021-02-23,15.0,150.778354336546,1,good
9000000820-2,2021-02-23,16.0,151.4650638617581,1,good
9000000820-2,2021-02-23,17.0,209.5053346265758,1,good
9000000820-2,2021-02-24,7.0,430.2375809935205,1,good
9000000820-2,2021-02-24,8.0,289.92416034669543,1,good
9000000820-2,2021-02-24,9.0,222.0088626292464,1,good
9000000820-2,2021-02-24,10.0,212.7690623859895,1,good
9000000820-2,2021-02-24,11.0,180.3893294881035,1,good
9000000820-2,2021-02-24,12.0,217.51085383502195,1,good
9000000820-2,2021-02-24,13.0,185.1720468251149,1,good
9000000820-2,2021-02-24,14.0,182.05128205128182,1,good
9000000820-2,2021-02-24,15.0,145.8394160583935,1,good
9000000820-2,2021-02-24,16.0,173.27586206896518,1,good
9000000820-2,2021-02-24,17.0,202.5097360450022,1,good
9000000820-2,2021-02-25,7.0,396.0128159487357,1,good
9000000820-2,2021-02-25,8.0,270.813743218806,1,good
9000000820-2,2021-02-25,9.0,237.39130434782638,1,good
9000000820-2,2021-02-25,10.0,209.3959731543626,1,good
9000000820-2,2021-02-25,11.0,175.5784976860086,1,good
9000000820-2,2021-02-25,12.0,184.41273326015337,1,good
9000000820-2,2021-02-25,13.0,193.7277263007838,1,good
9000000820-2,2021-02-25,14.0,188.9288281811651,1,good
9000000820-2,2021-02-25,15.0,152.8803545051696,1,good
9000000820-2,2021-02-25,16.0,146.6915887850463,1,good
9000000820-2,2021-02-25,17.0,235.3682552185905,1,good
9000000820-2,2021-02-26,7.0,381.9890368050135,1,good
9000000820-2,2021-02-26,8.0,222.894168466523,1,good
9000000820-2,2021-02-26,9.0,165.874730021598,1,good
9000000820-2,2021-02-26,10.0,184.12017167381973,1,good
9000000820-2,2021-02-26,11.0,222.4285714285716,1,good
9000000820-2,2021-02-26,12.0,196.0072595281306,1,good
9000000820-2,2021-02-26,13.0,187.5673733381241,1,good
9000000820-2,2021-02-26,14.0,184.4476744186045,1,good
9000000820-2,2021-02-26,15.0,168.2365826944138,1,good
9000000820-2,2021-02-26,16.0,127.18894009216609,1,good
9000000820-2,2021-02-26,17.0,232.3442136498517,1,good
9000000820-2,2021-02-27,7.0,119.9999999999999,0,good
9000000820-2,2021-02-27,8.0,141.63934426229488,0,good
9000000820-2,2021-02-27,9.0,168.5219314412096,0,good
9000000820-2,2021-02-27,10.0,138.5137683892874,0,good
9000000820-2,2021-02-27,11.0,155.88990825688091,0,good
9000000820-2,2021-02-27,12.0,170.7881957415016,0,good
9000000820-2,2021-02-27,13.0,150.0573613766733,0,good
9000000820-2,2021-02-27,14.0,165.79841449603592,0,good
9000000820-2,2021-02-27,15.0,133.91373169766462,0,good
9000000820-2,2021-02-27,16.0,78.94736842105257,0,good
9000000820-2,2021-02-27,17.0,207.7216801018236,0,good
9000000820-2,2021-02-28,7.0,27.02489134729361,0,bad
9000000820-2,2021-02-28,8.0,47.5205137352836,0,bad
9000000820-2,2021-02-28,9.0,74.05268856008661,0,bad
9000000820-2,2021-02-28,10.0,121.5477996965098,0,bad
9000000820-2,2021-02-28,11.0,120.34883720930206,0,bad
9000000820-2,2021-02-28,12.0,187.22139673105556,0,bad
9000000820-2,2021-02-28,13.0,160.53511705685634,0,bad
9000000820-2,2021-02-28,14.0,188.50909090909138,0,bad
9000000820-2,2021-02-28,15.0,194.5945945945947,0,bad
9000000820-2,2021-02-28,16.0,115.89537223340052,0,bad
9000000820-2,2021-02-28,17.0,262.7280625543017,0,bad
9000000820-2,2021-03-01,8.0,223.773173391494,1,good
9000000820-2,2021-03-01,9.0,153.30396475770928,1,good
9000000820-2,2021-03-01,10.0,175.4209960587607,1,good
9000000820-2,2021-03-01,11.0,218.06451612903248,1,good
9000000820-2,2021-03-01,12.0,187.2371818517144,1,good
9000000820-2,2021-03-01,13.0,179.8696596669081,1,good
9000000820-2,2021-03-01,14.0,211.4517916512743,1,good
9000000820-2,2021-03-01,15.0,118.3938814531549,1,good
9000000820-2,2021-03-01,16.0,97.41518578352179,1,good
9000000820-2,2021-03-01,17.0,214.90440889582618,1,good
9000000820-2,2021-03-02,8.0,294.380403458213,1,good
9000000820-2,2021-03-02,9.0,182.4411134903645,1,good
9000000820-2,2021-03-02,10.0,209.7335701598573,1,good
9000000820-2,2021-03-02,11.0,184.2468239564427,1,good
9000000820-2,2021-03-02,12.0,212.37785016286648,1,good
9000000820-2,2021-03-02,13.0,218.99679829242191,1,good
9000000820-2,2021-03-02,14.0,166.6307857911726,1,good
9000000820-2,2021-03-02,15.0,92.5519848771266,1,good
9000000820-2,2021-03-02,16.0,86.6641192204814,1,good
9000000820-2,2021-03-02,17.0,258.75,1,good
9000000820-2,2021-03-03,8.0,224.75640562973678,1,good
9000000820-2,2021-03-03,9.0,178.08721143275972,1,good
9000000820-2,2021-03-03,10.0,184.714747039827,1,good
9000000820-2,2021-03-03,11.0,151.4438502673791,1,good
9000000820-2,2021-03-03,12.0,205.0798258345424,1,good
9000000820-2,2021-03-03,13.0,201.6624503071922,1,good
9000000820-2,2021-03-03,14.0,192.25806451612888,1,good
9000000820-2,2021-03-03,15.0,97.8185993111366,1,good
9000000820-2,2021-03-03,16.0,169.8754246885614,1,good
9000000820-2,2021-03-03,17.0,237.86191536748387,1,good
9000000820-2,2021-03-04,8.0,382.97872340425613,1,good
9000000820-2,2021-03-04,9.0,231.95876288659872,1,good
9000000820-2,2021-03-04,10.0,192.3974407226197,1,good
9000000820-2,2021-03-04,11.0,205.63594821020558,1,good
9000000820-2,2021-03-04,12.0,215.3846153846148,1,good
9000000820-2,2021-03-04,13.0,226.7716535433064,1,good
9000000820-2,2021-03-04,14.0,222.3079891933612,1,good
9000000820-2,2021-03-04,15.0,197.6199616122849,1,good
9000000820-2,2021-03-04,16.0,165.7077100115073,1,good
9000000820-2,2021-03-04,17.0,243.78194207836478,1,good
9000000820-2,2021-03-05,8.0,328.94066254095316,1,bad
9000000820-2,2021-03-05,9.0,230.8883155178772,1,bad
9000000820-2,2021-03-05,10.0,158.54214123006813,1,bad
9000000820-2,2021-03-05,11.0,209.1573682185458,1,bad
9000000820-2,2021-03-05,12.0,189.7610921501701,1,bad
9000000820-2,2021-03-05,13.0,178.2046545991873,1,bad
9000000820-2,2021-03-05,14.0,170.7881957415015,1,bad
9000000820-2,2021-03-05,15.0,126.28624883068302,1,bad
9000000820-2,2021-03-06,7.0,90.41980624327229,0,bad
9000000820-2,2021-03-06,8.0,117.8610403783192,0,bad
9000000820-2,2021-03-06,9.0,136.43527204502806,0,bad
9000000820-2,2021-03-06,10.0,149.2444788841534,0,bad
9000000820-2,2021-03-06,11.0,171.7583686033085,0,bad
9000000820-2,2021-03-06,12.0,198.5242718446605,0,bad
9000000820-2,2021-03-06,13.0,186.9043006586587,0,bad
9000000820-2,2021-03-06,14.0,186.0643185298624,0,bad
9000000820-2,2021-03-06,15.0,140.41493775933571,0,bad
9000000820-2,2021-03-06,16.0,133.1166192604636,0,bad
9000000820-2,2021-03-06,17.0,225.78397212543558,0,bad
9000000820-2,2021-03-07,7.0,34.92633848365071,0,bad
9000000820-2,2021-03-07,8.0,40.449438202247194,0,bad
9000000820-2,2021-03-07,9.0,85.1756007393715,0,bad
9000000820-2,2021-03-07,10.0,117.0943259848211,0,bad
9000000820-2,2021-03-07,11.0,108.28072781284777,0,bad
9000000820-2,2021-03-07,12.0,216.4222873900288,0,bad
9000000820-2,2021-03-07,13.0,147.87350054525626,0,bad
9000000820-2,2021-03-07,14.0,194.06657018813274,0,bad
9000000820-2,2021-03-07,15.0,171.11028592647597,0,bad
9000000820-2,2021-03-07,16.0,145.83645911477902,0,bad
9000000820-2,2021-03-07,17.0,251.4806378132109,0,bad
9000000820-2,2021-03-08,8.0,336.1244905520561,1,good
9000000820-2,2021-03-08,9.0,153.1050056454647,1,good
9000000820-2,2021-03-08,10.0,180.83961248654472,1,good
9000000820-2,2021-03-08,11.0,191.44807761408498,1,good
9000000820-2,2021-03-08,12.0,221.6393442622961,1,good
9000000820-2,2021-03-08,13.0,225.85034013605465,1,good
9000000820-2,2021-03-08,14.0,224.9182709771154,1,good
9000000820-2,2021-03-08,15.0,151.0974201001153,1,good
9000000820-2,2021-03-08,16.0,91.960931630353,1,good
9000000820-2,2021-03-08,17.0,197.4281391830557,1,good
9000000820-2,2021-03-09,8.0,336.37374860956595,1,bad
9000000820-2,2021-03-09,9.0,187.0297384450024,1,bad
9000000820-2,2021-03-09,10.0,178.05054151624552,1,bad
9000000820-2,2021-03-09,11.0,155.6686046511628,1,bad
9000000820-2,2021-03-09,12.0,205.36912751677943,1,bad
9000000820-2,2021-03-09,13.0,230.5286671630673,1,bad
9000000820-2,2021-03-09,14.0,212.7816771333577,1,bad
9000000820-2,2021-03-09,15.0,107.257448433919,1,bad
9000000820-2,2021-03-09,16.0,128.6671630677588,1,bad
9000000820-2,2021-03-09,17.0,219.82661138333958,1,bad
9000000820-2,2021-03-10,8.0,332.601769911506,1,bad
9000000820-2,2021-03-10,9.0,212.9649309245481,1,bad
9000000820-2,2021-03-10,10.0,208.86486486486473,1,bad
9000000820-2,2021-03-10,11.0,201.17647058823465,1,bad
9000000820-2,2021-03-10,12.0,227.2829763246901,1,bad
9000000820-2,2021-03-10,13.0,242.45973645680922,1,bad
9000000820-2,2021-03-10,14.0,174.6920492721165,1,bad
9000000820-2,2021-03-10,15.0,101.19368502117831,1,bad
9000000820-2,2021-03-10,16.0,114.43530291697832,1,bad
9000000820-2,2021-03-10,17.0,222.3728813559329,1,bad
9000000820-2,2021-03-11,8.0,333.4317343173433,1,bad
9000000820-2,2021-03-11,9.0,193.7751739289641,1,bad
9000000820-2,2021-03-11,10.0,182.71423317396122,1,bad
9000000820-2,2021-03-11,11.0,195.3488372093021,1,bad
9000000820-2,2021-03-11,12.0,213.1398013750955,1,bad
9000000820-2,2021-03-11,13.0,209.39597315436245,1,bad
9000000820-2,2021-03-11,14.0,198.3282674772032,1,bad
9000000820-2,2021-03-11,15.0,180.40388930441281,1,bad
9000000820-2,2021-03-11,16.0,148.2993197278909,1,bad
9000000820-2,2021-03-11,17.0,206.2755798090042,1,bad
9000000820-2,2021-03-12,8.0,346.10342316096205,1,bad
9000000820-2,2021-03-12,9.0,208.07706557984412,1,bad
9000000820-2,2021-03-12,10.0,201.83217295712691,1,bad
9000000820-2,2021-03-12,11.0,150.565184626978,1,bad
9000000820-2,2021-03-12,12.0,209.695074276778,1,bad
9000000820-2,2021-03-12,13.0,164.0787949015065,1,bad
9000000820-2,2021-03-12,14.0,157.4743248383415,1,bad
9000000820-2,2021-03-12,15.0,79.49526813880121,1,bad
9000000820-2,2021-03-12,16.0,141.5807560137456,1,bad
9000000820-2,2021-03-12,17.0,173.6123748862604,1,bad
9000000820-2,2021-03-13,6.0,101.1345218800648,0,bad
9000000820-2,2021-03-13,7.0,103.43377715487051,0,bad
9000000820-2,2021-03-13,8.0,146.5714285714293,0,bad
9000000820-2,2021-03-13,9.0,212.29449606862062,0,bad
9000000820-2,2021-03-13,10.0,174.347332576617,0,bad
9000000820-2,2021-03-13,11.0,186.1400359066435,0,bad
9000000820-2,2021-03-13,12.0,158.1125226860253,0,bad
9000000820-2,2021-03-13,13.0,106.32911392405072,0,bad
9000000820-2,2021-03-13,14.0,159.18367346938768,0,bad
9000000820-2,2021-03-13,15.0,176.5869744435283,0,bad
9000000820-2,2021-03-13,16.0,183.6014123185565,0,bad
9000000820-2,2021-03-13,17.0,232.04419889502782,0,bad
9000000820-2,2021-03-14,7.0,42.10526315789476,0,bad
9000000820-2,2021-03-14,8.0,49.47994056463603,0,bad
9000000820-2,2021-03-14,9.0,99.33774834437091,0,bad
9000000820-2,2021-03-14,10.0,107.71001150747989,0,bad
9000000820-2,2021-03-14,11.0,105.6751467710373,0,bad
9000000820-2,2021-03-14,12.0,127.29281767955798,0,bad
9000000820-2,2021-03-14,13.0,100.1127395715896,0,bad
9000000820-2,2021-03-14,14.0,96.72897196261681,0,bad
9000000820-2,2021-03-14,15.0,118.3777858969672,0,bad
9000000820-2,2021-03-14,16.0,131.9022945965951,0,bad
9000000820-2,2021-03-14,17.0,122.1897810218979,0,bad
9000000820-2,2021-03-15,8.0,372.7409638554206,1,good
9000000820-2,2021-03-15,9.0,185.17397881996968,1,good
9000000820-2,2021-03-15,10.0,152.3734177215188,1,good
9000000820-2,2021-03-15,11.0,195.4875717017203,1,good
9000000820-2,2021-03-15,12.0,198.6754966887411,1,good
9000000820-2,2021-03-15,13.0,213.7829912023459,1,good
9000000820-2,2021-03-15,14.0,183.6206896551722,1,good
9000000820-2,2021-03-15,15.0,116.89215307305759,1,good
9000000820-2,2021-03-15,16.0,131.06119287374122,1,good
9000000820-2,2021-03-15,17.0,164.77889837083052,1,good
9000000820-2,2021-03-16,8.0,324.558240173098,1,good
9000000820-2,2021-03-16,9.0,130.74101247248709,1,good
9000000820-2,2021-03-16,10.0,161.8122977346277,1,good
9000000820-2,2021-03-16,11.0,165.1656754460493,1,good
9000000820-2,2021-03-16,12.0,151.8850987432675,1,good
9000000820-2,2021-03-16,13.0,147.17906786590362,1,good
9000000820-2,2021-03-16,14.0,129.2381332269648,1,good
9000000820-2,2021-03-16,15.0,69.4087403598972,1,good
9000000820-2,2021-03-16,16.0,65.6634746922025,1,good
9000000820-2,2021-03-16,17.0,184.006595218467,1,good
9000000820-2,2021-03-17,8.0,301.35746606334897,1,bad
9000000820-2,2021-03-17,9.0,195.9371406669219,1,bad
9000000820-2,2021-03-17,10.0,187.33980582524322,1,bad
9000000820-2,2021-03-17,11.0,154.304882594111,1,bad
9000000820-2,2021-03-17,12.0,140.9769882922886,1,bad
9000000820-2,2021-03-17,13.0,145.69190600522177,1,bad
9000000820-2,2021-03-17,14.0,131.1912225705327,1,bad
9000000820-2,2021-03-17,15.0,140.0233372228706,1,bad
9000000820-2,2021-03-17,16.0,154.73186119873748,1,bad
9000000820-2,2021-03-17,17.0,198.95561357702383,1,bad
9000000820-2,2021-03-18,8.0,295.553021664766,1,bad
9000000820-2,2021-03-18,9.0,206.1322497229406,1,bad
9000000820-2,2021-03-18,10.0,176.4960346070652,1,bad
9000000820-2,2021-03-18,11.0,143.94618834080782,1,bad
9000000820-2,2021-03-18,12.0,164.6869983948634,1,bad
9000000820-2,2021-03-18,13.0,173.9342265529839,1,bad
9000000820-2,2021-03-18,14.0,177.51776013372307,1,bad
9000000820-2,2021-03-18,15.0,158.64406779660987,1,bad
9000000820-2,2021-03-18,16.0,136.134453781512,1,bad
9000000820-2,2021-03-18,17.0,206.766325727773,1,bad
9000000820-2,2021-03-19,8.0,332.188841201716,1,bad
9000000820-2,2021-03-19,9.0,175.5765595463139,1,bad
9000000820-2,2021-03-19,10.0,207.6383476227596,1,bad
9000000820-2,2021-03-19,11.0,201.64512338425286,1,bad
9000000820-2,2021-03-19,12.0,170.33420953811472,1,bad
9000000820-2,2021-03-19,13.0,202.8169014084506,1,bad
9000000820-2,2021-03-19,14.0,205.15806988352728,1,bad
9000000820-2,2021-03-19,15.0,99.80198019801979,1,bad
9000000820-2,2021-03-19,16.0,213.17542561065892,1,bad
9000000820-2,2021-03-19,17.0,201.4825796886579,1,bad
9000000820-2,2021-03-20,6.0,112.3699421965319,0,bad
9000000820-2,2021-03-20,7.0,108.54271356783919,0,bad
9000000820-2,2021-03-20,8.0,124.00290065264689,0,bad
9000000820-2,2021-03-20,9.0,157.31564572766308,0,bad
9000000820-2,2021-03-20,10.0,168.476226132535,0,bad
9000000820-2,2021-03-20,11.0,194.8453608247425,0,bad
9000000820-2,2021-03-20,12.0,158.8652482269501,0,bad
9000000820-2,2021-03-20,13.0,194.8832035595104,0,bad
9000000820-2,2021-03-20,14.0,141.8060200668902,0,bad
9000000820-2,2021-03-20,15.0,154.4827586206893,0,bad
9000000820-2,2021-03-20,16.0,168.21141325162807,0,bad
9000000820-2,2021-03-20,17.0,169.49152542372894,0,bad
9000000820-2,2021-03-21,6.0,33.5664335664336,0,bad
9000000820-2,2021-03-21,7.0,42.687747035573196,0,bad
9000000820-2,2021-03-21,8.0,51.11030214779759,0,bad
9000000820-2,2021-03-21,9.0,91.0532276330692,0,bad
9000000820-2,2021-03-21,10.0,125.8646616541351,0,bad
9000000820-2,2021-03-21,11.0,160.02939015429828,0,bad
9000000820-2,2021-03-21,12.0,163.2036267472604,0,bad
9000000820-2,2021-03-21,13.0,183.6459114778693,0,bad
9000000820-2,2021-03-21,14.0,181.5360744763385,0,bad
9000000820-2,2021-03-21,15.0,186.0643185298627,0,bad
9000000820-2,2021-03-21,16.0,261.11111111111023,0,bad
9000000820-2,2021-03-21,17.0,219.7634490652427,0,bad
9000000820-2,2021-03-22,8.0,233.051869722557,1,good
9000000820-2,2021-03-22,9.0,143.0099312452253,1,good
9000000820-2,2021-03-22,10.0,176.303317535545,1,good
9000000820-2,2021-03-22,11.0,144.8692152917506,1,good
9000000820-2,2021-03-22,12.0,183.7164004674715,1,good
9000000820-2,2021-03-22,13.0,204.90011307953282,1,good
9000000820-2,2021-03-22,14.0,165.417170495768,1,good
9000000820-2,2021-03-22,15.0,113.4087237479807,1,good
9000000820-2,2021-03-22,16.0,158.6490939044486,1,good
9000000820-2,2021-03-22,17.0,185.1428571428577,1,good
9000000820-2,2021-03-23,8.0,316.35150166852,1,good
9000000820-2,2021-03-23,9.0,174.2793791574278,1,good
9000000820-2,2021-03-23,10.0,165.2007648183559,1,good
9000000820-2,2021-03-23,11.0,110.1424979044426,1,good
9000000820-2,2021-03-23,12.0,223.6686390532551,1,good
9000000820-2,2021-03-23,13.0,170.8722109533466,1,good
9000000820-2,2021-03-23,14.0,135.9355112431061,1,good
9000000820-2,2021-03-23,15.0,120.4104903078677,1,good
9000000820-2,2021-03-23,16.0,139.31034482758602,1,good
9000000820-2,2021-03-23,17.0,162.82100421617457,1,good
9000000820-2,2021-03-24,8.0,281.80815876516,1,good
9000000820-2,2021-03-24,9.0,180.7255404910226,1,good
9000000820-2,2021-03-24,10.0,170.7458363504702,1,good
9000000820-2,2021-03-24,11.0,203.3749082905355,1,good
9000000820-2,2021-03-24,12.0,207.1661237785015,1,good
9000000820-2,2021-03-24,13.0,217.57508342602867,1,good
9000000820-2,2021-03-24,14.0,188.2704519985058,1,good
9000000820-2,2021-03-24,15.0,146.3855421686747,1,good
9000000820-2,2021-03-24,16.0,181.18466898954702,1,good
9000000820-2,2021-03-24,17.0,182.315112540193,1,good
9000000820-2,2021-03-25,8.0,348.847262247838,1,good
9000000820-2,2021-03-25,9.0,187.25274725274733,1,good
9000000820-2,2021-03-25,10.0,223.85454545454567,1,good
9000000820-2,2021-03-25,11.0,201.2504597278411,1,good
9000000820-2,2021-03-25,12.0,254.11764705882314,1,good
9000000820-2,2021-03-25,13.0,255.1597502754312,1,good
9000000820-2,2021-03-25,14.0,186.2993298585256,1,good
9000000820-2,2021-03-25,15.0,188.21796759941063,1,good
9000000820-2,2021-03-25,16.0,199.84790874524663,1,good
9000000820-2,2021-03-25,17.0,226.97745510126072,1,good
9000000820-2,2021-03-26,8.0,332.04520597885596,1,good
9000000820-2,2021-03-26,9.0,162.3059866962303,1,good
9000000820-2,2021-03-26,10.0,216.0000000000008,1,good
9000000820-2,2021-03-26,11.0,190.9392265193374,1,good
9000000820-2,2021-03-26,12.0,227.88144895718966,1,good
9000000820-2,2021-03-26,13.0,235.44026306174678,1,good
9000000820-2,2021-03-26,14.0,191.9268849961914,1,good
9000000820-2,2021-03-26,15.0,99.09613804437141,1,good
9000000820-2,2021-03-26,16.0,171.0774272839,1,good
9000000820-2,2021-03-26,17.0,229.06520031421798,1,good
9000000820-2,2021-03-27,6.0,122.8623853211015,0,bad
9000000820-2,2021-03-27,7.0,113.89975115535009,0,bad
9000000820-2,2021-03-27,8.0,178.8654060066737,0,bad
9000000820-2,2021-03-27,9.0,190.03717472118998,0,bad
9000000820-2,2021-03-27,10.0,197.66829635201188,0,bad
9000000820-2,2021-03-27,11.0,182.1428571428573,0,bad
9000000820-2,2021-03-27,12.0,180.1385681293307,0,bad
9000000820-2,2021-03-27,13.0,208.55736463460758,0,bad
9000000820-2,2021-03-27,14.0,169.26605504587118,0,bad
9000000820-2,2021-03-27,15.0,145.5377574370712,0,bad
9000000820-2,2021-03-27,16.0,141.5887850467285,0,bad
9000000820-2,2021-03-27,17.0,215.0761828388139,0,bad
9000000820-2,2021-03-28,8.0,40.873362445414884,0,bad
9000000820-2,2021-03-28,9.0,54.10557184750729,0,bad
9000000820-2,2021-03-28,10.0,93.77123442808605,0,bad
9000000820-2,2021-03-28,11.0,110.41272245361624,0,bad
9000000820-2,2021-03-28,12.0,132.99195318215112,0,bad
9000000820-2,2021-03-28,13.0,119.95557201036642,0,bad
9000000820-2,2021-03-28,14.0,127.9187817258879,0,bad
9000000820-2,2021-03-28,15.0,158.3617747440274,0,bad
9000000820-2,2021-03-28,16.0,169.47407134976103,0,bad
9000000820-2,2021-03-28,17.0,215.81116523042388,0,bad
9000000820-2,2021-03-28,18.0,173.74771480804463,0,bad
9000000820-2,2021-03-29,8.0,363.7168141592917,1,good
9000000820-2,2021-03-29,9.0,204.9537892791126,1,good
9000000820-2,2021-03-29,10.0,190.3083700440525,1,good
9000000820-2,2021-03-29,11.0,167.77456647398782,1,good
9000000820-2,2021-03-29,12.0,203.7735849056608,1,good
9000000820-2,2021-03-29,13.0,204.3026706231453,1,good
9000000820-2,2021-03-29,14.0,264.5113886847908,1,good
9000000820-2,2021-03-29,15.0,156.2874251497007,1,good
9000000820-2,2021-03-29,16.0,172.43144424131674,1,good
9000000820-2,2021-03-29,17.0,173.71937639198288,1,good
9000000820-2,2021-03-29,18.0,204.10294666169298,1,good
9000000820-2,2021-03-30,8.0,351.7241379310353,1,good
9000000820-2,2021-03-30,9.0,205.8631921824096,1,good
9000000820-2,2021-03-30,10.0,158.2417582417578,1,good
9000000820-2,2021-03-30,11.0,200.42553191489412,1,good
9000000820-2,2021-03-30,12.0,216.83691440648113,1,good
9000000820-2,2021-03-30,13.0,245.27472527472432,1,good
9000000820-2,2021-03-30,14.0,213.71681415929197,1,good
9000000820-2,2021-03-30,15.0,122.8486646884273,1,good
9000000820-2,2021-03-30,16.0,154.2857142857144,1,good
9000000820-2,2021-03-30,17.0,205.793742757822,1,good
9000000820-2,2021-03-30,18.0,136.1702127659569,1,good
9000000820-2,2021-03-31,8.0,386.7237687366169,1,good
9000000820-2,2021-03-31,9.0,229.512893982808,1,good
9000000820-2,2021-03-31,10.0,154.8247199132634,1,good
9000000820-2,2021-03-31,11.0,200.84745762711879,1,good
9000000820-2,2021-03-31,12.0,235.2346570397109,1,good
9000000820-2,2021-03-31,13.0,265.59532505478387,1,good
9000000820-2,2021-03-31,14.0,188.0597014925379,1,good
9000000820-2,2021-03-31,15.0,179.79412886008407,1,good
9000000820-2,2021-03-31,16.0,130.9842972041365,1,good
9000000820-2,2021-03-31,17.0,184.78581979320498,1,good
9000000820-2,2021-03-31,18.0,196.644557159579,1,good
9000000820-2,2021-03-31,19.0,203.8461538461542,1,good
9000000820-2,2021-04-01,7.0,331.850789096126,1,good
9000000820-2,2021-04-01,8.0,239.3100970176064,1,good
9000000820-2,2021-04-01,9.0,198.85222381635572,1,good
9000000820-2,2021-04-01,10.0,122.9651162790698,1,good
9000000820-2,2021-04-01,11.0,178.0363636363636,1,good
9000000820-2,2021-04-01,12.0,230.17902813299258,1,good
9000000820-2,2021-04-01,13.0,200.7288629737602,1,good
9000000820-2,2021-04-01,14.0,192.2651933701665,1,good
9000000820-2,2021-04-01,15.0,164.0714014432211,1,good
9000000820-2,2021-04-01,16.0,188.3880825057299,1,good
9000000820-2,2021-04-01,17.0,181.65745856353578,1,good
9000000820-2,2021-04-01,18.0,157.735556417216,1,good
9000000820-2,2021-04-02,7.0,347.8827361563516,1,good
9000000820-2,2021-04-02,8.0,315.24324324324266,1,good
9000000820-2,2021-04-02,9.0,179.4759825327512,1,good
9000000820-2,2021-04-02,10.0,195.6084852995904,1,good
9000000820-2,2021-04-02,11.0,172.0090293453722,1,good
9000000820-2,2021-04-02,12.0,198.77300613496888,1,good
9000000820-2,2021-04-02,13.0,175.0759878419454,1,good
9000000820-2,2021-04-02,14.0,157.12098009188432,1,good
9000000820-2,2021-04-02,15.0,174.23887587822,1,good
9000000820-2,2021-04-02,16.0,185.9728506787331,1,good
9000000820-2,2021-04-02,17.0,221.14500626828237,1,good
9000000820-2,2021-04-02,18.0,171.29805862200234,1,good
9000000820-2,2021-04-03,7.0,55.752212389380496,0,bad
9000000820-2,2021-04-03,8.0,98.1695928277923,0,bad
9000000820-2,2021-04-03,9.0,129.9638989169676,0,bad
9000000820-2,2021-04-03,10.0,134.64566929133838,0,bad
9000000820-2,2021-04-03,11.0,146.1853978671048,0,bad
9000000820-2,2021-04-03,12.0,132.1752862218713,0,bad
9000000820-2,2021-04-03,13.0,129.9202685690307,0,bad
9000000820-2,2021-04-03,14.0,104.32525951557089,0,bad
9000000820-2,2021-04-03,15.0,118.71657754010751,0,bad
9000000820-2,2021-04-03,16.0,142.9007633587789,0,bad
9000000820-2,2021-04-03,17.0,123.49421619465508,0,bad
9000000820-2,2021-04-03,18.0,152.1555367709211,0,bad
9000000820-2,2021-04-03,19.0,156.5217391304347,0,bad
9000000820-2,2021-04-04,7.0,32.4558240173098,0,good
9000000820-2,2021-04-04,8.0,59.104477611940304,0,good
9000000820-2,2021-04-04,9.0,104.9676025917926,0,good
9000000820-2,2021-04-04,10.0,120.32270457164796,0,good
9000000820-2,2021-04-04,11.0,117.05103969754286,0,good
9000000820-2,2021-04-04,12.0,115.10791366906469,0,good
9000000820-2,2021-04-04,13.0,141.8998817500989,0,good
9000000820-2,2021-04-04,14.0,155.2715654952079,0,good
9000000820-2,2021-04-04,15.0,152.2745411013571,0,good
9000000820-2,2021-04-04,16.0,181.3060179257358,0,good
9000000820-2,2021-04-04,17.0,204.1312272174968,0,good
9000000820-2,2021-04-04,18.0,181.3060179257362,0,good
9000000820-2,2021-04-04,19.0,148.43601895734577,0,good
9000000820-2,2021-04-05,7.0,27.76025236593063,1,bad
9000000820-2,2021-04-05,8.0,52.6315789473685,1,bad
9000000820-2,2021-04-05,9.0,91.1062906724511,1,bad
9000000820-2,2021-04-05,10.0,48.07121661721067,1,bad
9000000820-2,2021-04-05,11.0,141.4337788578372,1,bad
9000000820-2,2021-04-05,12.0,206.36042402826854,1,bad
9000000820-2,2021-04-05,13.0,231.66206079747357,1,bad
9000000820-2,2021-04-05,14.0,242.40480961923762,1,bad
9000000820-2,2021-04-05,15.0,244.48962993086633,1,bad
9000000820-2,2021-04-05,16.0,239.16083916083883,1,bad
9000000820-2,2021-04-05,17.0,252.92096219931176,1,bad
9000000820-2,2021-04-05,18.0,228.03598200899435,1,bad
9000000820-2,2021-04-06,7.0,278.7816210634997,1,bad
9000000820-2,2021-04-06,8.0,181.81818181818142,1,bad
9000000820-2,2021-04-06,9.0,135.3075170842823,1,bad
9000000820-2,2021-04-06,10.0,128.70275791624135,1,bad
9000000820-2,2021-04-06,11.0,115.08491508491561,1,bad
9000000820-2,2021-04-06,12.0,130.4845478824874,1,bad
9000000820-2,2021-04-06,13.0,147.20127034537478,1,bad
9000000820-2,2021-04-06,14.0,173.0210016155087,1,bad
9000000820-2,2021-04-06,15.0,167.6335877862596,1,bad
9000000820-2,2021-04-06,16.0,128.76712328767178,1,bad
9000000820-2,2021-04-06,17.0,127.16883116883135,1,bad
9000000820-2,2021-04-06,18.0,96.91085613415719,1,bad
9000000820-2,2021-04-06,19.0,104.3478260869564,1,bad
9000000820-2,2021-04-07,7.0,284.3459614009999,1,bad
9000000820-2,2021-04-07,8.0,231.01604278074888,1,bad
9000000820-2,2021-04-07,9.0,172.9032258064517,1,bad
9000000820-2,2021-04-07,10.0,165.1493598862023,1,bad
9000000820-2,2021-04-07,11.0,191.05779716466813,1,bad
9000000820-2,2021-04-07,12.0,192.8571428571433,1,bad
9000000820-2,2021-04-07,13.0,179.3454545454544,1,bad
9000000820-2,2021-04-07,14.0,145.333333333333,1,bad
9000000820-2,2021-04-07,15.0,176.47058823529412,1,bad
9000000820-2,2021-04-07,16.0,150.5084745762708,1,bad
9000000820-2,2021-04-07,17.0,151.23780945236342,1,bad
9000000820-2,2021-04-07,18.0,142.12341893445742,1,bad
9000000820-2,2021-04-07,19.0,126.20224719101067,1,bad
9000000820-2,2021-04-08,6.0,420.6825232678383,1,bad
9000000820-2,2021-04-08,7.0,341.39037433155045,1,bad
9000000820-2,2021-04-08,8.0,212.06349206349222,1,bad
9000000820-2,2021-04-08,9.0,200.86393088552938,1,bad
9000000820-2,2021-04-08,10.0,138.6627906976745,1,bad
9000000820-2,2021-04-08,11.0,175.12068325287768,1,bad
9000000820-2,2021-04-08,12.0,197.6261127596442,1,bad
9000000820-2,2021-04-08,13.0,176.7616191904047,1,bad
9000000820-2,2021-04-08,14.0,202.0408163265313,1,bad
9000000820-2,2021-04-08,15.0,190.6369915579433,1,bad
9000000820-2,2021-04-08,16.0,176.8227168073683,1,bad
9000000820-2,2021-04-08,17.0,216.27906976744163,1,bad
9000000820-2,2021-04-08,18.0,107.22154222766211,1,bad
9000000820-2,2021-04-08,19.0,148.99866488651574,1,bad
9000000820-2,2021-04-09,7.0,318.10344827586306,1,good
9000000820-2,2021-04-09,8.0,263.63313188766404,1,good
9000000820-2,2021-04-09,9.0,177.98628653915569,1,good
9000000820-2,2021-04-09,10.0,126.31578947368419,1,good
9000000820-2,2021-04-09,11.0,172.11678832116752,1,good
9000000820-2,2021-04-09,12.0,145.8593054318788,1,good
9000000820-2,2021-04-09,13.0,173.4353894642052,1,good
9000000820-2,2021-04-09,14.0,171.8791064388963,1,good
9000000820-2,2021-04-09,15.0,154.6191247974074,1,good
9000000820-2,2021-04-09,16.0,148.1354479211318,1,good
9000000820-2,2021-04-09,17.0,177.07203718048072,1,good
9000000820-2,2021-04-09,18.0,169.4444444444438,1,good
9000000820-2,2021-04-09,19.0,141.0764872521242,1,good
9000000820-2,2021-04-10,7.0,91.82389937106922,0,good
9000000820-2,2021-04-10,8.0,149.0896108532663,0,good
9000000820-2,2021-04-10,9.0,160.20595807282112,0,good
9000000820-2,2021-04-10,10.0,160.7142857142856,0,good
9000000820-2,2021-04-10,11.0,170.7674508291557,0,good
9000000820-2,2021-04-10,12.0,202.77777777777732,0,good
9000000820-2,2021-04-10,13.0,163.8256845352873,0,good
9000000820-2,2021-04-10,14.0,169.44673823286558,0,good
9000000820-2,2021-04-10,15.0,171.017964071857,0,good
9000000820-2,2021-04-10,16.0,187.1602993304447,0,good
9000000820-2,2021-04-10,17.0,221.8885815883043,0,good
9000000820-2,2021-04-10,18.0,188.54337152209428,0,good
9000000820-2,2021-04-10,19.0,167.8484701311315,0,good
9000000820-2,2021-04-11,7.0,27.23833543505675,0,bad
9000000820-2,2021-04-11,8.0,54.91308974813759,0,bad
9000000820-2,2021-04-11,9.0,84.7058823529411,0,bad
9000000820-2,2021-04-11,10.0,101.7895490336435,0,bad
9000000820-2,2021-04-11,11.0,99.36590824319279,0,bad
9000000820-2,2021-04-11,12.0,130.4160688665711,0,bad
9000000820-2,2021-04-11,13.0,96.6702470461869,0,bad
9000000820-2,2021-04-11,14.0,117.5035868005736,0,bad
9000000820-2,2021-04-11,15.0,136.56069364161863,0,bad
9000000820-2,2021-04-11,16.0,148.0548351241197,0,bad
9000000820-2,2021-04-11,17.0,152.35955056179807,0,bad
9000000820-2,2021-04-11,18.0,142.53061224489807,0,bad
9000000820-2,2021-04-12,8.0,353.277187843282,1,bad
9000000820-2,2021-04-12,9.0,225.5003706449219,1,bad
9000000820-2,2021-04-12,10.0,175.86584032081691,1,bad
9000000820-2,2021-04-12,11.0,209.9890630696319,1,bad
9000000820-2,2021-04-12,12.0,244.7515875980574,1,bad
9000000820-2,2021-04-12,13.0,200.363768643143,1,bad
9000000820-2,2021-04-12,14.0,196.8440366972473,1,bad
9000000820-2,2021-04-12,15.0,148.83720930232562,1,bad
9000000820-2,2021-04-12,16.0,185.6353591160223,1,bad
9000000820-2,2021-04-12,17.0,217.7794171892291,1,bad
9000000820-2,2021-04-12,18.0,158.5152838427952,1,bad
9000000820-2,2021-04-13,8.0,326.68112798264707,1,bad
9000000820-2,2021-04-13,9.0,219.08534389629102,1,bad
9000000820-2,2021-04-13,10.0,206.23640319071822,1,bad
9000000820-2,2021-04-13,11.0,186.76207513416892,1,bad
9000000820-2,2021-04-13,12.0,176.28865979381428,1,bad
9000000820-2,2021-04-13,13.0,227.9823269513989,1,bad
9000000820-2,2021-04-13,14.0,189.4029850746268,1,bad
9000000820-2,2021-04-13,15.0,176.4970059880246,1,bad
9000000820-2,2021-04-13,16.0,133.3333333333335,1,bad
9000000820-2,2021-04-13,17.0,172.06870799103882,1,bad
9000000820-2,2021-04-13,18.0,156.28742514970062,1,bad
9000000820-2,2021-04-14,8.0,338.08463251670423,1,good
9000000820-2,2021-04-14,9.0,155.639097744361,1,good
9000000820-2,2021-04-14,10.0,161.6648411829129,1,good
9000000820-2,2021-04-14,11.0,172.4884080370947,1,good
9000000820-2,2021-04-14,12.0,178.84615384615338,1,good
9000000820-2,2021-04-14,13.0,202.1569356638158,1,good
9000000820-2,2021-04-14,14.0,178.70405456612428,1,good
9000000820-2,2021-04-14,15.0,156.2157935887414,1,good
9000000820-2,2021-04-14,16.0,161.428571428571,1,good
9000000820-2,2021-04-14,17.0,171.4960629921257,1,good
9000000820-2,2021-04-14,18.0,126.3650546021839,1,good
9000000820-2,2021-04-15,8.0,345.652173913043,1,good
9000000820-2,2021-04-15,9.0,183.9999999999994,1,good
9000000820-2,2021-04-15,10.0,185.2134146341468,1,good
9000000820-2,2021-04-15,11.0,190.9407665505223,1,good
9000000820-2,2021-04-15,12.0,222.7272727272718,1,good
9000000820-2,2021-04-15,13.0,185.97285067873258,1,good
9000000820-2,2021-04-15,14.0,176.2849048968024,1,good
9000000820-2,2021-04-15,15.0,130.99121706399,1,good
9000000820-2,2021-04-15,16.0,192.4485981308414,1,good
9000000820-2,2021-04-15,17.0,203.567362428843,1,good
9000000820-2,2021-04-15,18.0,168.7717938783411,1,good
9000000820-2,2021-04-15,19.0,162.3730190979278,1,good
9000000820-2,2021-04-16,8.0,388.039867109636,1,good
9000000820-2,2021-04-16,9.0,222.7624309392266,1,good
9000000820-2,2021-04-16,10.0,187.48643761301997,1,good
9000000820-2,2021-04-16,11.0,200.8181480104128,1,good
9000000820-2,2021-04-16,12.0,233.6939721792891,1,good
9000000820-2,2021-04-16,13.0,167.6674364896073,1,good
9000000820-2,2021-04-16,14.0,198.8492520138093,1,good
9000000820-2,2021-04-16,15.0,124.43047918303199,1,good
9000000820-2,2021-04-16,16.0,183.3137485311398,1,good
9000000820-2,2021-04-16,17.0,191.9268849961922,1,good
9000000820-2,2021-04-16,18.0,205.0019238168521,1,good
9000000820-2,2021-04-16,19.0,180.06669136717275,1,good
9000000820-2,2021-04-17,6.0,103.5730858468678,0,good
9000000820-2,2021-04-17,7.0,119.62224554039871,0,good
9000000820-2,2021-04-17,8.0,143.0207587687901,0,good
9000000820-2,2021-04-17,9.0,183.5948644793156,0,good
9000000820-2,2021-04-17,10.0,176.3919821826286,0,good
9000000820-2,2021-04-17,11.0,112.4566139606633,0,good
9000000820-2,2021-04-17,12.0,152.80373831775663,0,good
9000000820-2,2021-04-17,13.0,162.2134387351775,0,good
9000000820-2,2021-04-17,14.0,149.20763917106848,0,good
9000000820-2,2021-04-17,15.0,146.90849134377538,0,good
9000000820-2,2021-04-17,16.0,141.827326068735,0,good
9000000820-2,2021-04-17,18.0,206.07476635513902,0,good
9000000820-2,2021-04-17,19.0,164.9195212546432,0,good
9000000820-2,2021-04-18,7.0,33.1415420023015,0,bad
9000000820-2,2021-04-18,8.0,45.048265999284936,0,bad
9000000820-2,2021-04-18,9.0,87.86791098348897,0,bad
9000000820-2,2021-04-18,10.0,119.41856131196415,0,bad
9000000820-2,2021-04-18,11.0,188.35666912306502,0,bad
9000000820-2,2021-04-18,12.0,150.5601194921589,0,bad
9000000820-2,2021-04-18,13.0,136.23853211009114,0,bad
9000000820-2,2021-04-18,14.0,146.96629213483143,0,bad
9000000820-2,2021-04-18,15.0,146.6616371180686,0,bad
9000000820-2,2021-04-18,16.0,188.7323943661968,0,bad
9000000820-2,2021-04-18,17.0,200.9942638623327,0,bad
9000000820-2,2021-04-18,18.0,182.77547950357288,0,bad
9000000820-2,2021-04-18,19.0,139.6966993755574,0,bad
9000000820-2,2021-04-19,8.0,416.407982261641,1,bad
9000000820-2,2021-04-19,9.0,252.33027522935691,1,bad
9000000820-2,2021-04-19,10.0,224.5161290322577,1,bad
9000000820-2,2021-04-19,11.0,151.359188111635,1,bad
9000000820-2,2021-04-19,12.0,209.00632675846663,1,bad
9000000820-2,2021-04-19,13.0,162.5189681335362,1,bad
9000000820-2,2021-04-19,14.0,178.891170431211,1,bad
9000000820-2,2021-04-19,15.0,122.1967963386727,1,bad
9000000820-2,2021-04-19,16.0,164.9823736780253,1,bad
9000000820-2,2021-04-19,17.0,156.262918561389,1,bad
9000000820-2,2021-04-19,18.0,129.6551724137932,1,bad
9000000820-2,2021-04-20,8.0,327.0339292229099,1,bad
9000000820-2,2021-04-20,9.0,218.974751338944,1,bad
9000000820-2,2021-04-20,10.0,140.6896551724139,1,bad
9000000820-2,2021-04-20,11.0,156.167483968314,1,bad
9000000820-2,2021-04-20,12.0,223.503325942351,1,bad
9000000820-2,2021-04-20,13.0,181.5602836879431,1,bad
9000000820-2,2021-04-20,14.0,170.9331131296449,1,bad
9000000820-2,2021-04-20,15.0,139.4011976047904,1,bad
9000000820-2,2021-04-20,16.0,172.7574750830561,1,bad
9000000820-2,2021-04-20,17.0,195.590551181102,1,bad
9000000820-2,2021-04-20,18.0,158.1620314389361,1,bad
9000000820-2,2021-04-20,19.0,139.4509213990226,1,bad
9000000820-2,2021-04-21,8.0,349.514563106795,1,bad
9000000820-2,2021-04-21,9.0,243.7162405473536,1,bad
9000000820-2,2021-04-21,10.0,172.2921914357678,1,bad
9000000820-2,2021-04-21,11.0,177.79533781114168,1,bad
9000000820-2,2021-04-21,12.0,167.8286434271312,1,bad
9000000820-2,2021-04-21,13.0,198.8372093023259,1,bad
9000000820-2,2021-04-21,14.0,224.5226983453536,1,bad
9000000820-2,2021-04-21,15.0,149.2507492507492,1,bad
9000000820-2,2021-04-21,16.0,112.2597180692012,1,bad
9000000820-2,2021-04-21,17.0,149.8751040799333,1,bad
9000000820-2,2021-04-21,18.0,172.78797996661112,1,bad
9000000820-2,2021-04-21,19.0,185.5248200075792,1,bad
9000000820-2,2021-04-22,8.0,385.288709084222,1,good
9000000820-2,2021-04-22,9.0,193.0820054411195,1,good
9000000820-2,2021-04-22,10.0,139.22651933701673,1,good
9000000820-2,2021-04-22,11.0,166.5735939369768,1,good
9000000820-2,2021-04-22,12.0,219.8903680501177,1,good
9000000820-2,2021-04-22,13.0,224.29467084639532,1,good
9000000820-2,2021-04-22,14.0,198.9949748743712,1,good
9000000820-2,2021-04-22,15.0,196.039603960396,1,good
9000000820-2,2021-04-22,16.0,184.5797995373946,1,good
9000000820-2,2021-04-22,17.0,146.8531468531466,1,good
9000000820-2,2021-04-22,18.0,167.6470588235294,1,good
9000000820-2,2021-04-22,19.0,179.5823665893272,1,good
9000000820-2,2021-04-23,8.0,342.532221379833,1,good
9000000820-2,2021-04-23,9.0,250.0938790837405,1,good
9000000820-2,2021-04-23,10.0,202.1244309559944,1,good
9000000820-2,2021-04-23,11.0,199.3355481727581,1,good
9000000820-2,2021-04-23,12.0,204.8229088168797,1,good
9000000820-2,2021-04-23,13.0,252.53312548714032,1,good
9000000820-2,2021-04-23,14.0,171.9449225473325,1,good
9000000820-2,2021-04-23,15.0,111.664482306684,1,good
9000000820-2,2021-04-23,16.0,148.217317487266,1,good
9000000820-2,2021-04-23,17.0,196.41465315666412,1,good
9000000820-2,2021-04-23,18.0,182.9066561638442,1,good
9000000820-2,2021-04-23,19.0,214.51787648970745,1,good
9000000820-2,2021-04-24,6.0,131.5468940316686,0,good
9000000820-2,2021-04-24,7.0,116.78420310296181,0,good
9000000820-2,2021-04-24,8.0,145.98025387870229,0,good
9000000820-2,2021-04-24,9.0,211.0663246610478,0,good
9000000820-2,2021-04-24,10.0,149.1675915649277,0,good
9000000820-2,2021-04-24,11.0,184.4427823485419,0,good
9000000820-2,2021-04-24,12.0,224.58225027849954,0,good
9000000820-2,2021-04-24,13.0,171.9324026451135,0,good
9000000820-2,2021-04-24,14.0,163.75838926174478,0,good
9000000820-2,2021-04-24,15.0,208.5043988269784,0,good
9000000820-2,2021-04-24,16.0,176.76804690362718,0,good
9000000820-2,2021-04-24,17.0,232.9020332717198,0,good
9000000820-2,2021-04-24,18.0,184.2463014794081,0,good
9000000820-2,2021-04-24,19.0,217.77941718922872,0,good
9000000820-2,2021-04-25,6.0,38.315594632114795,0,good
9000000820-2,2021-04-25,7.0,52.9032258064516,0,good
9000000820-2,2021-04-25,8.0,59.471365638766514,0,good
9000000820-2,2021-04-25,9.0,108.3700440528635,0,good
9000000820-2,2021-04-25,10.0,106.4622124863088,0,good
9000000820-2,2021-04-25,11.0,148.9377562430113,0,good
9000000820-2,2021-04-25,12.0,140.50073637702465,0,good
9000000820-2,2021-04-25,13.0,178.3240223463693,0,good
9000000820-2,2021-04-25,14.0,154.14929897688504,0,good
9000000820-2,2021-04-25,15.0,205.63268544228572,0,good
9000000820-2,2021-04-25,16.0,238.66613735609332,0,good
9000000820-2,2021-04-25,17.0,188.62713241267252,0,good
9000000820-2,2021-04-25,18.0,171.84822521419804,0,good
9000000820-2,2021-04-25,19.0,172.7891156462589,0,good
9000000820-2,2021-04-26,6.0,369.2774128347651,1,bad
9000000820-2,2021-04-26,7.0,308.0144404332125,1,bad
9000000820-2,2021-04-26,8.0,258.6167367214374,1,bad
9000000820-2,2021-04-26,9.0,207.48502994012037,1,bad
9000000820-2,2021-04-26,10.0,228.593155893536,1,bad
9000000820-2,2021-04-26,11.0,233.5356600910471,1,bad
9000000820-2,2021-04-26,12.0,203.74862183020943,1,bad
9000000820-2,2021-04-26,13.0,239.81934512608188,1,bad
9000000820-2,2021-04-26,14.0,217.1386539168812,1,bad
9000000820-2,2021-04-26,15.0,185.99775365031832,1,bad
9000000820-2,2021-04-26,16.0,182.60869565217422,1,bad
9000000820-2,2021-04-26,17.0,196.8230513483562,1,bad
9000000820-2,2021-04-26,18.0,167.7782241864195,1,bad
9000000820-2,2021-04-26,19.0,126.91829116549168,1,bad
9000000820-2,2021-04-27,7.0,69.82408660351832,1,bad
9000000820-2,2021-04-27,8.0,63.604240282685566,1,bad
9000000820-2,2021-04-27,9.0,85.222381635581,1,bad
9000000820-2,2021-04-27,10.0,113.54838709677439,1,bad
9000000820-2,2021-04-27,11.0,124.81040086673872,1,bad
9000000820-2,2021-04-27,12.0,114.3682310469315,1,bad
9000000820-2,2021-04-27,13.0,144.9927431059503,1,bad
9000000820-2,2021-04-27,14.0,164.3712574850301,1,bad
9000000820-2,2021-04-27,15.0,159.825327510917,1,bad
9000000820-2,2021-04-27,16.0,171.42857142857133,1,bad
9000000820-2,2021-04-27,17.0,176.08695652173884,1,bad
9000000820-2,2021-04-27,18.0,148.63636363636354,1,bad
9000000820-2,2021-04-27,19.0,91.90887666928509,1,bad
9000000820-2,2021-04-28,7.0,388.7384176764089,1,good
9000000820-2,2021-04-28,8.0,322.5396825396822,1,good
9000000820-2,2021-04-28,9.0,254.4034090909093,1,good
9000000820-2,2021-04-28,10.0,229.17424518006513,1,good
9000000820-2,2021-04-28,11.0,205.16129032258021,1,good
9000000820-2,2021-04-28,12.0,206.04337006754372,1,good
9000000820-2,2021-04-28,13.0,206.3188831741369,1,good
9000000820-2,2021-04-28,14.0,209.255831173639,1,good
9000000820-2,2021-04-28,15.0,185.7461024498887,1,good
9000000820-2,2021-04-28,16.0,213.2733408323962,1,good
9000000820-2,2021-04-28,17.0,239.8233345601763,1,good
9000000820-2,2021-04-28,18.0,207.8947368421058,1,good
9000000820-2,2021-04-28,19.0,128.77358490566021,1,good
9000000820-2,2021-04-29,7.0,350.22026431718,1,good
9000000820-2,2021-04-29,8.0,267.2605790645882,1,good
9000000820-2,2021-04-29,9.0,191.62426614481421,1,good
9000000820-2,2021-04-29,10.0,197.6418570375829,1,good
9000000820-2,2021-04-29,11.0,151.4209928003031,1,good
9000000820-2,2021-04-29,12.0,154.8387096774194,1,good
9000000820-2,2021-04-29,13.0,218.92767182439755,1,good
9000000820-2,2021-04-29,14.0,150.49944506104328,1,good
9000000820-2,2021-04-29,15.0,194.09681227863047,1,good
9000000820-2,2021-04-29,16.0,165.7094594594593,1,good
9000000820-2,2021-04-29,17.0,157.6003242805031,1,good
9000000820-2,2021-04-29,18.0,141.9114912606915,1,good
9000000820-2,2021-04-29,19.0,103.33591931730035,1,good
9000000820-2,2021-04-30,6.0,378.94736842105226,1,bad
9000000820-2,2021-04-30,7.0,267.668043559895,1,bad
9000000820-2,2021-04-30,8.0,241.4718282866997,1,bad
9000000820-2,2021-04-30,9.0,202.5335320417286,1,bad
9000000820-2,2021-04-30,10.0,204.59164471208123,1,bad
9000000820-2,2021-04-30,11.0,198.07976366321992,1,bad
9000000820-2,2021-04-30,12.0,175.3067484662572,1,bad
9000000820-2,2021-04-30,13.0,182.0447050201544,1,bad
9000000820-2,2021-04-30,14.0,150.06129955047012,1,bad
9000000820-2,2021-04-30,15.0,173.2101616628177,1,bad
9000000820-2,2021-04-30,16.0,182.9325058184643,1,bad
9000000820-2,2021-04-30,17.0,161.06048053024028,1,bad
9000000820-2,2021-04-30,18.0,154.6270987895349,1,bad
9000000820-2,2021-04-30,19.0,141.9168173598556,1,bad
9000000820-2,2021-05-01,6.0,34.92633848365075,0,good
9000000820-2,2021-05-01,7.0,33.3704115684094,0,good
9000000820-2,2021-05-01,8.0,83.32730560578659,0,good
9000000820-2,2021-05-01,9.0,87.1736662883087,0,good
9000000820-2,2021-05-01,10.0,115.87982832617969,0,good
9000000820-2,2021-05-01,11.0,151.57894736842078,0,good
9000000820-2,2021-05-01,12.0,151.35135135135118,0,good
9000000820-2,2021-05-01,13.0,158.43195266272238,0,good
9000000820-2,2021-05-01,14.0,174.5208568207446,0,good
9000000820-2,2021-05-01,15.0,147.6082004555807,0,good
9000000820-2,2021-05-01,16.0,181.62650602409582,0,good
9000000820-2,2021-05-01,17.0,223.0210325047797,0,good
9000000820-2,2021-05-01,18.0,193.21654863958202,0,good
9000000820-2,2021-05-01,19.0,185.0767583006072,0,good
9000000820-2,2021-05-02,6.0,32.211333617383865,0,bad
9000000820-2,2021-05-02,7.0,41.8604651162791,0,bad
9000000820-2,2021-05-02,8.0,51.07480653482369,0,bad
9000000820-2,2021-05-02,9.0,68.89952153110052,0,bad
9000000820-2,2021-05-02,10.0,112.76297335203358,0,bad
9000000820-2,2021-05-02,11.0,109.1388400702986,0,bad
9000000820-2,2021-05-02,12.0,147.0612755314718,0,bad
9000000820-2,2021-05-02,13.0,135.652173913044,0,bad
9000000820-2,2021-05-02,14.0,134.74369406021106,0,bad
9000000820-2,2021-05-02,15.0,113.31348362398991,0,bad
9000000820-2,2021-05-02,16.0,188.3633319380489,0,bad
9000000820-2,2021-05-02,17.0,191.5677445763402,0,bad
9000000820-2,2021-05-02,18.0,159.5375722543352,0,bad
9000000820-2,2021-05-02,19.0,140.8553230209276,0,bad
9000000820-2,2021-05-03,8.0,393.68807339449404,1,good
9000000820-2,2021-05-03,9.0,148.243294295429,1,good
9000000820-2,2021-05-03,10.0,204.0433212996386,1,good
9000000820-2,2021-05-03,11.0,181.9113877700475,1,good
9000000820-2,2021-05-03,12.0,186.62445587653352,1,good
9000000820-2,2021-05-03,13.0,140.5672009864365,1,good
9000000820-2,2021-05-03,14.0,173.3981440565623,1,good
9000000820-2,2021-05-03,15.0,217.42574257425758,1,good
9000000820-2,2021-05-03,16.0,177.2410589874597,1,good
9000000820-2,2021-05-03,17.0,194.9344978165947,1,good
9000000820-2,2021-05-03,18.0,120.63751532488749,1,good
9000000820-2,2021-05-03,19.0,154.4165757906215,1,good
9000000820-2,2021-05-04,8.0,279.2759512375324,1,good
9000000820-2,2021-05-04,9.0,229.950319375443,1,good
9000000820-2,2021-05-04,10.0,165.41244573082508,1,good
9000000820-2,2021-05-04,11.0,186.1823924200557,1,good
9000000820-2,2021-05-04,12.0,227.09906708129668,1,good
9000000820-2,2021-05-04,13.0,217.1994597028368,1,good
9000000820-2,2021-05-04,14.0,169.4300518134715,1,good
9000000820-2,2021-05-04,15.0,150.39999999999998,1,good
9000000820-2,2021-05-04,16.0,205.5415617128459,1,good
9000000820-2,2021-05-04,17.0,223.035343035343,1,good
9000000820-2,2021-05-04,18.0,195.96136962247562,1,good
9000000820-2,2021-05-04,19.0,197.5609756097568,1,good
9000000820-2,2021-05-05,8.0,362.27255848496,1,bad
9000000820-2,2021-05-05,9.0,227.2050176401413,1,bad
9000000820-2,2021-05-05,10.0,126.44942869233981,1,bad
9000000820-2,2021-05-05,11.0,127.2806634657355,1,bad
9000000820-2,2021-05-05,12.0,152.82275711159738,1,bad
9000000820-2,2021-05-05,13.0,183.97383483237948,1,bad
9000000820-2,2021-05-05,14.0,219.84732824427408,1,bad
9000000820-2,2021-05-05,15.0,159.6380090497733,1,bad
9000000820-2,2021-05-05,16.0,192.9674099485414,1,bad
9000000820-2,2021-05-05,17.0,229.6983758700703,1,bad
9000000820-2,2021-05-05,18.0,144.4576877234807,1,bad
9000000820-2,2021-05-06,8.0,388.5350318471339,1,bad
9000000820-2,2021-05-06,9.0,239.8243045387993,1,bad
9000000820-2,2021-05-06,10.0,222.8510788822077,1,bad
9000000820-2,2021-05-06,11.0,184.8473967684023,1,bad
9000000820-2,2021-05-06,12.0,188.0986937590707,1,bad
9000000820-2,2021-05-06,13.0,199.369085173502,1,bad
9000000820-2,2021-05-06,14.0,201.94174757281553,1,bad
9000000820-2,2021-05-06,15.0,148.3847010768657,1,bad
9000000820-2,2021-05-06,16.0,185.90925857617108,1,bad
9000000820-2,2021-05-06,17.0,186.9797225186763,1,bad
9000000820-2,2021-05-06,18.0,162.5223934073812,1,bad
9000000820-2,2021-05-06,19.0,145.5319148936172,1,bad
9000000820-2,2021-05-07,8.0,353.09446254071656,1,bad
9000000820-2,2021-05-07,9.0,213.96731054977758,1,bad
9000000820-2,2021-05-07,10.0,211.612903225806,1,bad
9000000820-2,2021-05-07,11.0,146.7723669309168,1,bad
9000000820-2,2021-05-07,12.0,172.8212703101918,1,bad
9000000820-2,2021-05-07,13.0,166.59436008676778,1,bad
9000000820-2,2021-05-07,14.0,181.6065192083812,1,bad
9000000820-2,2021-05-07,15.0,134.375,1,bad
9000000820-2,2021-05-07,16.0,100.7098121085595,1,bad
9000000820-2,2021-05-07,17.0,162.73428886438847,1,bad
9000000820-2,2021-05-07,18.0,145.4545454545453,1,bad
9000000820-2,2021-05-07,19.0,105.5679287305122,1,bad
9000000820-2,2021-05-08,6.0,65.33807829181484,0,good
9000000820-2,2021-05-08,7.0,115.62612775171421,0,good
9000000820-2,2021-05-08,8.0,173.6334405144695,0,good
9000000820-2,2021-05-08,9.0,178.2986767485821,0,good
9000000820-2,2021-05-08,10.0,178.9264413518888,0,good
9000000820-2,2021-05-08,11.0,131.0198899703764,0,good
9000000820-2,2021-05-08,12.0,164.2528254499795,0,good
9000000820-2,2021-05-08,13.0,155.98159509202503,0,good
9000000820-2,2021-05-08,14.0,182.12703101920283,0,good
9000000820-2,2021-05-08,15.0,122.4051539012167,0,good
9000000820-2,2021-05-08,16.0,194.86467730742586,0,good
9000000820-2,2021-05-08,17.0,184.8128342245984,0,good
9000000820-2,2021-05-08,18.0,160.1779755283646,0,good
9000000820-2,2021-05-08,19.0,190.40902679830657,0,good
9000000820-2,2021-05-09,6.0,33.10930314821362,0,good
9000000820-2,2021-05-09,7.0,50.52631578947365,0,good
9000000820-2,2021-05-09,8.0,76.4383561643836,0,good
9000000820-2,2021-05-09,9.0,117.786286112078,0,good
9000000820-2,2021-05-09,10.0,70.09735744089011,0,good
9000000820-2,2021-05-09,11.0,115.9257962898139,0,good
9000000820-2,2021-05-09,12.0,174.5928338762213,0,good
9000000820-2,2021-05-09,13.0,182.944657152802,0,good
9000000820-2,2021-05-09,14.0,172.03539823008884,0,good
9000000820-2,2021-05-09,15.0,201.4825796886576,0,good
9000000820-2,2021-05-09,16.0,236.33782824698304,0,good
9000000820-2,2021-05-09,17.0,271.5719063545153,0,good
9000000820-2,2021-05-09,18.0,158.629130966952,0,good
9000000820-2,2021-05-09,19.0,228.48900108186078,0,good
9000000820-2,2021-05-10,6.0,447.3913043478248,1,good
9000000820-2,2021-05-10,8.0,382.540250447228,1,good
9000000820-2,2021-05-10,9.0,258.7240584166027,1,good
9000000820-2,2021-05-10,10.0,145.5525606469001,1,good
9000000820-2,2021-05-10,11.0,225.0852595680189,1,good
9000000820-2,2021-05-10,12.0,214.61538461538493,1,good
9000000820-2,2021-05-10,13.0,226.31784459195558,1,good
9000000820-2,2021-05-10,14.0,216.78321678321674,1,good
9000000820-2,2021-05-10,15.0,167.34375,1,good
9000000820-2,2021-05-10,16.0,150.6726457399107,1,good
9000000820-2,2021-05-10,17.0,215.02890173410418,1,good
9000000820-2,2021-05-10,18.0,149.6972143722241,1,good
9000000820-2,2021-05-10,19.0,211.3043478260873,1,good
9000000820-2,2021-05-11,6.0,323.84393063583786,1,good
9000000820-2,2021-05-11,8.0,328.667850799289,1,good
9000000820-2,2021-05-11,9.0,213.24921135646696,1,good
9000000820-2,2021-05-11,10.0,130.1666075859625,1,good
9000000820-2,2021-05-11,11.0,165.8727059742281,1,good
9000000820-2,2021-05-11,12.0,203.19190346438302,1,good
9000000820-2,2021-05-11,13.0,233.8185890257557,1,good
9000000820-2,2021-05-11,14.0,185.9636622728884,1,good
9000000820-2,2021-05-11,15.0,139.9853264856934,1,good
9000000820-2,2021-05-11,16.0,178.36065573770452,1,good
9000000820-2,2021-05-11,17.0,224.374751885668,1,good
9000000820-2,2021-05-11,18.0,181.4010651372389,1,good
9000000820-2,2021-05-11,19.0,233.6283185840701,1,good
9000000820-2,2021-05-12,8.0,400.2916514764872,1,good
9000000820-2,2021-05-12,9.0,220.48442906574383,1,good
9000000820-2,2021-05-12,10.0,202.52434186801298,1,good
9000000820-2,2021-05-12,11.0,175.6419662509169,1,good
9000000820-2,2021-05-12,12.0,221.47797597378917,1,good
9000000820-2,2021-05-12,13.0,225.437572928822,1,good
9000000820-2,2021-05-12,14.0,225.084238113066,1,good
9000000820-2,2021-05-12,15.0,203.49572331721788,1,good
9000000820-2,2021-05-12,16.0,193.1580842635944,1,good
9000000820-2,2021-05-12,17.0,199.92787594662843,1,good
9000000820-2,2021-05-12,18.0,120.42502951593829,1,good
9000000820-2,2021-05-12,19.0,150.32119914346939,1,good
9000000820-2,2021-05-13,8.0,360.7958732498153,1,good
9000000820-2,2021-05-13,9.0,213.5481508604906,1,good
9000000820-2,2021-05-13,10.0,159.7719869706844,1,good
9000000820-2,2021-05-13,11.0,175.9884974838241,1,good
9000000820-2,2021-05-13,12.0,232.4304267161412,1,good
9000000820-2,2021-05-13,13.0,230.6049822064054,1,good
9000000820-2,2021-05-13,14.0,204.53074433656963,1,good
9000000820-2,2021-05-13,15.0,165.0745128009165,1,good
9000000820-2,2021-05-13,16.0,224.2857142857143,1,good
9000000820-2,2021-05-13,17.0,163.8256845352872,1,good
9000000820-2,2021-05-13,18.0,203.24723247232404,1,good
9000000820-2,2021-05-13,19.0,142.4868651488617,1,good
9000000820-2,2021-05-14,8.0,384.3327556325822,1,bad
9000000820-2,2021-05-14,9.0,221.24333925399623,1,bad
9000000820-2,2021-05-14,10.0,225.15991471215352,1,bad
9000000820-2,2021-05-14,11.0,217.0662905500705,1,bad
9000000820-2,2021-05-14,12.0,219.6697774587219,1,bad
9000000820-2,2021-05-14,13.0,235.9380626575446,1,bad
9000000820-2,2021-05-14,14.0,170.1966717095307,1,bad
9000000820-2,2021-05-14,15.0,131.86813186813177,1,bad
9000000820-2,2021-05-14,16.0,197.8021978021982,1,bad
9000000820-2,2021-05-14,17.0,205.4855448480356,1,bad
9000000820-2,2021-05-14,18.0,196.90536164087797,1,bad
9000000820-2,2021-05-14,19.0,124.85549132947939,1,bad
9000000820-2,2021-05-15,6.0,125.26096033402908,0,good
9000000820-2,2021-05-15,7.0,120.08426966292129,0,good
9000000820-2,2021-05-15,8.0,175.23264137437369,0,good
9000000820-2,2021-05-15,9.0,175.5458515283839,0,good
9000000820-2,2021-05-15,10.0,182.9848594087953,0,good
9000000820-2,2021-05-15,11.0,173.2050333086605,0,good
9000000820-2,2021-05-15,12.0,226.8346923647145,0,good
9000000820-2,2021-05-15,13.0,122.40272006044529,0,good
9000000820-2,2021-05-15,14.0,125.4502740798743,0,good
9000000820-2,2021-05-15,15.0,152.3809523809526,0,good
9000000820-2,2021-05-15,16.0,120.9160305343512,0,good
9000000820-2,2021-05-15,17.0,144.7527141133892,0,good
9000000820-2,2021-05-15,18.0,143.18949343339628,0,good
9000000820-2,2021-05-15,19.0,140.5326523166727,0,good
9000000820-2,2021-05-16,7.0,48.822269807280506,0,good
9000000820-2,2021-05-16,8.0,60.16713091922005,0,good
9000000820-2,2021-05-16,9.0,99.74480495807498,0,good
9000000820-2,2021-05-16,10.0,109.4906559179183,0,good
9000000820-2,2021-05-16,11.0,90.78131459280694,0,good
9000000820-2,2021-05-16,12.0,102.13815789473695,0,good
9000000820-2,2021-05-16,13.0,163.6363636363638,0,good
9000000820-2,2021-05-16,14.0,102.85714285714295,0,good
9000000820-2,2021-05-16,15.0,166.94411414982153,0,good
9000000820-2,2021-05-16,16.0,145.94594594594645,0,good
9000000820-2,2021-05-16,17.0,183.69950389794408,0,good
9000000820-2,2021-05-16,18.0,169.100917431193,0,good
9000000820-2,2021-05-16,19.0,132.5055432372505,0,good
9000000820-2,2021-05-17,8.0,384.52481076535014,1,good
9000000820-2,2021-05-17,9.0,244.15224913494842,1,good
9000000820-2,2021-05-17,10.0,190.762620837809,1,good
9000000820-2,2021-05-17,11.0,200.5677785663587,1,good
9000000820-2,2021-05-17,12.0,219.91525423728888,1,good
9000000820-2,2021-05-17,13.0,179.93664202745498,1,good
9000000820-2,2021-05-17,14.0,164.7392692444131,1,good
9000000820-2,2021-05-17,15.0,131.8233295583239,1,good
9000000820-2,2021-05-17,16.0,156.4034756327916,1,good
9000000820-2,2021-05-17,17.0,191.5324091420012,1,good
9000000820-2,2021-05-17,18.0,134.56530869382559,1,good
9000000820-2,2021-05-17,19.0,130.484547882488,1,good
9000000820-2,2021-05-18,8.0,356.7454798331019,1,good
9000000820-2,2021-05-18,9.0,247.75280898876488,1,good
9000000820-2,2021-05-18,10.0,131.23561013046822,1,good
9000001506-1,2021-01-29,8.0,128.007793472967,1,bad
9000001506-1,2021-01-29,9.0,141.61764705882402,1,bad
9000001506-1,2021-01-29,10.0,130.521642619312,1,bad
9000001506-1,2021-01-29,11.0,125.550660792952,1,bad
9000001506-1,2021-01-29,12.0,154.880694143167,1,bad
9000001506-1,2021-01-29,13.0,194.77364740522597,1,bad
9000001506-1,2021-01-29,14.0,206.060606060606,1,bad
9000001506-1,2021-01-29,15.0,265.65233929250803,1,bad
9000001506-1,2021-01-29,16.0,248.761408083441,1,bad
9000001506-1,2021-01-30,8.0,63.965884861407204,0,bad
9000001506-1,2021-01-30,9.0,106.714285714286,0,bad
9000001506-1,2021-01-30,10.0,158.920102152499,0,bad
9000001506-1,2021-01-30,11.0,216.053019145803,0,bad
9000001506-1,2021-01-30,12.0,213.333333333334,0,bad
9000001506-1,2021-01-30,13.0,122.525750111957,0,bad
9000001506-1,2021-01-30,15.0,111.137162954279,0,bad
9000001506-1,2021-01-30,16.0,136.35350909766,0,bad
9000001506-1,2021-01-31,8.0,21.374045801526695,0,bad
9000001506-1,2021-01-31,9.0,72.0,0,bad
9000001506-1,2021-01-31,10.0,124.900614383809,0,bad
9000001506-1,2021-01-31,11.0,117.519042437432,0,bad
9000001506-1,2021-01-31,12.0,105.224698575082,0,bad
9000001506-1,2021-01-31,13.0,129.94475138121598,0,bad
9000001506-1,2021-01-31,14.0,134.29767795965,0,bad
9000001506-1,2021-01-31,15.0,136.742147552959,0,bad
9000001506-1,2021-01-31,16.0,68.6720469552457,0,bad
9000001506-1,2021-02-01,7.0,116.765646413887,1,bad
9000001506-1,2021-02-01,8.0,146.781115879828,1,bad
9000001506-1,2021-02-01,9.0,116.739702015776,1,bad
9000001506-1,2021-02-01,10.0,119.783001808318,1,bad
9000001506-1,2021-02-01,11.0,144.163203626747,1,bad
9000001506-1,2021-02-01,12.0,133.998465080583,1,bad
9000001506-1,2021-02-01,13.0,195.086705202312,1,bad
9000001506-1,2021-02-01,14.0,206.475485661424,1,bad
9000001506-1,2021-02-01,16.0,346.90402476779997,1,bad
9000001506-1,2021-02-02,8.0,132.57061136932398,1,bad
9000001506-1,2021-02-02,9.0,107.150635208711,1,bad
9000001506-1,2021-02-02,10.0,173.87486278814495,1,bad
9000001506-1,2021-02-02,11.0,178.437047756874,1,bad
9000001506-1,2021-02-02,12.0,161.098803721754,1,bad
9000001506-1,2021-02-02,14.0,295.049504950495,1,bad
9000001506-1,2021-02-02,15.0,329.109863672816,1,bad
9000001506-1,2021-02-02,16.0,284.68330134357,1,bad
9000001506-1,2021-02-03,8.0,140.451745379877,1,good
9000001506-1,2021-02-03,9.0,109.525534226729,1,good
9000001506-1,2021-02-03,10.0,181.925488749538,1,good
9000001506-1,2021-02-03,11.0,148.901903367496,1,good
9000001506-1,2021-02-03,12.0,158.094529214738,1,good
9000001506-1,2021-02-03,13.0,232.000000000001,1,good
9000001506-1,2021-02-03,14.0,338.18181818182,1,good
9000001506-1,2021-02-03,15.0,301.658868566566,1,good
9000001506-1,2021-02-03,16.0,251.548117154813,1,good
9000001506-1,2021-02-04,8.0,145.272867025365,1,good
9000001506-1,2021-02-04,9.0,143.946188340807,1,good
9000001506-1,2021-02-04,10.0,144.22848076160298,1,good
9000001506-1,2021-02-04,11.0,170.67729083665301,1,good
9000001506-1,2021-02-04,12.0,170.767450829156,1,good
9000001506-1,2021-02-04,13.0,213.698630136986,1,good
9000001506-1,2021-02-04,14.0,277.753964852121,1,good
9000001506-1,2021-02-04,15.0,348.695267580718,1,good
9000001506-1,2021-02-04,16.0,357.09677419354597,1,good
9000001506-1,2021-02-05,8.0,166.948840633051,1,good
9000001506-1,2021-02-05,9.0,155.093099671413,1,good
9000001506-1,2021-02-05,10.0,147.07903780068702,1,good
9000001506-1,2021-02-05,11.0,164.280094413847,1,good
9000001506-1,2021-02-05,12.0,218.85340515582905,1,good
9000001506-1,2021-02-05,13.0,231.205673758866,1,good
9000001506-1,2021-02-05,14.0,339.650264335094,1,good
9000001506-1,2021-02-05,15.0,348.483589530537,1,good
9000001506-1,2021-02-05,16.0,233.56643356643295,1,good
9000001506-1,2021-02-06,8.0,83.8403041825095,0,good
9000001506-1,2021-02-06,9.0,160.307101727448,0,good
9000001506-1,2021-02-06,10.0,223.468161794153,0,good
9000001506-1,2021-02-06,11.0,211.76470588235298,0,good
9000001506-1,2021-02-06,12.0,216.296296296297,0,good
9000001506-1,2021-02-06,13.0,218.27000808407502,0,good
9000001506-1,2021-02-06,14.0,150.52754982415001,0,good
9000001506-1,2021-02-06,15.0,139.15211970074802,0,good
9000001506-1,2021-02-06,16.0,99.13941480206543,0,good
9000001506-1,2021-02-07,7.0,35.5324675324675,0,bad
9000001506-1,2021-02-07,8.0,57.3605819189469,0,bad
9000001506-1,2021-02-07,9.0,113.448149505313,0,bad
9000001506-1,2021-02-07,10.0,132.181425485961,0,bad
9000001506-1,2021-02-07,11.0,160.291970802919,0,bad
9000001506-1,2021-02-07,12.0,118.68131868131901,0,bad
9000001506-1,2021-02-07,13.0,113.082039911308,0,bad
9000001506-1,2021-02-07,14.0,94.2477876106196,0,bad
9000001506-1,2021-02-07,15.0,92.4820551567812,0,bad
9000001506-1,2021-02-07,16.0,114.372163388805,0,bad
9000001506-1,2021-02-08,8.0,36.8163628279235,1,bad
9000001506-1,2021-02-08,9.0,74.8016622591612,1,bad
9000001506-1,2021-02-08,10.0,122.578029995947,1,bad
9000001506-1,2021-02-08,11.0,166.53696498054398,1,bad
9000001506-1,2021-02-08,12.0,123.404255319149,1,bad
9000001506-1,2021-02-08,13.0,133.659730722154,1,bad
9000001506-1,2021-02-08,14.0,128.731808731809,1,bad
9000001506-1,2021-02-08,15.0,141.146057733736,1,bad
9000001506-1,2021-02-08,16.0,114.04580152671801,1,bad
9000001506-1,2021-02-09,8.0,164.895566141444,1,bad
9000001506-1,2021-02-09,9.0,130.59728838402398,1,bad
9000001506-1,2021-02-09,10.0,168.052516411379,1,bad
9000001506-1,2021-02-09,11.0,160.938072554049,1,bad
9000001506-1,2021-02-09,12.0,159.350793065289,1,bad
9000001506-1,2021-02-09,13.0,181.546507284273,1,bad
9000001506-1,2021-02-09,14.0,237.63277693474998,1,bad
9000001506-1,2021-02-09,15.0,352.468619246864,1,bad
9000001506-1,2021-02-09,16.0,328.329297820823,1,bad
9000001506-1,2021-02-10,8.0,165.623849834376,1,bad
9000001506-1,2021-02-10,9.0,139.545285128587,1,bad
9000001506-1,2021-02-10,10.0,138.880484114977,1,bad
9000001506-1,2021-02-10,11.0,161.813292354975,1,bad
9000001506-1,2021-02-10,12.0,189.26470588235298,1,bad
9000001506-1,2021-02-10,13.0,169.04098686828502,1,bad
9000001506-1,2021-02-10,14.0,215.74111066720002,1,bad
9000001506-1,2021-02-10,15.0,251.460142067876,1,bad
9000001506-1,2021-02-10,16.0,266.561638440331,1,bad
9000001506-1,2021-02-11,8.0,166.198313930148,1,bad
9000001506-1,2021-02-11,9.0,125.254104769351,1,bad
9000001506-1,2021-02-11,10.0,183.577052868392,1,bad
9000001506-1,2021-02-11,11.0,181.87221396731098,1,bad
9000001506-1,2021-02-11,12.0,211.03920822230702,1,bad
9000001506-1,2021-02-11,13.0,175.57603686635898,1,bad
9000001506-1,2021-02-11,14.0,254.867256637168,1,bad
9000001506-1,2021-02-11,15.0,350.978856695381,1,bad
9000001506-1,2021-02-11,16.0,342.857142857142,1,bad
9000001506-1,2021-02-12,7.0,128.910667169243,1,bad
9000001506-1,2021-02-12,8.0,122.952625780389,1,bad
9000001506-1,2021-02-12,9.0,87.991498405951,1,bad
9000001506-1,2021-02-12,11.0,158.932238193019,1,bad
9000001506-1,2021-02-12,12.0,216.370106761565,1,bad
9000001506-1,2021-02-12,13.0,225.94847775175597,1,bad
9000001506-1,2021-02-12,14.0,272.51687560269903,1,bad
9000001506-1,2021-02-12,16.0,198.46860643185397,1,bad
9000001506-1,2021-02-13,7.0,69.4575900982891,0,bad
9000001506-1,2021-02-13,8.0,51.4102106390575,0,bad
9000001506-1,2021-02-13,9.0,137.825421133232,0,bad
9000001506-1,2021-02-13,10.0,186.831913245546,0,bad
9000001506-1,2021-02-13,11.0,129.6875,0,bad
9000001506-1,2021-02-13,12.0,161.02683780630198,0,bad
9000001506-1,2021-02-13,13.0,138.35403726708,0,bad
9000001506-1,2021-02-13,14.0,162.606442058497,0,bad
9000001506-1,2021-02-13,15.0,161.022364217252,0,bad
9000001506-1,2021-02-13,16.0,113.894826849081,0,bad
9000001506-1,2021-02-14,7.0,29.042904290429,0,bad
9000001506-1,2021-02-14,8.0,16.6607333570666,0,bad
9000001506-1,2021-02-14,9.0,123.805884600688,0,bad
9000001506-1,2021-02-14,10.0,197.80219780219696,0,bad
9000001506-1,2021-02-14,11.0,254.270270270269,0,bad
9000001506-1,2021-02-14,12.0,229.52086553323,0,bad
9000001506-1,2021-02-14,13.0,242.71186440678002,0,bad
9000001506-1,2021-02-14,14.0,162.395754359363,0,bad
9000001506-1,2021-02-14,15.0,140.70796460177,0,bad
9000001506-1,2021-02-14,16.0,96.2852897473996,0,bad
9000001506-1,2021-02-15,7.0,125.521207764198,1,bad
9000001506-1,2021-02-15,8.0,101.483679525222,1,bad
9000001506-1,2021-02-15,9.0,142.372881355932,1,bad
9000001506-1,2021-02-15,10.0,183.209509658247,1,bad
9000001506-1,2021-02-15,11.0,193.91718578233798,1,bad
9000001506-1,2021-02-15,12.0,189.81118631991401,1,bad
9000001506-1,2021-02-15,13.0,263.220088626293,1,bad
9000001506-1,2021-02-15,14.0,350.922092585624,1,bad
9000001506-1,2021-02-15,15.0,343.199042680496,1,bad
9000001506-1,2021-02-15,16.0,330.098684210527,1,bad
9000001506-1,2021-02-15,17.0,233.54430379746898,1,bad
9000001506-1,2021-02-16,7.0,128.16584046868,1,bad
9000001506-1,2021-02-16,8.0,124.13793103448299,1,bad
9000001506-1,2021-02-16,9.0,119.869706840391,1,bad
9000001506-1,2021-02-16,10.0,155.259975816203,1,bad
9000001506-1,2021-02-16,11.0,191.82481751824798,1,bad
9000001506-1,2021-02-16,12.0,212.297734627831,1,bad
9000001506-1,2021-02-16,13.0,223.594266813672,1,bad
9000001506-1,2021-02-16,14.0,301.9955654102,1,bad
9000001506-1,2021-02-16,16.0,270.483005366726,1,bad
9000001506-1,2021-02-17,7.0,121.64730728616689,1,bad
9000001506-1,2021-02-17,8.0,199.49293734154313,1,bad
9000001506-1,2021-02-17,9.0,123.3685745534086,1,bad
9000001506-1,2021-02-17,10.0,172.2551928783383,1,bad
9000001506-1,2021-02-17,11.0,166.7647058823532,1,bad
9000001506-1,2021-02-17,12.0,183.7429111531187,1,bad
9000001506-1,2021-02-17,13.0,176.22377622377618,1,bad
9000001506-1,2021-02-17,14.0,299.1058122205676,1,bad
9000001506-1,2021-02-17,17.0,227.7327935222674,1,bad
9000001506-1,2021-02-18,7.0,136.5295169946334,1,good
9000001506-1,2021-02-18,8.0,196.7930029154515,1,good
9000001506-1,2021-02-18,9.0,141.0635745701724,1,good
9000001506-1,2021-02-18,10.0,162.1978021978024,1,good
9000001506-1,2021-02-18,11.0,154.66666666666669,1,good
9000001506-1,2021-02-18,12.0,166.80592480060758,1,good
9000001506-1,2021-02-19,7.0,158.7136929460579,1,bad
9000001506-1,2021-02-19,8.0,208.0468178493055,1,bad
9000001506-1,2021-02-19,9.0,150.8746355685126,1,bad
9000001506-1,2021-02-19,10.0,141.45950280673628,1,bad
9000001506-1,2021-02-19,12.0,208.4784254352755,1,bad
9000001506-1,2021-02-19,13.0,218.3873398643558,1,bad
9000001506-1,2021-02-19,14.0,266.9724770642207,1,bad
9000001506-1,2021-02-19,15.0,270.4626334519567,1,bad
9000001506-1,2021-02-19,16.0,277.56683456024746,1,bad
9000001506-1,2021-02-20,7.0,61.214574898785486,0,good
9000001506-1,2021-02-20,8.0,117.571884984025,0,good
9000001506-1,2021-02-20,9.0,115.75144508670557,0,good
9000001506-1,2021-02-20,10.0,136.7088607594934,0,good
9000001506-1,2021-02-20,12.0,225.32250358337362,0,good
9000001506-1,2021-02-20,16.0,98.85931558935354,0,good
9000001506-1,2021-02-20,17.0,108.97703549060543,0,good
9000001506-1,2021-02-21,7.0,51.33913043478259,0,good
9000001506-1,2021-02-21,8.0,64.72491909385113,0,good
9000001506-1,2021-02-21,9.0,130.57671381936913,0,good
9000001506-1,2021-02-21,10.0,156.80580762250412,0,good
9000001506-1,2021-02-21,11.0,180.39215686274432,0,good
9000001506-1,2021-02-21,12.0,138.7883556254914,0,good
9000001506-1,2021-02-21,13.0,151.40186915887858,0,good
9000001506-1,2021-02-21,14.0,157.63313609467428,0,good
9000001506-1,2021-02-21,16.0,84.79041916167658,0,good
9000001506-1,2021-02-21,17.0,124.19354838709619,0,good
9000001506-1,2021-02-22,7.0,112.5586242834809,1,good
9000001506-1,2021-02-22,8.0,126.47814910025699,1,good
9000001506-1,2021-02-22,9.0,109.40451745379879,1,good
9000001506-1,2021-02-22,10.0,154.8387096774195,1,good
9000001506-1,2021-02-22,11.0,198.5989492119093,1,good
9000001506-1,2021-02-22,12.0,174.5819397993316,1,good
9000001506-1,2021-02-22,13.0,171.634615384615,1,good
9000001506-1,2021-02-22,14.0,318.1647235802923,1,good
9000001506-1,2021-02-22,15.0,273.2530120481927,1,good
9000001506-1,2021-02-22,17.0,160.50955414012708,1,good
9000001506-1,2021-02-23,7.0,134.7113328581604,1,good
9000001506-1,2021-02-23,8.0,139.6158028271113,1,good
9000001506-1,2021-02-23,9.0,168.0525164113784,1,good
9000001506-1,2021-02-23,10.0,252.2627737226269,1,good
9000001506-1,2021-02-23,11.0,215.14476614699367,1,good
9000001506-1,2021-02-23,12.0,192.138478182474,1,good
9000001506-1,2021-02-23,13.0,228.44638949671779,1,good
9000001506-1,2021-02-23,14.0,302.51000363768594,1,good
9000001506-1,2021-02-23,17.0,239.50413223140447,1,good
9000001506-1,2021-02-24,7.0,126.65391969407281,1,good
9000001506-1,2021-02-24,8.0,170.9867452135495,1,good
9000001506-1,2021-02-24,9.0,172.6937269372693,1,good
9000001506-1,2021-02-24,10.0,224.253593807593,1,good
9000001506-1,2021-02-24,11.0,247.37793851717876,1,good
9000001506-1,2021-02-24,12.0,210.9890109890102,1,good
9000001506-1,2021-02-24,13.0,262.68871315600313,1,good
9000001506-1,2021-02-24,14.0,316.9811320754711,1,good
9000001506-1,2021-02-24,17.0,285.9950859950855,1,good
9000001506-1,2021-02-25,7.0,150.88235294117618,1,good
9000001506-1,2021-02-25,8.0,151.2605042016801,1,good
9000001506-1,2021-02-25,9.0,163.63636363636388,1,good
9000001506-1,2021-02-25,10.0,227.25584849610098,1,good
9000001506-1,2021-02-25,11.0,255.8375634517763,1,good
9000001506-1,2021-02-25,12.0,239.4765539803709,1,good
9000001506-1,2021-02-25,13.0,225.8874148440306,1,good
9000001506-1,2021-02-25,14.0,299.77695167286385,1,good
9000001506-1,2021-02-25,17.0,231.87448389760527,1,good
9000001506-1,2021-02-26,7.0,130.136005726557,1,good
9000001506-1,2021-02-26,8.0,130.718954248366,1,good
9000001506-1,2021-02-26,9.0,202.6143790849672,1,good
9000001506-1,2021-02-26,10.0,216.9466764061355,1,good
9000001506-1,2021-02-26,11.0,228.3436027546211,1,good
9000001506-1,2021-02-26,12.0,192.80997798972882,1,good
9000001506-1,2021-02-26,13.0,265.1111921254114,1,good
9000001506-1,2021-02-26,14.0,376.2597984322504,1,good
9000001506-1,2021-02-26,15.0,336.5744203440542,1,good
9000001506-1,2021-02-26,17.0,146.3955637707952,1,good
9000001506-1,2021-02-27,7.0,84.5551601423487,0,good
9000001506-1,2021-02-27,8.0,113.5014836795251,0,good
9000001506-1,2021-02-27,9.0,151.6115169746452,0,good
9000001506-1,2021-02-27,10.0,195.44419134396298,0,good
9000001506-1,2021-02-27,12.0,120.81502197363201,0,good
9000001506-1,2021-02-27,13.0,76.7469403868931,0,good
9000001506-1,2021-02-27,14.0,195.7541899441345,0,good
9000001506-1,2021-02-27,15.0,181.8313953488366,0,good
9000001506-1,2021-02-27,17.0,114.67576791808831,0,good
9000001506-1,2021-02-28,7.0,42.692710149982574,0,bad
9000001506-1,2021-02-28,8.0,78.17728729085083,0,bad
9000001506-1,2021-02-28,9.0,156.637168141593,0,bad
9000001506-1,2021-02-28,10.0,197.2058823529414,0,bad
9000001506-1,2021-02-28,11.0,252.6997840172785,0,bad
9000001506-1,2021-02-28,12.0,202.30547550432232,0,bad
9000001506-1,2021-02-28,13.0,208.21135308818285,0,bad
9000001506-1,2021-02-28,14.0,211.45945945945883,0,bad
9000001506-1,2021-02-28,15.0,190.71117561683576,0,bad
9000001506-1,2021-02-28,16.0,99.58878504672889,0,bad
9000001506-1,2021-02-28,17.0,69.30766382821186,0,bad
9000001506-1,2021-03-01,7.0,160.80691642651288,1,good
9000001506-1,2021-03-01,8.0,152.9411764705879,1,good
9000001506-1,2021-03-01,9.0,158.6528126119667,1,good
9000001506-1,2021-03-01,10.0,207.4664733599131,1,good
9000001506-1,2021-03-01,11.0,224.3401759530792,1,good
9000001506-1,2021-03-01,12.0,267.97385620914986,1,good
9000001506-1,2021-03-01,13.0,254.1331382589618,1,good
9000001506-1,2021-03-01,14.0,378.3050847457644,1,good
9000001506-1,2021-03-01,15.0,376.3066202090594,1,good
9000001506-1,2021-03-01,17.0,168.61133935907918,1,good
9000001506-1,2021-03-02,7.0,159.5744680851063,1,good
9000001506-1,2021-03-02,8.0,208.9227421109903,1,good
9000001506-1,2021-03-02,9.0,158.01769911504428,1,good
9000001506-1,2021-03-02,10.0,183.3815028901733,1,good
9000001506-1,2021-03-02,11.0,230.58654192155433,1,good
9000001506-1,2021-03-02,12.0,213.68078175895778,1,good
9000001506-1,2021-03-02,13.0,266.71485363209314,1,good
9000001506-1,2021-03-02,14.0,353.88026607538814,1,good
9000001506-1,2021-03-02,17.0,174.7178329571106,1,good
9000001506-1,2021-03-03,7.0,145.8926615553124,1,good
9000001506-1,2021-03-03,8.0,210.6032906764174,1,good
9000001506-1,2021-03-03,9.0,163.093922651934,1,good
9000001506-1,2021-03-03,10.0,230.1489284417002,1,good
9000001506-1,2021-03-03,11.0,222.65372168284708,1,good
9000001506-1,2021-03-03,12.0,198.55803893294862,1,good
9000001506-1,2021-03-03,13.0,245.7831325301205,1,good
9000001506-1,2021-03-03,14.0,367.9520778734541,1,good
9000001506-1,2021-03-03,17.0,271.8006795016989,1,good
9000001506-1,2021-03-04,7.0,172.1682847896438,1,good
9000001506-1,2021-03-04,8.0,211.14369501466177,1,good
9000001506-1,2021-03-04,9.0,160.06028636021088,1,good
9000001506-1,2021-03-04,10.0,221.8333967287946,1,good
9000001506-1,2021-03-04,11.0,194.33748584371438,1,good
9000001506-1,2021-03-04,12.0,232.0284697508896,1,good
9000001506-1,2021-03-04,13.0,233.67427222659322,1,good
9000001506-1,2021-03-04,14.0,327.90697674418664,1,good
9000001506-1,2021-03-04,15.0,259.6934174932372,1,good
9000001506-1,2021-03-04,16.0,266.79668454412433,1,good
9000001506-1,2021-03-04,17.0,230.4,1,good
9000001506-1,2021-03-05,7.0,193.3236574746001,1,bad
9000001506-1,2021-03-05,8.0,176.6137956473621,1,bad
9000001506-1,2021-03-05,9.0,182.34636871508363,1,bad
9000001506-1,2021-03-05,10.0,192.5058548009365,1,bad
9000001506-1,2021-03-05,11.0,211.84615384615398,1,bad
9000001506-1,2021-03-05,12.0,210.96919609316248,1,bad
9000001506-1,2021-03-05,13.0,272.3372224313128,1,bad
9000001506-1,2021-03-05,14.0,376.17977528089864,1,bad
9000001506-1,2021-03-05,16.0,330.7177033492817,1,bad
9000001506-1,2021-03-05,17.0,170.484581497797,1,bad
9000001506-1,2021-03-06,6.0,56.514913657770826,0,bad
9000001506-1,2021-03-06,7.0,87.929203539823,0,bad
9000001506-1,2021-03-06,8.0,127.650429799427,0,bad
9000001506-1,2021-03-06,9.0,171.620111731843,0,bad
9000001506-1,2021-03-06,10.0,243.6882546652024,0,bad
9000001506-1,2021-03-06,11.0,207.2324723247229,0,bad
9000001506-1,2021-03-06,12.0,239.37938677502754,0,bad
9000001506-1,2021-03-06,13.0,254.4918998527246,0,bad
9000001506-1,2021-03-06,14.0,213.0800146145412,0,bad
9000001506-1,2021-03-06,15.0,208.69565217391337,0,bad
9000001506-1,2021-03-06,16.0,155.54741852801192,0,bad
9000001506-1,2021-03-06,17.0,112.07801950487661,0,bad
9000001506-1,2021-03-07,6.0,29.0468986384266,0,bad
9000001506-1,2021-03-07,7.0,40.15336354130359,0,bad
9000001506-1,2021-03-07,8.0,58.00214822771209,0,bad
9000001506-1,2021-03-07,9.0,150.37810586964332,0,bad
9000001506-1,2021-03-07,10.0,205.3429602888086,0,bad
9000001506-1,2021-03-07,11.0,215.92002961865973,0,bad
9000001506-1,2021-03-07,12.0,213.31382589612298,0,bad
9000001506-1,2021-03-07,13.0,200.9362621534034,0,bad
9000001506-1,2021-03-07,14.0,206.83636363636387,0,bad
9000001506-1,2021-03-07,15.0,198.01980198019731,0,bad
9000001506-1,2021-03-07,16.0,167.98795785248424,0,bad
9000001506-1,2021-03-07,17.0,81.10918544194112,0,bad
9000001506-1,2021-03-08,7.0,162.0885357548242,1,good
9000001506-1,2021-03-08,8.0,153.74149659864,1,good
9000001506-1,2021-03-08,9.0,143.7236084452976,1,good
9000001506-1,2021-03-08,10.0,188.5090909090913,1,good
9000001506-1,2021-03-08,11.0,215.428983417448,1,good
9000001506-1,2021-03-08,12.0,222.55965292841682,1,good
9000001506-1,2021-03-08,13.0,268.7342228633243,1,good
9000001506-1,2021-03-08,14.0,278.3927217589086,1,good
9000001506-1,2021-03-08,17.0,241.7201056205202,1,good
9000001506-1,2021-03-09,6.0,107.26607422895981,1,bad
9000001506-1,2021-03-09,7.0,167.1988388969514,1,bad
9000001506-1,2021-03-09,8.0,225.9970457902511,1,bad
9000001506-1,2021-03-09,9.0,163.16171138506138,1,bad
9000001506-1,2021-03-09,10.0,199.92644354542142,1,bad
9000001506-1,2021-03-09,11.0,201.57932519741627,1,bad
9000001506-1,2021-03-09,12.0,181.2386816370884,1,bad
9000001506-1,2021-03-09,13.0,277.22063037249256,1,bad
9000001506-1,2021-03-09,14.0,352.5222551928782,1,bad
9000001506-1,2021-03-09,15.0,367.5759937646136,1,bad
9000001506-1,2021-03-09,17.0,277.2336448598134,1,bad
9000001506-1,2021-03-10,7.0,152.4981897175957,1,bad
9000001506-1,2021-03-10,8.0,221.23636363636362,1,bad
9000001506-1,2021-03-10,9.0,167.5027262813524,1,bad
9000001506-1,2021-03-10,10.0,219.8171846435106,1,bad
9000001506-1,2021-03-10,11.0,234.81128618541598,1,bad
9000001506-1,2021-03-10,12.0,240.08794430194183,1,bad
9000001506-1,2021-03-10,13.0,259.0806330067817,1,bad
9000001506-1,2021-03-10,14.0,262.3426173216342,1,bad
9000001506-1,2021-03-10,16.0,308.5714285714284,1,bad
9000001506-1,2021-03-10,17.0,255.78231292517088,1,bad
9000001506-1,2021-03-11,7.0,194.4158706833206,1,bad
9000001506-1,2021-03-11,8.0,187.32136313668042,1,bad
9000001506-1,2021-03-11,9.0,158.5321100917437,1,bad
9000001506-1,2021-03-11,10.0,200.6644518272422,1,bad
9000001506-1,2021-03-11,11.0,205.2925829295565,1,bad
9000001506-1,2021-03-11,12.0,243.0868167202569,1,bad
9000001506-1,2021-03-11,13.0,208.95987534086507,1,bad
9000001506-1,2021-03-11,15.0,306.465517241378,1,bad
9000001506-1,2021-03-11,16.0,355.0099009900975,1,bad
9000001506-1,2021-03-11,17.0,207.92751981879942,1,bad
9000001506-1,2021-03-12,7.0,152.96310100633633,1,bad
9000001506-1,2021-03-12,8.0,200.2928257686678,1,bad
9000001506-1,2021-03-12,9.0,159.67200894521028,1,bad
9000001506-1,2021-03-12,10.0,205.63594821020558,1,bad
9000001506-1,2021-03-12,11.0,156.22119815668208,1,bad
9000001506-1,2021-03-12,12.0,162.5050833672226,1,bad
9000001506-1,2021-03-12,13.0,192.93203883495158,1,bad
9000001506-1,2021-03-12,14.0,246.93140794223794,1,bad
9000001506-1,2021-03-12,15.0,243.3275563258235,1,bad
9000001506-1,2021-03-12,16.0,245.10638297872316,1,bad
9000001506-1,2021-03-12,17.0,169.77193660610732,1,bad
9000001506-1,2021-03-13,7.0,90.6293706293707,0,bad
9000001506-1,2021-03-13,8.0,121.4966984592812,0,bad
9000001506-1,2021-03-13,9.0,155.4149609229627,0,bad
9000001506-1,2021-03-13,10.0,178.0415430267054,0,bad
9000001506-1,2021-03-13,11.0,240.0894187779439,0,bad
9000001506-1,2021-03-13,12.0,206.9591527987892,0,bad
9000001506-1,2021-03-13,13.0,219.7634490652427,0,bad
9000001506-1,2021-03-13,14.0,195.34883720930262,0,bad
9000001506-1,2021-03-13,15.0,182.78460928203089,0,bad
9000001506-1,2021-03-13,17.0,161.538461538461,0,bad
9000001506-1,2021-03-14,7.0,23.475258918296856,0,bad
9000001506-1,2021-03-14,8.0,41.770519982810505,0,bad
9000001506-1,2021-03-14,9.0,106.34920634920628,0,bad
9000001506-1,2021-03-14,10.0,104.55259026687594,0,bad
9000001506-1,2021-03-14,11.0,126.36857501044689,0,bad
9000001506-1,2021-03-14,12.0,135.74660633484132,0,bad
9000001506-1,2021-03-14,13.0,128.47778587035648,0,bad
9000001506-1,2021-03-14,14.0,117.4917491749176,0,bad
9000001506-1,2021-03-14,15.0,103.46352247605017,0,bad
9000001506-1,2021-03-14,16.0,101.87431091510473,0,bad
9000001506-1,2021-03-14,17.0,109.50056327450223,0,bad
9000001506-1,2021-03-15,7.0,147.1025260029719,1,good
9000001506-1,2021-03-15,8.0,162.85028022417862,1,good
9000001506-1,2021-03-15,9.0,89.6907216494846,1,good
9000001506-1,2021-03-15,10.0,164.7597254004579,1,good
9000001506-1,2021-03-15,11.0,162.5282167042889,1,good
9000001506-1,2021-03-15,12.0,231.1926605504589,1,good
9000001506-1,2021-03-15,13.0,266.2760893445632,1,good
9000001506-1,2021-03-15,14.0,376.37564196625107,1,good
9000001506-1,2021-03-15,15.0,309.83606557377,1,good
9000001506-1,2021-03-15,17.0,266.2873399715506,1,good
9000001506-1,2021-03-16,6.0,140.25974025974,1,good
9000001506-1,2021-03-16,7.0,161.8127786032683,1,good
9000001506-1,2021-03-16,8.0,171.2389380530975,1,good
9000001506-1,2021-03-16,9.0,145.02369668246433,1,good
9000001506-1,2021-03-16,10.0,192.01790376725063,1,good
9000001506-1,2021-03-16,11.0,191.35135135135158,1,good
9000001506-1,2021-03-16,12.0,154.1795665634675,1,good
9000001506-1,2021-03-16,13.0,122.60061919504669,1,good
9000001506-1,2021-03-16,14.0,154.0856031128404,1,good
9000001506-1,2021-03-16,17.0,171.9642857142856,1,good
9000001506-1,2021-03-17,6.0,117.5762784701333,1,bad
9000001506-1,2021-03-17,7.0,142.9657794676809,1,bad
9000001506-1,2021-03-17,8.0,186.9731800766284,1,bad
9000001506-1,2021-03-17,9.0,188.42188739095948,1,bad
9000001506-1,2021-03-17,10.0,205.20446096654322,1,bad
9000001506-1,2021-03-17,11.0,184.6532622076322,1,bad
9000001506-1,2021-03-17,12.0,140.9133271202242,1,bad
9000001506-1,2021-03-17,13.0,175.60975609756076,1,bad
9000001506-1,2021-03-17,14.0,223.92344497607593,1,bad
9000001506-1,2021-03-17,17.0,244.26766495086588,1,bad
9000001506-1,2021-03-18,6.0,139.37527496700437,1,bad
9000001506-1,2021-03-18,7.0,135.2941176470587,1,bad
9000001506-1,2021-03-18,8.0,203.7198258804906,1,bad
9000001506-1,2021-03-18,9.0,175.8697261287934,1,bad
9000001506-1,2021-03-18,10.0,177.54876702245141,1,bad
9000001506-1,2021-03-18,12.0,156.38437911364647,1,bad
9000001506-1,2021-03-18,13.0,206.8441064638785,1,bad
9000001506-1,2021-03-18,14.0,244.06779661016938,1,bad
9000001506-1,2021-03-18,16.0,277.8730703258998,1,bad
9000001506-1,2021-03-18,17.0,226.83780630105082,1,bad
9000001506-1,2021-03-19,6.0,93.7901498929336,1,bad
9000001506-1,2021-03-19,7.0,120.57416267942578,1,bad
9000001506-1,2021-03-19,8.0,184.2778793418649,1,bad
9000001506-1,2021-03-19,9.0,152.0179372197314,1,bad
9000001506-1,2021-03-19,10.0,176.1565836298933,1,bad
9000001506-1,2021-03-19,11.0,172.2772277227723,1,bad
9000001506-1,2021-03-19,12.0,133.3333333333335,1,bad
9000001506-1,2021-03-19,13.0,228.81355932203408,1,bad
9000001506-1,2021-03-19,14.0,363.344594594593,1,bad
9000001506-1,2021-03-19,15.0,238.41059602649,1,bad
9000001506-1,2021-03-19,16.0,324.6401354784094,1,bad
9000001506-1,2021-03-19,17.0,203.10488451344128,1,bad
9000001506-1,2021-03-20,6.0,55.802861685214694,0,bad
9000001506-1,2021-03-20,7.0,65.83004661168887,0,bad
9000001506-1,2021-03-20,8.0,95.7377049180328,0,bad
9000001506-1,2021-03-20,9.0,134.27268959801052,0,bad
9000001506-1,2021-03-20,11.0,162.58992805755432,0,bad
9000001506-1,2021-03-20,12.0,151.3462446858757,0,bad
9000001506-1,2021-03-20,13.0,172.66844309097817,0,bad
9000001506-1,2021-03-20,16.0,157.6433121019108,0,bad
9000001506-1,2021-03-20,17.0,147.34356552538392,0,bad
9000001506-1,2021-03-21,6.0,31.326139923425,0,bad
9000001506-1,2021-03-21,7.0,51.35520684736097,0,bad
9000001506-1,2021-03-21,8.0,73.17604355716878,0,bad
9000001506-1,2021-03-21,9.0,141.6095272464814,0,bad
9000001506-1,2021-03-21,10.0,196.7065868263472,0,bad
9000001506-1,2021-03-21,11.0,243.5991221653263,0,bad
9000001506-1,2021-03-21,12.0,217.1724648408587,0,bad
9000001506-1,2021-03-21,13.0,185.6620336503299,0,bad
9000001506-1,2021-03-21,14.0,156.94444444444468,0,bad
9000001506-1,2021-03-21,15.0,149.65986394557845,0,bad
9000001506-1,2021-03-21,17.0,141.76448315032133,0,bad
9000001506-1,2021-03-22,6.0,103.47705146036171,1,good
9000001506-1,2021-03-22,7.0,173.8035264483628,1,good
9000001506-1,2021-03-22,8.0,104.3478260869565,1,good
9000001506-1,2021-03-22,9.0,131.16159451350183,1,good
9000001506-1,2021-03-22,10.0,177.93468667255132,1,good
9000001506-1,2021-03-22,11.0,171.6577540106948,1,good
9000001506-1,2021-03-22,12.0,182.3397579560741,1,good
9000001506-1,2021-03-22,13.0,141.4353064431638,1,good
9000001506-1,2021-03-22,14.0,163.2458233890213,1,good
9000001506-1,2021-03-22,17.0,238.9721627408986,1,good
9000001506-1,2021-03-23,6.0,111.2868439971243,1,good
9000001506-1,2021-03-23,7.0,163.3369923161364,1,good
9000001506-1,2021-03-23,8.0,214.22351233671986,1,good
9000001506-1,2021-03-23,9.0,184.2046718576195,1,good
9000001506-1,2021-03-23,10.0,189.0625,1,good
9000001506-1,2021-03-23,11.0,161.75548589341682,1,good
9000001506-1,2021-03-23,12.0,196.1027457927367,1,good
9000001506-1,2021-03-23,13.0,201.1087420042641,1,good
9000001506-1,2021-03-23,14.0,288.12392426850283,1,good
9000001506-1,2021-03-23,15.0,310.02352941176383,1,good
9000001506-1,2021-03-23,17.0,248.8479262672818,1,good
9000001506-1,2021-03-24,6.0,119.2899408284022,1,good
9000001506-1,2021-03-24,7.0,163.6958894143325,1,good
9000001506-1,2021-03-24,8.0,230.6002928257685,1,good
9000001506-1,2021-03-24,9.0,156.4054957296691,1,good
9000001506-1,2021-03-24,10.0,225.32751091703022,1,good
9000001506-1,2021-03-24,11.0,209.9554234769691,1,good
9000001506-1,2021-03-24,12.0,238.8687454677302,1,good
9000001506-1,2021-03-24,13.0,304.9288061336265,1,good
9000001506-1,2021-03-24,14.0,362.16216216216253,1,good
9000001506-1,2021-03-24,16.0,379.2592592592601,1,good
9000001506-1,2021-03-25,6.0,121.1166785969936,1,good
9000001506-1,2021-03-25,7.0,148.56300663227748,1,good
9000001506-1,2021-03-25,8.0,231.2885662431945,1,good
9000001506-1,2021-03-25,9.0,187.4999999999999,1,good
9000001506-1,2021-03-25,10.0,223.9234449760765,1,good
9000001506-1,2021-03-25,11.0,242.14046822742526,1,good
9000001506-1,2021-03-25,12.0,242.9933969185616,1,good
9000001506-1,2021-03-25,13.0,248.87892376681572,1,good
9000001506-1,2021-03-25,14.0,309.5920617420077,1,good
9000001506-1,2021-03-25,15.0,339.384495520062,1,good
9000001506-1,2021-03-25,16.0,374.69975980784704,1,good
9000001506-1,2021-03-26,6.0,131.1475409836063,1,good
9000001506-1,2021-03-26,7.0,168.9385474860338,1,good
9000001506-1,2021-03-26,8.0,254.30463576158962,1,good
9000001506-1,2021-03-26,9.0,247.2780416514429,1,good
9000001506-1,2021-03-26,10.0,222.4347186465613,1,good
9000001506-1,2021-03-26,11.0,223.1625835189316,1,good
9000001506-1,2021-03-26,12.0,241.69139465875432,1,good
9000001506-1,2021-03-26,13.0,279.8820928518789,1,good
9000001506-1,2021-03-26,14.0,373.72593431483676,1,good
9000001506-1,2021-03-26,15.0,387.22199757379724,1,good
9000001506-1,2021-03-26,16.0,365.2830188679253,1,good
9000001506-1,2021-03-27,6.0,59.67617579028527,0,bad
9000001506-1,2021-03-27,7.0,120.042568286626,0,bad
9000001506-1,2021-03-27,8.0,118.9958158995818,0,bad
9000001506-1,2021-03-27,9.0,149.51456310679615,0,bad
9000001506-1,2021-03-27,11.0,162.12896622313158,0,bad
9000001506-1,2021-03-27,12.0,127.4841437632133,0,bad
9000001506-1,2021-03-27,13.0,145.5232338496412,0,bad
9000001506-1,2021-03-27,14.0,130.54607508532422,0,bad
9000001506-1,2021-03-27,16.0,111.68201648085319,0,bad
9000001506-1,2021-03-27,17.0,160.6901725431356,0,bad
9000001506-1,2021-03-28,7.0,24.612579762989988,0,bad
9000001506-1,2021-03-28,8.0,54.802464661109155,0,bad
9000001506-1,2021-03-28,9.0,74.835886214442,0,bad
9000001506-1,2021-03-28,10.0,127.38665683744941,0,bad
9000001506-1,2021-03-28,11.0,121.0084033613447,0,bad
9000001506-1,2021-03-28,12.0,175.3505535055346,0,bad
9000001506-1,2021-03-28,13.0,127.31146144013668,0,bad
9000001506-1,2021-03-28,14.0,126.74967797337916,0,bad
9000001506-1,2021-03-28,17.0,122.60479041916179,0,bad
9000001506-1,2021-03-28,18.0,178.31325301204797,0,bad
9000001506-1,2021-03-29,7.0,142.0877904832169,1,good
9000001506-1,2021-03-29,8.0,206.7885117493475,1,good
9000001506-1,2021-03-29,9.0,158.29974349578612,1,good
9000001506-1,2021-03-29,10.0,188.979895755771,1,good
9000001506-1,2021-03-29,11.0,186.1844484629297,1,good
9000001506-1,2021-03-29,12.0,203.9619651347064,1,good
9000001506-1,2021-03-29,13.0,255.67793391568466,1,good
9000001506-1,2021-03-29,14.0,342.27733934611143,1,good
9000001506-1,2021-03-29,17.0,302.6008292499064,1,good
9000001506-1,2021-03-29,18.0,202.56663376110552,1,good
9000001506-1,2021-03-29,19.0,177.82656421514787,1,good
9000001506-1,2021-03-30,7.0,174.4897959183673,1,good
9000001506-1,2021-03-30,8.0,171.9786096256679,1,good
9000001506-1,2021-03-30,9.0,188.9901567626681,1,good
9000001506-1,2021-03-30,10.0,200.07561436672978,1,good
9000001506-1,2021-03-30,11.0,208.5445329471398,1,good
9000001506-1,2021-03-30,12.0,221.1334552102382,1,good
9000001506-1,2021-03-30,13.0,294.6902654867255,1,good
9000001506-1,2021-03-30,15.0,337.31825525040404,1,good
9000001506-1,2021-03-30,16.0,343.457943925233,1,good
9000001506-1,2021-03-30,17.0,322.7586206896554,1,good
9000001506-1,2021-03-31,7.0,154.3043952052306,1,good
9000001506-1,2021-03-31,8.0,192.2965116279075,1,good
9000001506-1,2021-03-31,9.0,184.1799709724233,1,good
9000001506-1,2021-03-31,10.0,241.6727806309608,1,good
9000001506-1,2021-03-31,11.0,250.23289143676192,1,good
9000001506-1,2021-03-31,12.0,287.8422782037241,1,good
9000001506-1,2021-03-31,13.0,266.91257838435894,1,good
9000001506-1,2021-03-31,14.0,362.2035195103283,1,good
9000001506-1,2021-03-31,15.0,326.632772780602,1,good
9000001506-1,2021-03-31,16.0,385.352112676057,1,good
9000001506-1,2021-03-31,17.0,360.1369341955125,1,good
9000001506-1,2021-03-31,19.0,219.01140684410714,1,good
9000001506-1,2021-04-01,7.0,109.9137931034482,1,good
9000001506-1,2021-04-01,8.0,165.33907427341228,1,good
9000001506-1,2021-04-01,9.0,200.43103448275872,1,good
9000001506-1,2021-04-01,10.0,190.42172980700502,1,good
9000001506-1,2021-04-01,11.0,216.02634467617958,1,good
9000001506-1,2021-04-01,12.0,211.9985277880013,1,good
9000001506-1,2021-04-01,13.0,255.7448350851768,1,good
9000001506-1,2021-04-01,14.0,306.4669345999276,1,good
9000001506-1,2021-04-01,17.0,208.008109477953,1,good
9000001506-1,2021-04-01,18.0,144.1632036267469,1,good
9000001506-1,2021-04-01,19.0,134.0528872099296,1,good
9000001506-1,2021-04-02,7.0,146.8562874251499,1,good
9000001506-1,2021-04-02,8.0,146.99331848552401,1,good
9000001506-1,2021-04-02,9.0,207.6155268022183,1,good
9000001506-1,2021-04-02,10.0,163.761467889908,1,good
9000001506-1,2021-04-02,11.0,204.3132803632229,1,good
9000001506-1,2021-04-02,12.0,193.6920222634509,1,good
9000001506-1,2021-04-02,13.0,202.2624434389144,1,good
9000001506-1,2021-04-02,14.0,259.9771949828957,1,good
9000001506-1,2021-04-02,15.0,259.885151763741,1,good
9000001506-1,2021-04-02,17.0,165.3415669625626,1,good
9000001506-1,2021-04-02,18.0,124.91694352159459,1,good
9000001506-1,2021-04-03,7.0,50.531688643130565,0,bad
9000001506-1,2021-04-03,8.0,72.96248382923672,0,bad
9000001506-1,2021-04-03,9.0,127.2384542884071,0,bad
9000001506-1,2021-04-03,10.0,124.98777506112509,0,bad
9000001506-1,2021-04-03,11.0,201.8835616438351,0,bad
9000001506-1,2021-04-03,12.0,127.95838751625477,0,bad
9000001506-1,2021-04-03,13.0,105.2964426877471,0,bad
9000001506-1,2021-04-03,14.0,110.31055900621121,0,bad
9000001506-1,2021-04-03,15.0,209.0425531914893,0,bad
9000001506-1,2021-04-04,7.0,27.928626842513562,0,good
9000001506-1,2021-04-04,8.0,83.0769230769231,0,good
9000001506-1,2021-04-04,9.0,123.3346022078412,0,good
9000001506-1,2021-04-04,10.0,172.24880382775132,0,good
9000001506-1,2021-04-04,11.0,176.820336062042,0,good
9000001506-1,2021-04-04,12.0,215.6405990016643,0,good
9000001506-1,2021-04-04,13.0,182.7571115973744,0,good
9000001506-1,2021-04-04,14.0,120.24742268041189,0,good
9000001506-1,2021-04-04,15.0,162.8361858190707,0,good
9000001506-1,2021-04-04,16.0,154.9872122762146,0,good
9000001506-1,2021-04-04,17.0,143.11076804322605,0,good
9000001506-1,2021-04-04,19.0,105.29500756429634,0,good
9000001506-1,2021-04-05,6.0,24.98665242925788,1,bad
9000001506-1,2021-04-05,7.0,29.042441248684668,1,bad
9000001506-1,2021-04-05,8.0,80.08474576271179,1,bad
9000001506-1,2021-04-05,9.0,151.66012138521938,1,bad
9000001506-1,2021-04-05,10.0,217.0259408111067,1,bad
9000001506-1,2021-04-05,11.0,286.00461893764435,1,bad
9000001506-1,2021-04-05,12.0,245.6437933693145,1,bad
9000001506-1,2021-04-05,13.0,186.2527716186254,1,bad
9000001506-1,2021-04-05,14.0,173.0517115804812,1,bad
9000001506-1,2021-04-05,15.0,163.8150709865307,1,bad
9000001506-1,2021-04-05,16.0,159.24385633270288,1,bad
9000001506-1,2021-04-05,18.0,145.7349397590363,1,bad
9000001506-1,2021-04-05,19.0,134.15007656967808,1,bad
9000001506-1,2021-04-06,7.0,128.27899924184993,1,bad
9000001506-1,2021-04-06,8.0,103.54609929078009,1,bad
9000001506-1,2021-04-06,9.0,116.5991902834007,1,bad
9000001506-1,2021-04-06,10.0,13.353115727002969,1,bad
9000001506-1,2021-04-06,11.0,7.96812749003984,1,bad
9000001506-1,2021-04-06,12.0,24.098177761249502,1,bad
9000001506-1,2021-04-06,13.0,68.5586258401793,1,bad
9000001506-1,2021-04-06,14.0,120.08995502248871,1,bad
9000001506-1,2021-04-06,15.0,139.2937640871526,1,bad
9000001506-1,2021-04-06,16.0,108.9298892988929,1,bad
9000001506-1,2021-04-06,17.0,81.47295742232457,1,bad
9000001506-1,2021-04-06,18.0,122.35294117647008,1,bad
9000001506-1,2021-04-06,19.0,90.5071521456436,1,bad
9000001506-1,2021-04-07,7.0,6.18291112065264,1,bad
9000001506-1,2021-04-07,8.0,15.561959654178732,1,bad
9000001506-1,2021-04-07,9.0,23.101604278074838,1,bad
9000001506-1,2021-04-07,10.0,70.3074141048824,1,bad
9000001506-1,2021-04-07,11.0,124.04787812839983,1,bad
9000001506-1,2021-04-07,12.0,202.173913043478,1,bad
9000001506-1,2021-04-07,13.0,252.76872964169377,1,bad
9000001506-1,2021-04-07,14.0,240.6725380304234,1,bad
9000001506-1,2021-04-07,15.0,207.38786279683382,1,bad
9000001506-1,2021-04-07,16.0,222.0022839741152,1,bad
9000001506-1,2021-04-07,18.0,131.18971061093234,1,bad
9000001506-1,2021-04-07,19.0,87.05982180738232,1,bad
9000001506-1,2021-04-08,6.0,73.7999999999999,1,bad
9000001506-1,2021-04-08,7.0,75.21613832853039,1,bad
9000001506-1,2021-04-08,8.0,138.6590584878745,1,bad
9000001506-1,2021-04-08,9.0,137.5545851528382,1,bad
9000001506-1,2021-04-08,10.0,181.4569536423847,1,bad
9000001506-1,2021-04-08,11.0,219.4638266617697,1,bad
9000001506-1,2021-04-08,12.0,230.4635761589397,1,bad
9000001506-1,2021-04-08,13.0,229.03107861060354,1,bad
9000001506-1,2021-04-08,14.0,311.981914091936,1,bad
9000001506-1,2021-04-08,16.0,308.2728592162552,1,bad
9000001506-1,2021-04-08,17.0,286.6285714285708,1,bad
9000001506-1,2021-04-08,19.0,143.55828220858862,1,bad
9000001506-1,2021-04-09,6.0,60.264317180616715,1,good
9000001506-1,2021-04-09,7.0,56.83530678148542,1,good
9000001506-1,2021-04-09,8.0,140.51319118178537,1,good
9000001506-1,2021-04-09,9.0,181.68709444845018,1,good
9000001506-1,2021-04-09,10.0,195.6236323851204,1,good
9000001506-1,2021-04-09,11.0,224.5018450184497,1,good
9000001506-1,2021-04-09,12.0,191.7554423344137,1,good
9000001506-1,2021-04-09,13.0,125.8493353028066,1,good
9000001506-1,2021-04-09,14.0,137.1428571428573,1,good
9000001506-1,2021-04-09,15.0,238.6839481555341,1,good
9000001506-1,2021-04-09,16.0,265.11627906976645,1,good
9000001506-1,2021-04-09,17.0,178.7878787878787,1,good
9000001506-1,2021-04-09,19.0,109.6910706728732,1,good
9000001506-1,2021-04-10,6.0,34.08476104598735,0,good
9000001506-1,2021-04-10,7.0,47.769996314043496,0,good
9000001506-1,2021-04-10,8.0,97.0059880239522,0,good
9000001506-1,2021-04-10,9.0,145.09505703422002,0,good
9000001506-1,2021-04-10,10.0,209.6956031567087,0,good
9000001506-1,2021-04-10,11.0,163.891050583657,0,good
9000001506-1,2021-04-10,12.0,202.4380652772319,0,good
9000001506-1,2021-04-10,13.0,175.7503001200475,0,good
9000001506-1,2021-04-10,14.0,220.238553289727,0,good
9000001506-1,2021-04-10,15.0,235.8020096762193,0,good
9000001506-1,2021-04-10,16.0,217.747193045998,0,good
9000001506-1,2021-04-10,17.0,126.85459940652778,0,good
9000001506-1,2021-04-10,19.0,79.08466819221974,0,good
9000001506-1,2021-04-11,7.0,28.4023668639053,0,bad
9000001506-1,2021-04-11,8.0,56.35005336179292,0,bad
9000001506-1,2021-04-11,9.0,75.6247736327417,0,bad
9000001506-1,2021-04-11,10.0,95.96445760829334,0,bad
9000001506-1,2021-04-11,11.0,102.74126924521225,0,bad
9000001506-1,2021-04-11,12.0,126.01326455416424,0,bad
9000001506-1,2021-04-11,13.0,106.11353711790382,0,bad
9000001506-1,2021-04-11,14.0,117.06247716477868,0,bad
9000001506-1,2021-04-11,15.0,114.32695777697599,0,bad
9000001506-1,2021-04-11,16.0,102.48175182481745,0,bad
9000001506-1,2021-04-11,17.0,94.24083769633506,0,bad
9000001506-1,2021-04-11,18.0,89.66542750929385,0,bad
9000001506-1,2021-04-11,19.0,90.22113022113017,0,bad
9000001506-1,2021-04-12,7.0,85.8905800082271,1,bad
9000001506-1,2021-04-12,8.0,92.0259442960701,1,bad
9000001506-1,2021-04-12,9.0,83.34578043315919,1,bad
9000001506-1,2021-04-12,10.0,140.9158050221566,1,bad
9000001506-1,2021-04-12,11.0,122.8942486085347,1,bad
9000001506-1,2021-04-12,12.0,119.01931649331318,1,bad
9000001506-1,2021-04-12,13.0,142.54143646408846,1,bad
9000001506-1,2021-04-12,15.0,159.0955806783147,1,bad
9000001506-1,2021-04-12,16.0,227.36842105263167,1,bad
9000001506-1,2021-04-12,17.0,146.5195891974131,1,bad
9000001506-1,2021-04-12,18.0,154.7391623806026,1,bad
9000001506-1,2021-04-12,19.0,111.60000000000001,1,bad
9000001506-1,2021-04-13,7.0,110.9724770642203,1,bad
9000001506-1,2021-04-13,8.0,134.83636363636418,1,bad
9000001506-1,2021-04-13,9.0,107.69230769230776,1,bad
9000001506-1,2021-04-13,10.0,104.84164543137959,1,bad
9000001506-1,2021-04-13,11.0,122.12197762540632,1,bad
9000001506-1,2021-04-13,12.0,112.74581209031331,1,bad
9000001506-1,2021-04-13,13.0,129.9590621510979,1,bad
9000001506-1,2021-04-13,14.0,184.09854423292214,1,bad
9000001506-1,2021-04-13,15.0,221.82284980744632,1,bad
9000001506-1,2021-04-13,18.0,193.62017804154277,1,bad
9000001506-1,2021-04-13,19.0,127.44907856450101,1,bad
9000001506-1,2021-04-14,7.0,89.0365448504984,1,good
9000001506-1,2021-04-14,8.0,116.21521335807051,1,good
9000001506-1,2021-04-14,9.0,86.8778280542987,1,good
9000001506-1,2021-04-14,10.0,178.5234899328861,1,good
9000001506-1,2021-04-14,11.0,162.5627170976453,1,good
9000001506-1,2021-04-14,12.0,132.5062034739455,1,good
9000001506-1,2021-04-14,13.0,193.8230383973291,1,good
9000001506-1,2021-04-14,14.0,291.68765743073084,1,good
9000001506-1,2021-04-14,16.0,238.9610389610384,1,good
9000001506-1,2021-04-14,17.0,249.09390444810575,1,good
9000001506-1,2021-04-14,18.0,169.8659517426279,1,good
9000001506-1,2021-04-14,19.0,167.58358019466738,1,good
9000001506-1,2021-04-15,6.0,84.44948921679907,1,good
9000001506-1,2021-04-15,7.0,67.6243093922652,1,good
9000001506-1,2021-04-15,8.0,192.1052631578946,1,good
9000001506-1,2021-04-15,9.0,155.4335894621292,1,good
9000001506-1,2021-04-15,10.0,173.03462321792227,1,good
9000001506-1,2021-04-15,11.0,217.1900826446276,1,good
9000001506-1,2021-04-15,12.0,209.1891891891894,1,good
9000001506-1,2021-04-15,13.0,189.40038684719588,1,good
9000001506-1,2021-04-15,14.0,276.3546798029564,1,good
9000001506-1,2021-04-15,15.0,200.00000000000023,1,good
9000001506-1,2021-04-15,19.0,166.2356852604354,1,good
9000001506-1,2021-04-16,6.0,75.3246753246753,1,good
9000001506-1,2021-04-16,7.0,68.72852233676969,1,good
9000001506-1,2021-04-16,8.0,151.70392085012833,1,good
9000001506-1,2021-04-16,9.0,164.9248389405874,1,good
9000001506-1,2021-04-16,10.0,231.6102640386764,1,good
9000001506-1,2021-04-16,11.0,224.9999999999997,1,good
9000001506-1,2021-04-16,12.0,193.7551355792933,1,good
9000001506-1,2021-04-16,13.0,192.4212205823699,1,good
9000001506-1,2021-04-16,14.0,254.4611819235232,1,good
9000001506-1,2021-04-16,15.0,232.25806451612905,1,good
9000001506-1,2021-04-16,16.0,247.8040540540535,1,good
9000001506-1,2021-04-16,17.0,276.00497306257773,1,good
9000001506-1,2021-04-16,19.0,164.3210346139221,1,good
9000001506-1,2021-04-17,6.0,34.57548981943909,0,good
9000001506-1,2021-04-17,7.0,79.2176039119805,0,good
9000001506-1,2021-04-17,8.0,124.27046263345179,0,good
9000001506-1,2021-04-17,9.0,139.906441165887,0,good
9000001506-1,2021-04-17,10.0,169.0203327171906,0,good
9000001506-1,2021-04-17,11.0,150.94043887147308,0,good
9000001506-1,2021-04-17,12.0,116.2679425837319,0,good
9000001506-1,2021-04-17,13.0,153.4133223003727,0,good
9000001506-1,2021-04-17,14.0,129.4416243654817,0,good
9000001506-1,2021-04-17,15.0,82.90909090909082,0,good
9000001506-1,2021-04-17,16.0,137.4492282696991,0,good
9000001506-1,2021-04-17,17.0,179.7941288600836,0,good
9000001506-1,2021-04-17,19.0,107.38049713193129,0,good
9000001506-1,2021-04-18,6.0,22.73342354533148,0,bad
9000001506-1,2021-04-18,7.0,34.50479233226839,0,bad
9000001506-1,2021-04-18,8.0,36.5290412876137,0,bad
9000001506-1,2021-04-18,9.0,65.66523605150205,0,bad
9000001506-1,2021-04-18,10.0,99.17710196779979,0,bad
9000001506-1,2021-04-18,11.0,125.14792899408324,0,bad
9000001506-1,2021-04-18,12.0,114.55742501828846,0,bad
9000001506-1,2021-04-18,13.0,99.02280130293143,0,bad
9000001506-1,2021-04-18,14.0,102.05147333084658,0,bad
9000001506-1,2021-04-18,15.0,80.94360486546256,0,bad
9000001506-1,2021-04-18,16.0,77.39065974796159,0,bad
9000001506-1,2021-04-18,17.0,104.23991726990647,0,bad
9000001506-1,2021-04-18,18.0,84.6394984326018,0,bad
9000001506-1,2021-04-18,19.0,64.41351888667994,0,bad
9000001506-1,2021-04-19,6.0,89.8189134808853,1,bad
9000001506-1,2021-04-19,7.0,59.841329807329004,1,bad
9000001506-1,2021-04-19,8.0,115.5152887882219,1,bad
9000001506-1,2021-04-19,9.0,122.37579379902911,1,bad
9000001506-1,2021-04-19,10.0,118.6671443926909,1,bad
9000001506-1,2021-04-19,11.0,138.9377149407717,1,bad
9000001506-1,2021-04-19,12.0,162.7194620844229,1,bad
9000001506-1,2021-04-19,13.0,167.4740484429064,1,bad
9000001506-1,2021-04-19,14.0,231.25,1,bad
9000001506-1,2021-04-19,15.0,307.885445272656,1,bad
9000001506-1,2021-04-19,16.0,323.2369942196536,1,bad
9000001506-1,2021-04-19,17.0,216.0,1,bad
9000001506-1,2021-04-19,18.0,124.13793103448319,1,bad
9000001506-1,2021-04-19,19.0,136.7781155015198,1,bad
9000001506-1,2021-04-20,6.0,50.53242981606969,1,bad
9000001506-1,2021-04-20,7.0,106.1194029850746,1,bad
9000001506-1,2021-04-20,8.0,96.0556844547563,1,bad
9000001506-1,2021-04-20,9.0,78.8321167883212,1,bad
9000001506-1,2021-04-20,10.0,115.85220500595952,1,bad
9000001506-1,2021-04-20,11.0,138.91951488423348,1,bad
9000001506-1,2021-04-20,12.0,185.1428571428567,1,bad
9000001506-1,2021-04-20,13.0,177.0034843205574,1,bad
9000001506-1,2021-04-20,14.0,316.164616037335,1,bad
9000001506-1,2021-04-20,17.0,264.3356643356642,1,bad
9000001506-1,2021-04-20,19.0,186.95652173913092,1,bad
9000001506-1,2021-04-21,6.0,67.50917244190781,1,bad
9000001506-1,2021-04-21,7.0,65.62158220925991,1,bad
9000001506-1,2021-04-21,8.0,183.33939614405273,1,bad
9000001506-1,2021-04-21,9.0,163.4580457682527,1,bad
9000001506-1,2021-04-21,10.0,185.56701030927852,1,bad
9000001506-1,2021-04-21,11.0,179.55482275350323,1,bad
9000001506-1,2021-04-21,12.0,153.6784741144412,1,bad
9000001506-1,2021-04-21,13.0,202.8776978417261,1,bad
9000001506-1,2021-04-21,14.0,331.8312167144627,1,bad
9000001506-1,2021-04-21,15.0,358.836206896551,1,bad
9000001506-1,2021-04-21,16.0,301.7543859649114,1,bad
9000001506-1,2021-04-21,17.0,271.4508580343215,1,bad
9000001506-1,2021-04-21,19.0,215.63593932322092,1,bad
9000001506-1,2021-04-22,6.0,63.751355258402604,1,good
9000001506-1,2021-04-22,7.0,67.1391271913465,1,good
9000001506-1,2021-04-22,8.0,140.25974025974,1,good
9000001506-1,2021-04-22,9.0,76.1421319796955,1,good
9000001506-1,2021-04-22,10.0,142.9434613724643,1,good
9000001506-1,2021-04-22,11.0,162.590541116319,1,good
9000001506-1,2021-04-22,12.0,155.71428571428538,1,good
9000001506-1,2021-04-22,13.0,224.9999999999995,1,good
9000001506-1,2021-04-22,14.0,340.5405405405403,1,good
9000001506-1,2021-04-22,15.0,309.69581749049496,1,good
9000001506-1,2021-04-22,17.0,200.2877697841724,1,good
9000001506-1,2021-04-22,19.0,178.4886045581764,1,good
9000001506-1,2021-04-23,6.0,70.0162074554295,1,good
9000001506-1,2021-04-23,7.0,127.29439809296781,1,good
9000001506-1,2021-04-23,8.0,93.2130247155748,1,good
9000001506-1,2021-04-23,9.0,112.24944320712659,1,good
9000001506-1,2021-04-23,10.0,204.8229088168803,1,good
9000001506-1,2021-04-23,11.0,205.3333333333337,1,good
9000001506-1,2021-04-23,12.0,175.38461538461559,1,good
9000001506-1,2021-04-23,13.0,242.16459977452087,1,good
9000001506-1,2021-04-23,14.0,269.1306173876522,1,good
9000001506-1,2021-04-23,15.0,296.341463414634,1,good
9000001506-1,2021-04-23,17.0,310.51595116187485,1,good
9000001506-1,2021-04-23,19.0,136.82656826568268,1,good
9000001506-1,2021-04-24,6.0,47.26756564939676,0,good
9000001506-1,2021-04-24,7.0,55.991516436903495,0,good
9000001506-1,2021-04-24,8.0,120.1291711517764,0,good
9000001506-1,2021-04-24,9.0,108.76934414148859,0,good
9000001506-1,2021-04-24,10.0,191.2584777694042,0,good
9000001506-1,2021-04-24,11.0,168.95787139689548,0,good
9000001506-1,2021-04-24,12.0,163.3888048411502,0,good
9000001506-1,2021-04-24,13.0,172.05399489237521,0,good
9000001506-1,2021-04-24,14.0,181.8837964633704,0,good
9000001506-1,2021-04-24,15.0,174.46654611211517,0,good
9000001506-1,2021-04-24,16.0,179.1500181620052,0,good
9000001506-1,2021-04-24,17.0,165.4558932542621,0,good
9000001506-1,2021-04-24,19.0,107.06319702602248,0,good
9000001506-1,2021-04-25,6.0,23.64963503649639,0,good
9000001506-1,2021-04-25,7.0,20.89227421109899,0,good
9000001506-1,2021-04-25,8.0,44.476744186046545,0,good
9000001506-1,2021-04-25,9.0,84.48844884488432,0,good
9000001506-1,2021-04-25,10.0,160.1809954751132,0,good
9000001506-1,2021-04-25,11.0,131.94444444444457,0,good
9000001506-1,2021-04-25,12.0,126.1313868613135,0,good
9000001506-1,2021-04-25,13.0,126.19926199262005,0,good
9000001506-1,2021-04-25,14.0,134.02137854773304,0,good
9000001506-1,2021-04-25,15.0,157.5522850503491,0,good
9000001506-1,2021-04-25,16.0,114.61449942462629,0,good
9000001506-1,2021-04-25,17.0,97.69585253456229,0,good
9000001506-1,2021-04-25,19.0,88.10707456978976,0,good
9000001506-1,2021-04-26,6.0,46.0905349794239,1,bad
9000001506-1,2021-04-26,7.0,69.4813027744271,1,bad
9000001506-1,2021-04-26,8.0,95.1788491446345,1,bad
9000001506-1,2021-04-26,9.0,71.7748240813135,1,bad
9000001506-1,2021-04-26,10.0,115.45595054095841,1,bad
9000001506-1,2021-04-26,11.0,131.9511292114038,1,bad
9000001506-1,2021-04-26,13.0,145.8729364682339,1,bad
9000001506-1,2021-04-26,14.0,149.26498303807,1,bad
9000001506-1,2021-04-26,15.0,186.8904037755644,1,bad
9000001506-1,2021-04-26,17.0,161.55938349954698,1,bad
9000001506-1,2021-04-26,18.0,118.5465556396671,1,bad
9000001506-1,2021-04-26,19.0,123.95409107737927,1,bad
9000001506-1,2021-04-27,6.0,27.763496143958882,1,bad
9000001506-1,2021-04-27,7.0,34.12921348314605,1,bad
9000001506-1,2021-04-27,8.0,42.764578833693314,1,bad
9000001506-1,2021-04-27,9.0,66.4065271372827,1,bad
9000001506-1,2021-04-27,10.0,107.96144234202062,1,bad
9000001506-1,2021-04-27,11.0,97.71428571428581,1,bad
9000001506-1,2021-04-27,12.0,107.98698951933504,1,bad
9000001506-1,2021-04-27,13.0,94.98680738786292,1,bad
9000001506-1,2021-04-27,14.0,108.31139526137662,1,bad
9000001506-1,2021-04-27,15.0,92.92035398230102,1,bad
9000001506-1,2021-04-27,16.0,114.68326620285576,1,bad
9000001506-1,2021-04-27,17.0,103.92301998519626,1,bad
9000001506-1,2021-04-27,18.0,100.14836795252218,1,bad
9000001506-1,2021-04-27,19.0,103.73106760251149,1,bad
9000001506-1,2021-04-28,6.0,81.84971098265899,1,good
9000001506-1,2021-04-28,7.0,94.02504472271919,1,good
9000001506-1,2021-04-28,8.0,110.34980165885308,1,good
9000001506-1,2021-04-28,9.0,135.89743589743568,1,good
9000001506-1,2021-04-28,10.0,102.11745904914102,1,good
9000001506-1,2021-04-28,13.0,157.7060931899634,1,good
9000001506-1,2021-04-28,14.0,168.9149560117304,1,good
9000001506-1,2021-04-28,15.0,205.86256607400202,1,good
9000001506-1,2021-04-28,16.0,209.47976878612718,1,good
9000001506-1,2021-04-28,17.0,147.39948358539272,1,good
9000001506-1,2021-04-28,18.0,145.8911819887433,1,good
9000001506-1,2021-04-28,19.0,127.0588235294118,1,good
9000001506-1,2021-04-29,6.0,68.07131280388973,1,good
9000001506-1,2021-04-29,7.0,59.3406593406593,1,good
9000001506-1,2021-04-29,8.0,78.95910780669139,1,good
9000001506-1,2021-04-29,9.0,66.7817083692838,1,good
9000001506-1,2021-04-29,10.0,74.05541561712849,1,good
9000001506-1,2021-04-29,11.0,67.6573426573427,1,good
9000001506-1,2021-04-29,12.0,90.18789144050109,1,good
9000001506-1,2021-04-29,13.0,119.8975234842014,1,good
9000001506-1,2021-04-29,14.0,171.6981132075473,1,good
9000001506-1,2021-04-29,15.0,136.4431486880465,1,good
9000001506-1,2021-04-29,16.0,147.62921828278536,1,good
9000001506-1,2021-04-29,19.0,116.87313114053828,1,good
9000001506-1,2021-04-30,6.0,61.969575660528506,1,bad
9000001506-1,2021-04-30,7.0,59.4768242312987,1,bad
9000001506-1,2021-04-30,8.0,52.4526469159786,1,bad
9000001506-1,2021-04-30,9.0,74.04814004376364,1,bad
9000001506-1,2021-04-30,10.0,97.44998038446448,1,bad
9000001506-1,2021-04-30,11.0,95.6413449564134,1,bad
9000001506-1,2021-04-30,12.0,115.86946803755039,1,bad
9000001506-1,2021-04-30,13.0,121.64383561643848,1,bad
9000001506-1,2021-04-30,14.0,131.136166522116,1,bad
9000001506-1,2021-04-30,15.0,104.80349344978171,1,bad
9000001506-1,2021-04-30,16.0,169.91618879576504,1,bad
9000001506-1,2021-04-30,19.0,122.68080272624034,1,bad
9000001506-1,2021-05-01,6.0,5.755395683453241,0,good
9000001506-1,2021-05-01,7.0,15.645989727380469,0,good
9000001506-1,2021-05-01,8.0,35.337423312883416,0,good
9000001506-1,2021-05-01,9.0,51.11281657712969,0,good
9000001506-1,2021-05-01,10.0,116.08742386241549,0,good
9000001506-1,2021-05-01,11.0,117.26384364820804,0,good
9000001506-1,2021-05-01,12.0,135.6483191725159,0,good
9000001506-1,2021-05-01,13.0,121.76470588235324,0,good
9000001506-1,2021-05-01,14.0,103.4328358208956,0,good
9000001506-1,2021-05-01,15.0,71.53228888039736,0,good
9000001506-1,2021-05-01,16.0,53.49650349650355,0,good
9000001506-1,2021-05-01,18.0,124.62137602769417,0,good
9000001506-1,2021-05-01,19.0,90.85588880760793,0,good
9000001506-1,2021-05-02,6.0,12.111017661900801,0,bad
9000001506-1,2021-05-02,7.0,30.280373831775798,0,bad
9000001506-1,2021-05-02,8.0,29.20234339792704,0,bad
9000001506-1,2021-05-02,9.0,38.74300473525617,0,bad
9000001506-1,2021-05-02,10.0,69.69026548672564,0,bad
9000001506-1,2021-05-02,11.0,83.05235137533283,0,bad
9000001506-1,2021-05-02,12.0,81.00810081008092,0,bad
9000001506-1,2021-05-02,13.0,62.34458259325053,0,bad
9000001506-1,2021-05-02,18.0,78.7243735763097,0,bad
9000001506-1,2021-05-02,19.0,68.88519134775375,0,bad
9000001506-1,2021-05-03,6.0,70.2515177797051,1,good
9000001506-1,2021-05-03,7.0,84.2809364548496,1,good
9000001506-1,2021-05-03,8.0,97.9500559075662,1,good
9000001506-1,2021-05-03,10.0,65.2113330236879,1,good
9000001506-1,2021-05-03,11.0,104.1666666666665,1,good
9000001506-1,2021-05-03,12.0,62.24366706875758,1,good
9000001506-1,2021-05-03,13.0,86.4768683274022,1,good
9000001506-1,2021-05-03,14.0,176.2929061784895,1,good
9000001506-1,2021-05-03,15.0,246.4188576609243,1,good
9000001506-1,2021-05-03,16.0,348.4403669724787,1,good
9000001506-1,2021-05-03,17.0,292.4413553431807,1,good
9000001506-1,2021-05-03,19.0,145.2034883720934,1,good
9000001506-1,2021-05-04,6.0,48.81355932203388,1,good
9000001506-1,2021-05-04,7.0,10.5340160936357,1,good
9000001506-1,2021-05-04,8.0,60.90225563909769,1,good
9000001506-1,2021-05-04,9.0,105.73065902578801,1,good
9000001506-1,2021-05-04,10.0,111.28491620111728,1,good
9000001506-1,2021-05-04,11.0,110.12815212897891,1,good
9000001506-1,2021-05-04,12.0,98.1515711645101,1,good
9000001506-1,2021-05-04,13.0,158.0333625987711,1,good
9000001506-1,2021-05-04,14.0,255.44554455445558,1,good
9000001506-1,2021-05-04,15.0,274.94754511120533,1,good
9000001506-1,2021-05-04,16.0,332.6876513317187,1,good
9000001506-1,2021-05-04,17.0,260.9690957649756,1,good
9000001506-1,2021-05-04,19.0,153.4090909090907,1,good
9000001506-1,2021-05-05,6.0,64.40306681270539,1,bad
9000001506-1,2021-05-05,7.0,56.7141785446362,1,bad
9000001506-1,2021-05-05,8.0,95.5620074657818,1,bad
9000001506-1,2021-05-05,9.0,70.9207708779443,1,bad
9000001506-1,2021-05-05,10.0,68.2464454976303,1,bad
9000001506-1,2021-05-05,11.0,63.3380884450784,1,bad
9000001506-1,2021-05-05,12.0,86.1163227016886,1,bad
9000001506-1,2021-05-05,13.0,116.23931623931608,1,bad
9000001506-1,2021-05-05,15.0,199.1489361702129,1,bad
9000001506-1,2021-05-05,17.0,131.9285387082,1,bad
9000001506-1,2021-05-05,18.0,158.32621690862518,1,bad
9000001506-1,2021-05-05,19.0,115.04286827747471,1,bad
9000001506-1,2021-05-06,6.0,93.55149181905688,1,bad
9000001506-1,2021-05-06,7.0,57.3203883495146,1,bad
9000001506-1,2021-05-06,8.0,73.159509202454,1,bad
9000001506-1,2021-05-06,9.0,86.55892786755999,1,bad
9000001506-1,2021-05-06,10.0,86.4988558352402,1,bad
9000001506-1,2021-05-06,11.0,102.012320328542,1,bad
9000001506-1,2021-05-06,12.0,121.2543554006972,1,bad
9000001506-1,2021-05-06,13.0,133.9719970523212,1,bad
9000001506-1,2021-05-06,14.0,195.0000000000006,1,bad
9000001506-1,2021-05-06,15.0,143.0369787568846,1,bad
9000001506-1,2021-05-06,16.0,164.01544401544433,1,bad
9000001506-1,2021-05-06,17.0,181.1730629978272,1,bad
9000001506-1,2021-05-06,18.0,173.9825581395348,1,bad
9000001506-1,2021-05-06,19.0,135.2232459248758,1,bad
9000001506-1,2021-05-07,6.0,93.0762489044698,1,bad
9000001506-1,2021-05-07,7.0,96.13003095975239,1,bad
9000001506-1,2021-05-07,8.0,101.6129032258064,1,bad
9000001506-1,2021-05-07,9.0,91.1764705882353,1,bad
9000001506-1,2021-05-07,10.0,112.3666534966417,1,bad
9000001506-1,2021-05-07,11.0,93.6524453694069,1,bad
9000001506-1,2021-05-07,12.0,116.99604743083,1,bad
9000001506-1,2021-05-07,13.0,111.8796992481204,1,bad
9000001506-1,2021-05-07,14.0,151.1936339522547,1,bad
9000001506-1,2021-05-07,15.0,125.92916484477449,1,bad
9000001506-1,2021-05-07,16.0,113.52697095435678,1,bad
9000001506-1,2021-05-07,17.0,201.7363851617994,1,bad
9000001506-1,2021-05-07,18.0,105.340160936357,1,bad
9000001506-1,2021-05-07,19.0,78.63754165124034,1,bad
9000001506-1,2021-05-08,6.0,10.6824925816024,0,good
9000001506-1,2021-05-08,7.0,6.74409891345073,0,good
9000001506-1,2021-05-08,8.0,61.6168973051711,0,good
9000001506-1,2021-05-08,9.0,73.34200260078032,0,good
9000001506-1,2021-05-08,10.0,74.32503970354676,0,good
9000001506-1,2021-05-08,11.0,86.0420650095602,0,good
9000001506-1,2021-05-08,12.0,96.875,0,good
9000001506-1,2021-05-08,13.0,127.2233009708741,0,good
9000001506-1,2021-05-08,14.0,135.0000000000003,0,good
9000001506-1,2021-05-08,15.0,186.1171366594366,0,good
9000001506-1,2021-05-08,16.0,146.83544303797447,0,good
9000001506-1,2021-05-08,17.0,140.9717186366934,0,good
9000001506-1,2021-05-08,19.0,97.2972972972973,0,good
9000001506-1,2021-05-09,5.0,13.8842975206612,0,good
9000001506-1,2021-05-09,6.0,6.562158220925991,0,good
9000001506-1,2021-05-09,7.0,21.13761467889909,0,good
9000001506-1,2021-05-09,8.0,46.65226781857447,0,good
9000001506-1,2021-05-09,9.0,62.508858965272914,0,good
9000001506-1,2021-05-09,10.0,102.3763147643163,0,good
9000001506-1,2021-05-09,11.0,95.82255083179295,0,good
9000001506-1,2021-05-09,12.0,101.93548387096786,0,good
9000001506-1,2021-05-09,13.0,97.39985945186216,0,good
9000001506-1,2021-05-09,14.0,119.1969003170125,0,good
9000001506-1,2021-05-09,15.0,136.56069364161857,0,good
9000001506-1,2021-05-09,16.0,118.28571428571443,0,good
9000001506-1,2021-05-09,17.0,140.08810572687221,0,good
9000001506-1,2021-05-09,19.0,109.61752692164897,0,good
9000001506-1,2021-05-10,6.0,45.222687476208606,1,good
9000001506-1,2021-05-10,7.0,72.4177949709865,1,good
9000001506-1,2021-05-10,8.0,115.4441577589383,1,good
9000001506-1,2021-05-10,9.0,121.29963898917032,1,good
9000001506-1,2021-05-10,10.0,106.6059225512527,1,good
9000001506-1,2021-05-10,11.0,136.1994840928628,1,good
9000001506-1,2021-05-10,12.0,123.0524642289348,1,good
9000001506-1,2021-05-10,13.0,155.1844660194178,1,good
9000001506-1,2021-05-10,14.0,230.8589195491644,1,good
9000001506-1,2021-05-10,15.0,291.9309514251295,1,good
9000001506-1,2021-05-10,16.0,342.2104866088255,1,good
9000001506-1,2021-05-10,17.0,338.7581951407648,1,good
9000001506-1,2021-05-10,19.0,159.5792637114947,1,good
9000001506-1,2021-05-11,6.0,28.421052631578952,1,good
9000001506-1,2021-05-11,7.0,55.1569506726457,1,good
9000001506-1,2021-05-11,8.0,81.2227074235808,1,good
9000001506-1,2021-05-11,9.0,99.1875662310138,1,good
9000001506-1,2021-05-11,10.0,113.7852246763137,1,good
9000001506-1,2021-05-11,11.0,87.23747980613899,1,good
9000001506-1,2021-05-11,12.0,120.5198897203623,1,good
9000001506-1,2021-05-11,13.0,130.7024467245459,1,good
9000001506-1,2021-05-11,14.0,221.9548872180452,1,good
9000001506-1,2021-05-11,15.0,239.81623277182297,1,good
9000001506-1,2021-05-11,16.0,227.72354549004228,1,good
9000001506-1,2021-05-11,17.0,277.24458204334337,1,good
9000001506-1,2021-05-11,18.0,206.12757408337524,1,good
9000001506-1,2021-05-11,19.0,158.56955952900103,1,good
9000001506-1,2021-05-12,6.0,73.6804308797127,1,good
9000001506-1,2021-05-12,7.0,100.36205648081088,1,good
9000001506-1,2021-05-12,8.0,117.19647644580618,1,good
9000001506-1,2021-05-12,9.0,85.58888076078999,1,good
9000001506-1,2021-05-12,10.0,88.0820836621942,1,good
9000001506-1,2021-05-12,11.0,140.5604042259988,1,good
9000001506-1,2021-05-12,12.0,116.79088119245961,1,good
9000001506-1,2021-05-12,13.0,125.23117569352759,1,good
9000001506-1,2021-05-12,14.0,190.3553299492384,1,good
9000001506-1,2021-05-12,17.0,206.071118820468,1,good
9000001506-1,2021-05-12,19.0,154.62555066079273,1,good
9000001506-1,2021-05-13,6.0,70.8240534521158,1,good
9000001506-1,2021-05-13,7.0,106.1870503597122,1,good
9000001506-1,2021-05-13,8.0,68.3450268262485,1,good
9000001506-1,2021-05-13,9.0,75.095785440613,1,good
9000001506-1,2021-05-13,11.0,103.44827586206898,1,good
9000001506-1,2021-05-13,12.0,130.7573415765067,1,good
9000001506-1,2021-05-13,13.0,122.5239005736137,1,good
9000001506-1,2021-05-13,14.0,181.9444444444443,1,good
9000001506-1,2021-05-13,15.0,219.1852825229963,1,good
9000001506-1,2021-05-13,18.0,184.9907578558231,1,good
9000001506-1,2021-05-13,19.0,149.4722026741731,1,good
9000001506-1,2021-05-14,6.0,78.60262008733622,1,bad
9000001506-1,2021-05-14,7.0,124.9006143838092,1,bad
9000001506-1,2021-05-14,8.0,135.75240128068359,1,bad
9000001506-1,2021-05-14,9.0,136.4210526315792,1,bad
9000001506-1,2021-05-14,10.0,127.9317697228147,1,bad
9000001506-1,2021-05-14,11.0,132.0512820512825,1,bad
9000001506-1,2021-05-14,12.0,146.5272591486187,1,bad
9000001506-1,2021-05-14,13.0,181.730769230769,1,bad
9000001506-1,2021-05-14,14.0,170.67603160667272,1,bad
9000001506-1,2021-05-14,15.0,124.70373746581599,1,bad
9000001506-1,2021-05-14,16.0,272.45657568238147,1,bad
9000001506-1,2021-05-14,17.0,227.3684210526319,1,bad
9000001506-1,2021-05-14,19.0,62.907069102462245,1,bad
9000001506-1,2021-05-15,6.0,36.5138993238167,0,good
9000001506-1,2021-05-15,7.0,36.9296073576229,0,good
9000001506-1,2021-05-15,8.0,65.2947331705616,0,good
9000001506-1,2021-05-15,9.0,99.7414111562616,0,good
9000001506-1,2021-05-15,10.0,103.28425821064548,0,good
9000001506-1,2021-05-15,11.0,91.3846153846154,0,good
9000001506-1,2021-05-15,12.0,88.04347826086948,0,good
9000001506-1,2021-05-15,13.0,82.56880733944946,0,good
9000001506-1,2021-05-15,15.0,66.90843155031729,0,good
9000001506-1,2021-05-15,16.0,89.34707903780068,0,good
9000001506-1,2021-05-15,19.0,97.44160177975529,0,good
9000001506-1,2021-05-16,6.0,16.92789968652033,0,good
9000001506-1,2021-05-16,7.0,24.93938344302049,0,good
9000001506-1,2021-05-16,8.0,45.11610762992995,0,good
9000001506-1,2021-05-16,9.0,62.23968565815327,0,good
9000001506-1,2021-05-16,10.0,61.61026837806299,0,good
9000001506-1,2021-05-16,11.0,79.2176039119805,0,good
9000001506-1,2021-05-16,12.0,60.3267700041894,0,good
9000001506-1,2021-05-16,13.0,70.74586869138021,0,good
9000001506-1,2021-05-16,14.0,90.2429618202854,0,good
9000001506-1,2021-05-16,17.0,50.00000000000007,0,good
9000001506-1,2021-05-16,18.0,50.24630541871922,0,good
9000001506-1,2021-05-16,19.0,93.842085379675,0,good
9000001506-1,2021-05-17,7.0,48.0549199084667,1,good
9000001506-1,2021-05-17,8.0,71.4640198511167,1,good
9000001506-1,2021-05-17,9.0,51.8987341772151,1,good
9000001506-1,2021-05-17,10.0,43.16860465116283,1,good
9000001506-1,2021-05-17,11.0,111.55668975574179,1,good
9000001506-1,2021-05-17,12.0,87.8048780487805,1,good
9000001506-1,2021-05-17,13.0,122.7125941872983,1,good
9000001506-1,2021-05-17,14.0,147.9452054794524,1,good
9000001506-1,2021-05-17,15.0,171.0179640718559,1,good
9000001506-1,2021-05-17,16.0,291.1086717892426,1,good
9000001506-1,2021-05-17,17.0,177.33142037302702,1,good
9000001506-1,2021-05-17,18.0,114.2638623326961,1,good
9000001506-1,2021-05-17,19.0,135.47628381027008,1,good
9000001506-1,2021-05-17,20.0,61.578947368421055,1,good
9000001506-1,2021-05-18,6.0,68.5956245589273,1,good
9000001506-1,2021-05-18,7.0,108.1932021466906,1,good
9000001506-1,2021-05-18,8.0,121.60450387051371,1,good
9000001506-1,2021-05-18,9.0,88.3671291355389,1,good
9000001506-1,2021-05-18,10.0,87.1670702179176,1,good
9000001506-2,2021-01-29,8.0,203.409644422796,1,bad
9000001506-2,2021-01-29,9.0,170.735294117647,1,bad
9000001506-2,2021-01-29,10.0,145.172031076582,1,bad
9000001506-2,2021-01-29,11.0,137.44493392070498,1,bad
9000001506-2,2021-01-29,12.0,109.327548806942,1,bad
9000001506-2,2021-01-29,13.0,135.149061464851,1,bad
9000001506-2,2021-01-29,14.0,72.7272727272727,1,bad
9000001506-2,2021-01-29,15.0,119.132750095093,1,bad
9000001506-2,2021-01-29,16.0,87.6140808344199,1,bad
9000001506-2,2021-01-30,8.0,70.362473347548,0,bad
9000001506-2,2021-01-30,9.0,74.5714285714286,0,bad
9000001506-2,2021-01-30,10.0,111.638088288946,0,bad
9000001506-2,2021-01-30,11.0,113.99116347569901,0,bad
9000001506-2,2021-01-30,12.0,122.666666666667,0,bad
9000001506-2,2021-01-30,13.0,104.791759964174,0,bad
9000001506-2,2021-01-30,15.0,111.137162954279,0,bad
9000001506-2,2021-01-30,16.0,165.763089491273,0,bad
9000001506-2,2021-01-31,8.0,18.3206106870229,0,bad
9000001506-2,2021-01-31,9.0,60.428571428571395,0,bad
9000001506-2,2021-01-31,10.0,71.5576436573907,0,bad
9000001506-2,2021-01-31,11.0,74.4287268770402,0,bad
9000001506-2,2021-01-31,12.0,81.54914139568871,0,bad
9000001506-2,2021-01-31,13.0,112.70718232044202,0,bad
9000001506-2,2021-01-31,14.0,126.075371145793,0,bad
9000001506-2,2021-01-31,15.0,126.223520818116,0,bad
9000001506-2,2021-01-31,16.0,147.909024211299,0,bad
9000001506-2,2021-02-01,7.0,274.645957058017,1,bad
9000001506-2,2021-02-01,8.0,163.51931330472098,1,bad
9000001506-2,2021-02-01,9.0,88.34355828220859,1,bad
9000001506-2,2021-02-01,10.0,108.065099457505,1,bad
9000001506-2,2021-02-01,11.0,96.56214582546272,1,bad
9000001506-2,2021-02-01,12.0,109.132770529547,1,bad
9000001506-2,2021-02-01,13.0,102.74566473988399,1,bad
9000001506-2,2021-02-01,14.0,114.893617021276,1,bad
9000001506-2,2021-02-01,16.0,107.275541795666,1,bad
9000001506-2,2021-02-02,8.0,151.877011083303,1,bad
9000001506-2,2021-02-02,9.0,88.85662431941921,1,bad
9000001506-2,2021-02-02,10.0,130.406147091109,1,bad
9000001506-2,2021-02-02,11.0,113.314037626628,1,bad
9000001506-2,2021-02-02,12.0,116.437749224634,1,bad
9000001506-2,2021-02-02,14.0,136.633663366336,1,bad
9000001506-2,2021-02-02,15.0,124.13793103448299,1,bad
9000001506-2,2021-02-02,16.0,105.028790786948,1,bad
9000001506-2,2021-02-03,8.0,199.58932238193,1,good
9000001506-2,2021-02-03,9.0,221.658819268382,1,good
9000001506-2,2021-02-03,10.0,156.69494651420098,1,good
9000001506-2,2021-02-03,11.0,188.43338213762797,1,good
9000001506-2,2021-02-03,12.0,194.268701153704,1,good
9000001506-2,2021-02-03,13.0,181.333333333334,1,good
9000001506-2,2021-02-03,14.0,102.272727272727,1,good
9000001506-2,2021-02-03,15.0,127.094853253935,1,good
9000001506-2,2021-02-03,16.0,103.933054393305,1,good
9000001506-2,2021-02-04,8.0,251.806302843966,1,good
9000001506-2,2021-02-04,9.0,192.376681614349,1,good
9000001506-2,2021-02-04,10.0,154.224514081714,1,good
9000001506-2,2021-02-04,11.0,126.215139442231,1,good
9000001506-2,2021-02-04,12.0,118.010026995758,1,good
9000001506-2,2021-02-04,13.0,131.506849315068,1,good
9000001506-2,2021-02-04,14.0,101.84312044577801,1,good
9000001506-2,2021-02-04,15.0,146.48385670057502,1,good
9000001506-2,2021-02-04,16.0,117.58064516129,1,good
9000001506-2,2021-02-05,8.0,259.698196540301,1,good
9000001506-2,2021-02-05,9.0,178.751369112815,1,good
9000001506-2,2021-02-05,10.0,166.323024054983,1,good
9000001506-2,2021-02-05,11.0,179.85837922895303,1,good
9000001506-2,2021-02-05,12.0,138.51481338976498,1,good
9000001506-2,2021-02-05,13.0,151.77304964539,1,good
9000001506-2,2021-02-05,14.0,130.296868645791,1,good
9000001506-2,2021-02-05,15.0,110.67719152472,1,good
9000001506-2,2021-02-05,16.0,124.47552447552499,1,good
9000001506-2,2021-02-06,8.0,87.2623574144487,0,good
9000001506-2,2021-02-06,9.0,103.646833013436,0,good
9000001506-2,2021-02-06,10.0,113.896676011213,0,good
9000001506-2,2021-02-06,11.0,110.233682514102,0,good
9000001506-2,2021-02-06,12.0,108.148148148148,0,good
9000001506-2,2021-02-06,13.0,135.327405012126,0,good
9000001506-2,2021-02-06,14.0,125.20515826494699,0,good
9000001506-2,2021-02-06,15.0,161.596009975063,0,good
9000001506-2,2021-02-06,16.0,122.375215146299,0,good
9000001506-2,2021-02-07,7.0,20.5714285714286,0,bad
9000001506-2,2021-02-07,8.0,32.4211984759266,0,bad
9000001506-2,2021-02-07,9.0,56.72407475265661,0,bad
9000001506-2,2021-02-07,10.0,88.1209503239741,0,bad
9000001506-2,2021-02-07,11.0,101.167883211679,0,bad
9000001506-2,2021-02-07,12.0,127.912087912088,0,bad
9000001506-2,2021-02-07,13.0,122.394678492239,0,bad
9000001506-2,2021-02-07,14.0,94.2477876106196,0,bad
9000001506-2,2021-02-07,15.0,112.882508500189,0,bad
9000001506-2,2021-02-07,16.0,140.242057488654,0,bad
9000001506-2,2021-02-08,8.0,43.2192085371276,1,bad
9000001506-2,2021-02-08,9.0,62.56139025311671,1,bad
9000001506-2,2021-02-08,10.0,62.7482772598298,1,bad
9000001506-2,2021-02-08,11.0,98.0544747081711,1,bad
9000001506-2,2021-02-08,12.0,107.801418439716,1,bad
9000001506-2,2021-02-08,13.0,101.346389228886,1,bad
9000001506-2,2021-02-08,14.0,83.82536382536391,1,bad
9000001506-2,2021-02-08,15.0,161.309780267126,1,bad
9000001506-2,2021-02-08,16.0,155.267175572519,1,bad
9000001506-2,2021-02-09,8.0,271.747893001099,1,bad
9000001506-2,2021-02-09,9.0,176.768046903628,1,bad
9000001506-2,2021-02-09,10.0,189.059080962801,1,bad
9000001506-2,2021-02-09,11.0,129.27812385489202,1,bad
9000001506-2,2021-02-09,12.0,159.350793065289,1,bad
9000001506-2,2021-02-09,13.0,142.547627941725,1,bad
9000001506-2,2021-02-09,14.0,121.54779969651,1,bad
9000001506-2,2021-02-09,15.0,97.9079497907949,1,bad
9000001506-2,2021-02-09,16.0,90.0726392251816,1,bad
9000001506-2,2021-02-10,8.0,279.573058520426,1,bad
9000001506-2,2021-02-10,9.0,173.08982482295897,1,bad
9000001506-2,2021-02-10,10.0,185.173978819969,1,bad
9000001506-2,2021-02-10,11.0,164.57933154053,1,bad
9000001506-2,2021-02-10,12.0,141.61764705882402,1,bad
9000001506-2,2021-02-10,13.0,127.4970155193,1,bad
9000001506-2,2021-02-10,14.0,126.56811825808998,1,bad
9000001506-2,2021-02-10,15.0,96.6061562746645,1,bad
9000001506-2,2021-02-10,16.0,100.66955494289101,1,bad
9000001506-2,2021-02-11,8.0,302.047370533921,1,bad
9000001506-2,2021-02-11,9.0,178.733385457388,1,bad
9000001506-2,2021-02-11,10.0,164.679415073116,1,bad
9000001506-2,2021-02-11,11.0,165.824665676077,1,bad
9000001506-2,2021-02-11,12.0,134.29767795965,1,bad
9000001506-2,2021-02-11,13.0,139.63133640553002,1,bad
9000001506-2,2021-02-11,14.0,127.433628318584,1,bad
9000001506-2,2021-02-11,15.0,73.29678935003909,1,bad
9000001506-2,2021-02-11,16.0,107.482993197279,1,bad
9000001506-2,2021-02-12,7.0,331.096871466264,1,bad
9000001506-2,2021-02-12,8.0,158.648549394051,1,bad
9000001506-2,2021-02-12,9.0,107.12008501593999,1,bad
9000001506-2,2021-02-12,11.0,88.70636550308019,1,bad
9000001506-2,2021-02-12,12.0,132.384341637011,1,bad
9000001506-2,2021-02-12,13.0,106.229508196721,1,bad
9000001506-2,2021-02-12,14.0,93.73191899710699,1,bad
9000001506-2,2021-02-12,16.0,73.04747320061259,1,bad
9000001506-2,2021-02-13,7.0,72.0786312340735,0,bad
9000001506-2,2021-02-13,8.0,61.69225276686901,0,bad
9000001506-2,2021-02-13,9.0,106.12557427258801,0,bad
9000001506-2,2021-02-13,10.0,147.792408985283,0,bad
9000001506-2,2021-02-13,11.0,84.375,0,bad
9000001506-2,2021-02-13,12.0,105.017502917153,0,bad
9000001506-2,2021-02-13,13.0,111.801242236025,0,bad
9000001506-2,2021-02-13,14.0,122.621251388375,0,bad
9000001506-2,2021-02-13,15.0,158.14696485623,0,bad
9000001506-2,2021-02-13,16.0,87.7297990594271,0,bad
9000001506-2,2021-02-14,7.0,17.1617161716172,0,bad
9000001506-2,2021-02-14,8.0,11.5343538625846,0,bad
9000001506-2,2021-02-14,9.0,52.273595720290395,0,bad
9000001506-2,2021-02-14,10.0,88.3516483516483,0,bad
9000001506-2,2021-02-14,11.0,134.918918918919,0,bad
9000001506-2,2021-02-14,12.0,147.449768160742,0,bad
9000001506-2,2021-02-14,13.0,206.10169491525502,0,bad
9000001506-2,2021-02-14,14.0,180.13646702047,0,bad
9000001506-2,2021-02-14,15.0,209.73451327433602,0,bad
9000001506-2,2021-02-14,16.0,145.765230312036,0,bad
9000001506-2,2021-02-15,8.0,138.872403560831,1,bad
9000001506-2,2021-02-15,9.0,158.64406779661005,1,bad
9000001506-2,2021-02-15,10.0,164.487369985141,1,bad
9000001506-2,2021-02-15,11.0,166.21473067057502,1,bad
9000001506-2,2021-02-15,12.0,180.83363021018798,1,bad
9000001506-2,2021-02-15,13.0,155.539143279173,1,bad
9000001506-2,2021-02-15,14.0,128.716597666541,1,bad
9000001506-2,2021-02-15,15.0,76.1069006781013,1,bad
9000001506-2,2021-02-15,16.0,112.5,1,bad
9000001506-2,2021-02-15,17.0,131.012658227848,1,bad
9000001506-2,2021-02-16,8.0,154.48275862069,1,bad
9000001506-2,2021-02-16,9.0,83.3876221498371,1,bad
9000001506-2,2021-02-16,10.0,139.298669891173,1,bad
9000001506-2,2021-02-16,11.0,128.759124087591,1,bad
9000001506-2,2021-02-16,12.0,154.045307443365,1,bad
9000001506-2,2021-02-16,13.0,146.857772877619,1,bad
9000001506-2,2021-02-16,14.0,130.376940133038,1,bad
9000001506-2,2021-02-16,16.0,86.9409660107335,1,bad
9000001506-2,2021-02-17,8.0,256.8634552698301,1,bad
9000001506-2,2021-02-17,9.0,188.9901567626692,1,bad
9000001506-2,2021-02-17,10.0,164.2433234421364,1,bad
9000001506-2,2021-02-17,11.0,217.0588235294117,1,bad
9000001506-2,2021-02-17,12.0,104.80151228733469,1,bad
9000001506-2,2021-02-17,13.0,120.5741626794261,1,bad
9000001506-2,2021-02-17,14.0,140.8345752608044,1,bad
9000001506-2,2021-02-17,17.0,125.70850202429214,1,bad
9000001506-2,2021-02-18,7.0,355.4919499105544,1,good
9000001506-2,2021-02-18,8.0,174.4897959183669,1,good
9000001506-2,2021-02-18,9.0,116.5933626549381,1,good
9000001506-2,2021-02-18,10.0,104.17582417582409,1,good
9000001506-2,2021-02-18,11.0,122.6666666666666,1,good
9000001506-2,2021-02-18,12.0,117.5845043676415,1,good
9000001506-2,2021-02-19,8.0,243.59912216532618,1,bad
9000001506-2,2021-02-19,9.0,171.8658892128278,1,bad
9000001506-2,2021-02-19,10.0,128.4683239775459,1,bad
9000001506-2,2021-02-19,12.0,152.611657834973,1,bad
9000001506-2,2021-02-19,13.0,116.6541070082896,1,bad
9000001506-2,2021-02-19,14.0,105.96330275229352,1,bad
9000001506-2,2021-02-19,15.0,72.5978647686833,1,bad
9000001506-2,2021-02-19,16.0,131.11197210383588,1,bad
9000001506-2,2021-02-20,7.0,80.16194331983812,0,good
9000001506-2,2021-02-20,8.0,70.28753993610228,0,good
9000001506-2,2021-02-20,9.0,87.13872832369941,0,good
9000001506-2,2021-02-20,10.0,80.4169769173493,0,good
9000001506-2,2021-02-20,12.0,115.2412804586717,0,good
9000001506-2,2021-02-20,16.0,73.00380228136883,0,good
9000001506-2,2021-02-20,17.0,152.19206680584517,0,good
9000001506-2,2021-02-21,7.0,33.80869565217393,0,good
9000001506-2,2021-02-21,8.0,54.36893203883489,0,good
9000001506-2,2021-02-21,9.0,94.0152339499456,0,good
9000001506-2,2021-02-21,10.0,67.94918330308529,0,good
9000001506-2,2021-02-21,11.0,87.58169934640522,0,good
9000001506-2,2021-02-21,12.0,86.38867033831629,0,good
9000001506-2,2021-02-21,13.0,99.5327102803738,0,good
9000001506-2,2021-02-21,14.0,100.82840236686391,0,good
9000001506-2,2021-02-21,16.0,93.41317365269458,0,good
9000001506-2,2021-02-21,17.0,127.41935483870934,0,good
9000001506-2,2021-02-22,7.0,305.78426263679063,1,good
9000001506-2,2021-02-22,8.0,197.42930591259645,1,good
9000001506-2,2021-02-22,9.0,155.2361396303904,1,good
9000001506-2,2021-02-22,10.0,116.1290322580644,1,good
9000001506-2,2021-02-22,11.0,156.0420315236428,1,good
9000001506-2,2021-02-22,12.0,142.97658862876239,1,good
9000001506-2,2021-02-22,13.0,131.2499999999997,1,good
9000001506-2,2021-02-22,14.0,101.5419330575405,1,good
9000001506-2,2021-02-22,15.0,105.5421686746988,1,good
9000001506-2,2021-02-22,17.0,160.50955414012788,1,good
9000001506-2,2021-02-23,7.0,339.9857448325027,1,good
9000001506-2,2021-02-23,8.0,167.0170351576657,1,good
9000001506-2,2021-02-23,9.0,135.2297592997808,1,good
9000001506-2,2021-02-23,10.0,127.44525547445251,1,good
9000001506-2,2021-02-23,11.0,156.34743875278406,1,good
9000001506-2,2021-02-23,12.0,163.5773530472413,1,good
9000001506-2,2021-02-23,13.0,160.1750547045952,1,good
9000001506-2,2021-02-23,14.0,141.4332484539833,1,good
9000001506-2,2021-02-23,17.0,141.32231404958702,1,good
9000001506-2,2021-02-24,7.0,311.1281070745687,1,good
9000001506-2,2021-02-24,8.0,164.35935198821775,1,good
9000001506-2,2021-02-24,9.0,151.43911439114342,1,good
9000001506-2,2021-02-24,10.0,160.5602653888689,1,good
9000001506-2,2021-02-24,11.0,154.9367088607602,1,good
9000001506-2,2021-02-24,12.0,187.2527472527474,1,good
9000001506-2,2021-02-24,13.0,141.04960460100608,1,good
9000001506-2,2021-02-24,14.0,135.8490566037738,1,good
9000001506-2,2021-02-24,17.0,160.68796068796067,1,good
9000001506-2,2021-02-25,7.0,300.44117647058755,1,good
9000001506-2,2021-02-25,8.0,174.9360613810737,1,good
9000001506-2,2021-02-25,9.0,182.2616407982266,1,good
9000001506-2,2021-02-25,10.0,176.45748236167853,1,good
9000001506-2,2021-02-25,11.0,177.5199419869469,1,good
9000001506-2,2021-02-25,12.0,172.7371864776443,1,good
9000001506-2,2021-02-25,13.0,161.34815346002128,1,good
9000001506-2,2021-02-25,14.0,128.4758364312273,1,good
9000001506-2,2021-02-25,17.0,181.3377374071022,1,good
9000001506-2,2021-02-26,7.0,251.25268432355142,1,good
9000001506-2,2021-02-26,8.0,142.4836601307186,1,good
9000001506-2,2021-02-26,9.0,149.01960784313718,1,good
9000001506-2,2021-02-26,10.0,172.2425127830536,1,good
9000001506-2,2021-02-26,11.0,207.4664733599133,1,good
9000001506-2,2021-02-26,12.0,165.0770359501098,1,good
9000001506-2,2021-02-26,13.0,145.679912504557,1,good
9000001506-2,2021-02-26,14.0,130.3471444568868,1,good
9000001506-2,2021-02-26,15.0,114.4353029169782,1,good
9000001506-2,2021-02-26,17.0,114.45471349353075,1,good
9000001506-2,2021-02-27,7.0,85.8362989323843,0,good
9000001506-2,2021-02-27,8.0,109.49554896142429,0,good
9000001506-2,2021-02-27,9.0,88.18220885259993,0,good
9000001506-2,2021-02-27,10.0,94.30523917995451,0,good
9000001506-2,2021-02-27,12.0,106.43228126248498,0,good
9000001506-2,2021-02-27,13.0,68.2195025661272,0,good
9000001506-2,2021-02-27,14.0,130.0558659217872,0,good
9000001506-2,2021-02-27,15.0,116.42441860465134,0,good
9000001506-2,2021-02-27,17.0,91.46757679180881,0,good
9000001506-2,2021-02-28,7.0,26.369026857342213,0,bad
9000001506-2,2021-02-28,8.0,51.26379494482022,0,bad
9000001506-2,2021-02-28,9.0,87.6106194690267,0,bad
9000001506-2,2021-02-28,10.0,129.7058823529411,0,bad
9000001506-2,2021-02-28,11.0,126.99784017278616,0,bad
9000001506-2,2021-02-28,12.0,155.6195965417865,0,bad
9000001506-2,2021-02-28,13.0,158.0863977151014,0,bad
9000001506-2,2021-02-28,14.0,188.10810810810779,0,bad
9000001506-2,2021-02-28,15.0,240.34833091436758,0,bad
9000001506-2,2021-02-28,16.0,195.14018691588777,0,bad
9000001506-2,2021-02-28,17.0,123.95409107737937,0,bad
9000001506-2,2021-03-01,8.0,176.4705882352942,1,good
9000001506-2,2021-03-01,9.0,134.1454675743466,1,good
9000001506-2,2021-03-01,10.0,147.4447263501267,1,good
9000001506-2,2021-03-01,11.0,180.7917888563045,1,good
9000001506-2,2021-03-01,12.0,155.55555555555583,1,good
9000001506-2,2021-03-01,13.0,164.594001463058,1,good
9000001506-2,2021-03-01,14.0,169.4915254237285,1,good
9000001506-2,2021-03-01,15.0,89.1986062717769,1,good
9000001506-2,2021-03-01,17.0,100.57518488085461,1,good
9000001506-2,2021-03-02,8.0,195.86507072905272,1,good
9000001506-2,2021-03-02,9.0,145.2743362831859,1,good
9000001506-2,2021-03-02,10.0,162.57225433525971,1,good
9000001506-2,2021-03-02,11.0,155.4516012954298,1,good
9000001506-2,2021-03-02,12.0,181.1074918566775,1,good
9000001506-2,2021-03-02,13.0,201.6624503071923,1,good
9000001506-2,2021-03-02,14.0,151.6629711751665,1,good
9000001506-2,2021-03-02,15.0,71.5869980879541,1,good
9000001506-2,2021-03-02,17.0,138.148984198646,1,good
9000001506-2,2021-03-03,8.0,227.71480804387653,1,good
9000001506-2,2021-03-03,9.0,169.72375690607737,1,good
9000001506-2,2021-03-03,10.0,163.4580457682534,1,good
9000001506-2,2021-03-03,11.0,147.5728155339804,1,good
9000001506-2,2021-03-03,12.0,175.1982696467195,1,good
9000001506-2,2021-03-03,13.0,185.323110624315,1,good
9000001506-2,2021-03-03,14.0,164.4327967053536,1,good
9000001506-2,2021-03-03,15.0,83.0985915492958,1,good
9000001506-2,2021-03-03,17.0,159.00339750849338,1,good
9000001506-2,2021-03-04,8.0,229.61876832844538,1,good
9000001506-2,2021-03-04,9.0,181.7633760361722,1,good
9000001506-2,2021-03-04,10.0,130.08748573602122,1,good
9000001506-2,2021-03-04,11.0,127.74631936579789,1,good
9000001506-2,2021-03-04,12.0,167.97153024911069,1,good
9000001506-2,2021-03-04,13.0,184.1070023603462,1,good
9000001506-2,2021-03-04,14.0,156.2790697674414,1,good
9000001506-2,2021-03-04,15.0,99.00811541929669,1,good
9000001506-2,2021-03-04,16.0,73.72013651877127,1,good
9000001506-2,2021-03-04,17.0,131.87368421052588,1,good
9000001506-2,2021-03-05,8.0,203.1722611582441,1,bad
9000001506-2,2021-03-05,9.0,159.5530726256986,1,bad
9000001506-2,2021-03-05,10.0,127.8688524590166,1,bad
9000001506-2,2021-03-05,11.0,155.07692307692278,1,bad
9000001506-2,2021-03-05,12.0,140.6461307287748,1,bad
9000001506-2,2021-03-05,13.0,169.3639442980804,1,bad
9000001506-2,2021-03-05,14.0,110.56179775280901,1,bad
9000001506-2,2021-03-05,15.0,76.74694038689302,1,bad
9000001506-2,2021-03-05,16.0,111.96172248803829,1,bad
9000001506-2,2021-03-05,17.0,174.4493392070486,1,bad
9000001506-2,2021-03-06,6.0,65.93406593406601,0,bad
9000001506-2,2021-03-06,7.0,79.00884955752201,0,bad
9000001506-2,2021-03-06,8.0,81.23209169054451,0,bad
9000001506-2,2021-03-06,9.0,138.10055865921748,0,bad
9000001506-2,2021-03-06,10.0,189.6816684961582,0,bad
9000001506-2,2021-03-06,11.0,155.42435424354218,0,bad
9000001506-2,2021-03-06,12.0,182.19431104543781,0,bad
9000001506-2,2021-03-06,13.0,161.7083946980849,0,bad
9000001506-2,2021-03-06,14.0,210.44939715016451,0,bad
9000001506-2,2021-03-06,15.0,164.34782608695622,0,bad
9000001506-2,2021-03-06,16.0,193.77517392896368,0,bad
9000001506-2,2021-03-06,17.0,105.3263315828962,0,bad
9000001506-2,2021-03-07,6.0,14.5234493192133,0,bad
9000001506-2,2021-03-07,7.0,28.86023004531199,0,bad
9000001506-2,2021-03-07,8.0,34.80128893662726,0,bad
9000001506-2,2021-03-07,9.0,89.44904573280516,0,bad
9000001506-2,2021-03-07,10.0,97.47292418772571,0,bad
9000001506-2,2021-03-07,11.0,106.62717512032593,0,bad
9000001506-2,2021-03-07,12.0,185.6620336503298,0,bad
9000001506-2,2021-03-07,13.0,159.4526467410871,0,bad
9000001506-2,2021-03-07,14.0,208.1454545454552,0,bad
9000001506-2,2021-03-07,15.0,190.09900990098927,0,bad
9000001506-2,2021-03-07,16.0,162.5689914701453,0,bad
9000001506-2,2021-03-07,17.0,129.4627383015605,0,bad
9000001506-2,2021-03-08,8.0,183.67346938775577,1,good
9000001506-2,2021-03-08,9.0,132.6679462571978,1,good
9000001506-2,2021-03-08,10.0,184.5818181818185,1,good
9000001506-2,2021-03-08,11.0,180.3893294881035,1,good
9000001506-2,2021-03-08,12.0,165.29284164858998,1,good
9000001506-2,2021-03-08,13.0,190.8402452217814,1,good
9000001506-2,2021-03-08,14.0,158.30174374526118,1,good
9000001506-2,2021-03-08,15.0,89.6895362207742,1,good
9000001506-2,2021-03-08,17.0,111.35420596001508,1,good
9000001506-2,2021-03-09,6.0,393.3089388395183,1,bad
9000001506-2,2021-03-09,8.0,229.9852289512561,1,bad
9000001506-2,2021-03-09,9.0,93.98114575779549,1,bad
9000001506-2,2021-03-09,10.0,166.8260389849211,1,bad
9000001506-2,2021-03-09,11.0,151.18449389806202,1,bad
9000001506-2,2021-03-09,12.0,176.0231800072441,1,bad
9000001506-2,2021-03-09,13.0,174.0687679083089,1,bad
9000001506-2,2021-03-09,14.0,144.2136498516316,1,bad
9000001506-2,2021-03-09,15.0,85.580670303975,1,bad
9000001506-2,2021-03-09,17.0,157.45794392523348,1,bad
9000001506-2,2021-03-10,8.0,178.0363636363636,1,bad
9000001506-2,2021-03-10,9.0,176.6630316248642,1,bad
9000001506-2,2021-03-10,10.0,192.17550274223032,1,bad
9000001506-2,2021-03-10,11.0,172.8105533162331,1,bad
9000001506-2,2021-03-10,12.0,150.3847563209973,1,bad
9000001506-2,2021-03-10,13.0,211.60512434061758,1,bad
9000001506-2,2021-03-10,14.0,83.78481495612361,1,bad
9000001506-2,2021-03-10,16.0,69.73365617433417,1,bad
9000001506-2,2021-03-10,17.0,161.9047619047619,1,bad
9000001506-2,2021-03-11,8.0,221.61964089410029,1,bad
9000001506-2,2021-03-11,9.0,113.61467889908316,1,bad
9000001506-2,2021-03-11,10.0,132.89036544850518,1,bad
9000001506-2,2021-03-11,11.0,151.6213194185617,1,bad
9000001506-2,2021-03-11,12.0,167.8456591639867,1,bad
9000001506-2,2021-03-11,13.0,116.40046747175651,1,bad
9000001506-2,2021-03-11,15.0,91.1637931034483,1,bad
9000001506-2,2021-03-11,16.0,84.1188118811881,1,bad
9000001506-2,2021-03-11,17.0,131.8233295583234,1,bad
9000001506-2,2021-03-12,8.0,295.16837481698417,1,bad
9000001506-2,2021-03-12,9.0,212.0014908684307,1,bad
9000001506-2,2021-03-12,10.0,180.95963442498106,1,bad
9000001506-2,2021-03-12,11.0,150.6912442396318,1,bad
9000001506-2,2021-03-12,12.0,159.5770638470921,1,bad
9000001506-2,2021-03-12,13.0,113.24271844660197,1,bad
9000001506-2,2021-03-12,14.0,86.64259927797829,1,bad
9000001506-2,2021-03-12,15.0,49.91334488734829,1,bad
9000001506-2,2021-03-12,16.0,62.669245647969106,1,bad
9000001506-2,2021-03-12,17.0,115.50057982218799,1,bad
9000001506-2,2021-03-13,7.0,89.3706293706294,0,bad
9000001506-2,2021-03-13,8.0,126.7791636096851,0,bad
9000001506-2,2021-03-13,9.0,115.22143654633369,0,bad
9000001506-2,2021-03-13,10.0,126.40949554896126,0,bad
9000001506-2,2021-03-13,11.0,104.6199701937405,0,bad
9000001506-2,2021-03-13,12.0,118.4568835098337,0,bad
9000001506-2,2021-03-13,13.0,105.76115986264779,0,bad
9000001506-2,2021-03-13,14.0,144.1860465116278,0,bad
9000001506-2,2021-03-13,15.0,137.0884569615231,0,bad
9000001506-2,2021-03-13,17.0,175.1131221719458,0,bad
9000001506-2,2021-03-14,7.0,34.522439585730694,0,bad
9000001506-2,2021-03-14,8.0,44.86463257412979,0,bad
9000001506-2,2021-03-14,9.0,61.90476190476197,0,bad
9000001506-2,2021-03-14,10.0,81.9466248037676,0,bad
9000001506-2,2021-03-14,11.0,97.78520685332221,0,bad
9000001506-2,2021-03-14,12.0,88.2352941176471,0,bad
9000001506-2,2021-03-14,13.0,83.90386016023301,0,bad
9000001506-2,2021-03-14,14.0,81.84818481848171,0,bad
9000001506-2,2021-03-14,15.0,102.13706705969055,0,bad
9000001506-2,2021-03-14,16.0,125.689084895259,0,bad
9000001506-2,2021-03-14,17.0,150.05632745024462,0,bad
9000001506-2,2021-03-15,8.0,249.3194555644506,1,good
9000001506-2,2021-03-15,9.0,91.2371134020619,1,good
9000001506-2,2021-03-15,10.0,119.4508009153317,1,good
9000001506-2,2021-03-15,11.0,178.7810383747177,1,good
9000001506-2,2021-03-15,12.0,194.2018348623855,1,good
9000001506-2,2021-03-15,13.0,166.09300622482598,1,good
9000001506-2,2021-03-15,14.0,143.9471753484962,1,good
9000001506-2,2021-03-15,15.0,81.1475409836066,1,good
9000001506-2,2021-03-15,17.0,121.19487908961581,1,good
9000001506-2,2021-03-16,8.0,217.699115044248,1,good
9000001506-2,2021-03-16,9.0,211.8483412322276,1,good
9000001506-2,2021-03-16,10.0,201.4173815740395,1,good
9000001506-2,2021-03-16,11.0,136.21621621621674,1,good
9000001506-2,2021-03-16,12.0,104.02476780185759,1,good
9000001506-2,2021-03-16,13.0,79.61079168509501,1,good
9000001506-2,2021-03-16,14.0,61.28404669260699,1,good
9000001506-2,2021-03-16,17.0,99.6428571428572,1,good
9000001506-2,2021-03-17,6.0,362.0111731843582,1,bad
9000001506-2,2021-03-17,7.0,369.5817490494297,1,bad
9000001506-2,2021-03-17,8.0,180.8429118773946,1,bad
9000001506-2,2021-03-17,9.0,181.2846946867558,1,bad
9000001506-2,2021-03-17,10.0,157.6208178438666,1,bad
9000001506-2,2021-03-17,11.0,103.4058268362742,1,bad
9000001506-2,2021-03-17,12.0,109.04007455731599,1,bad
9000001506-2,2021-03-17,13.0,108.5587583148558,1,bad
9000001506-2,2021-03-17,14.0,95.6937799043062,1,bad
9000001506-2,2021-03-17,17.0,124.6607393542354,1,bad
9000001506-2,2021-03-18,8.0,186.62445587653312,1,bad
9000001506-2,2021-03-18,9.0,151.8874907475947,1,bad
9000001506-2,2021-03-18,10.0,155.0239234449762,1,bad
9000001506-2,2021-03-18,12.0,112.1544537077666,1,bad
9000001506-2,2021-03-18,13.0,123.1939163498098,1,bad
9000001506-2,2021-03-18,14.0,142.3728813559319,1,bad
9000001506-2,2021-03-18,16.0,86.4493996569468,1,bad
9000001506-2,2021-03-18,17.0,98.0163360560094,1,bad
9000001506-2,2021-03-19,6.0,346.895074946467,1,bad
9000001506-2,2021-03-19,7.0,365.6974604343013,1,bad
9000001506-2,2021-03-19,8.0,177.6965265082271,1,bad
9000001506-2,2021-03-19,9.0,172.1973094170403,1,bad
9000001506-2,2021-03-19,10.0,160.1423487544482,1,bad
9000001506-2,2021-03-19,11.0,160.3960396039606,1,bad
9000001506-2,2021-03-19,12.0,128.6274509803917,1,bad
9000001506-2,2021-03-19,13.0,135.76271186440698,1,bad
9000001506-2,2021-03-19,14.0,155.0675675675679,1,bad
9000001506-2,2021-03-19,15.0,65.1655629139072,1,bad
9000001506-2,2021-03-19,16.0,109.7375105842506,1,bad
9000001506-2,2021-03-19,17.0,140.4013631200304,1,bad
9000001506-2,2021-03-20,6.0,67.2496025437202,0,bad
9000001506-2,2021-03-20,7.0,85.1918250268914,0,bad
9000001506-2,2021-03-20,8.0,95.7377049180327,0,bad
9000001506-2,2021-03-20,9.0,93.99088271860751,0,bad
9000001506-2,2021-03-20,11.0,116.5467625899281,0,bad
9000001506-2,2021-03-20,12.0,76.5233821445442,0,bad
9000001506-2,2021-03-20,13.0,123.3346022078412,0,bad
9000001506-2,2021-03-20,16.0,128.98089171974567,0,bad
9000001506-2,2021-03-20,17.0,153.0106257378985,0,bad
9000001506-2,2021-03-21,6.0,30.073094326488,0,bad
9000001506-2,2021-03-21,7.0,38.51640513552067,0,bad
9000001506-2,2021-03-21,8.0,43.12159709618871,0,bad
9000001506-2,2021-03-21,9.0,102.6344280043306,0,bad
9000001506-2,2021-03-21,10.0,123.95209580838335,0,bad
9000001506-2,2021-03-21,11.0,127.72494513533309,0,bad
9000001506-2,2021-03-21,12.0,142.5610658771285,0,bad
9000001506-2,2021-03-21,13.0,189.6122896854425,0,bad
9000001506-2,2021-03-21,14.0,177.777777777778,0,bad
9000001506-2,2021-03-21,15.0,155.10204081632637,0,bad
9000001506-2,2021-03-21,17.0,178.5687239681936,0,bad
9000001506-2,2021-03-22,6.0,357.16272600834407,1,good
9000001506-2,2021-03-22,8.0,99.29873772791021,1,good
9000001506-2,2021-03-22,9.0,108.01543077582511,1,good
9000001506-2,2021-03-22,10.0,85.78993821712268,1,good
9000001506-2,2021-03-22,11.0,113.903743315508,1,good
9000001506-2,2021-03-22,12.0,127.47646795159179,1,good
9000001506-2,2021-03-22,13.0,92.40440020953379,1,good
9000001506-2,2021-03-22,14.0,89.35560859188539,1,good
9000001506-2,2021-03-22,17.0,98.28693790149889,1,good
9000001506-2,2021-03-23,8.0,241.6545718432498,1,good
9000001506-2,2021-03-23,9.0,206.896551724138,1,good
9000001506-2,2021-03-23,10.0,118.75,1,good
9000001506-2,2021-03-23,11.0,92.1630094043887,1,good
9000001506-2,2021-03-23,12.0,200.8857395925595,1,good
9000001506-2,2021-03-23,13.0,151.98294243070362,1,good
9000001506-2,2021-03-23,14.0,109.9827882960414,1,good
9000001506-2,2021-03-23,15.0,81.31764705882361,1,good
9000001506-2,2021-03-23,17.0,87.4738165060745,1,good
9000001506-2,2021-03-24,8.0,224.0117130307474,1,good
9000001506-2,2021-03-24,9.0,247.3078351281097,1,good
9000001506-2,2021-03-24,10.0,166.37554585152859,1,good
9000001506-2,2021-03-24,11.0,185.88410104011828,1,good
9000001506-2,2021-03-24,12.0,189.2675852066714,1,good
9000001506-2,2021-03-24,13.0,189.26615553121601,1,good
9000001506-2,2021-03-24,14.0,143.2432432432436,1,good
9000001506-2,2021-03-24,15.0,106.6250974279033,1,good
9000001506-2,2021-03-24,16.0,155.555555555556,1,good
9000001506-2,2021-03-25,8.0,248.2758620689653,1,good
9000001506-2,2021-03-25,9.0,178.44827586206878,1,good
9000001506-2,2021-03-25,10.0,185.4987118145012,1,good
9000001506-2,2021-03-25,11.0,169.89966555183938,1,good
9000001506-2,2021-03-25,12.0,221.863536316948,1,good
9000001506-2,2021-03-25,13.0,216.59192825112092,1,good
9000001506-2,2021-03-25,14.0,137.5964718853366,1,good
9000001506-2,2021-03-25,15.0,105.18114530580439,1,good
9000001506-2,2021-03-25,16.0,138.3506805444351,1,good
9000001506-2,2021-03-26,7.0,319.1061452513971,1,good
9000001506-2,2021-03-26,8.0,238.41059602648977,1,good
9000001506-2,2021-03-26,9.0,189.40445743514812,1,good
9000001506-2,2021-03-26,10.0,161.5299742552411,1,good
9000001506-2,2021-03-26,11.0,160.3563474387527,1,good
9000001506-2,2021-03-26,12.0,210.9792284866466,1,good
9000001506-2,2021-03-26,13.0,164.48047162859228,1,good
9000001506-2,2021-03-26,14.0,146.7723669309169,1,good
9000001506-2,2021-03-26,15.0,74.2418115649008,1,good
9000001506-2,2021-03-26,16.0,173.5849056603776,1,good
9000001506-2,2021-03-27,6.0,81.88126445643788,0,bad
9000001506-2,2021-03-27,7.0,99.609790705924,0,bad
9000001506-2,2021-03-27,8.0,82.84518828451881,0,bad
9000001506-2,2021-03-27,9.0,104.8543689320388,0,bad
9000001506-2,2021-03-27,11.0,132.65097236438078,0,bad
9000001506-2,2021-03-27,12.0,83.72093023255805,0,bad
9000001506-2,2021-03-27,13.0,102.00226671703805,0,bad
9000001506-2,2021-03-27,14.0,90.6143344709898,0,bad
9000001506-2,2021-03-27,16.0,94.23170140571987,0,bad
9000001506-2,2021-03-27,17.0,171.4928732183043,0,bad
9000001506-2,2021-03-28,7.0,24.612579762990002,0,bad
9000001506-2,2021-03-28,8.0,40.44943820224719,0,bad
9000001506-2,2021-03-28,9.0,64.3326039387309,0,bad
9000001506-2,2021-03-28,10.0,95.53999262808699,0,bad
9000001506-2,2021-03-28,11.0,113.11655096821329,0,bad
9000001506-2,2021-03-28,12.0,131.5129151291516,0,bad
9000001506-2,2021-03-28,13.0,82.82914358755856,0,bad
9000001506-2,2021-03-28,14.0,68.0120223271791,0,bad
9000001506-2,2021-03-28,17.0,149.55089820359268,0,bad
9000001506-2,2021-03-28,18.0,165.4618473895582,0,bad
9000001506-2,2021-03-29,7.0,334.63666543710724,1,good
9000001506-2,2021-03-29,8.0,271.2420738530397,1,good
9000001506-2,2021-03-29,9.0,133.2356174422868,1,good
9000001506-2,2021-03-29,10.0,158.1533879374537,1,good
9000001506-2,2021-03-29,11.0,147.1247739602172,1,good
9000001506-2,2021-03-29,12.0,162.5990491283676,1,good
9000001506-2,2021-03-29,13.0,146.2969996202056,1,good
9000001506-2,2021-03-29,14.0,188.0496054115002,1,good
9000001506-2,2021-03-29,15.0,107.4626865671642,1,good
9000001506-2,2021-03-29,16.0,116.5270373191164,1,good
9000001506-2,2021-03-29,17.0,181.8318884281944,1,good
9000001506-2,2021-03-29,18.0,156.3672260612044,1,good
9000001506-2,2021-03-29,19.0,120.52689352359994,1,good
9000001506-2,2021-03-30,8.0,245.1336898395721,1,good
9000001506-2,2021-03-30,9.0,170.61611374407562,1,good
9000001506-2,2021-03-30,10.0,129.3005671077501,1,good
9000001506-2,2021-03-30,11.0,199.4207096307023,1,good
9000001506-2,2021-03-30,12.0,210.6032906764169,1,good
9000001506-2,2021-03-30,13.0,199.11504424778758,1,good
9000001506-2,2021-03-30,14.0,142.1412300683375,1,good
9000001506-2,2021-03-30,15.0,72.69789983844909,1,good
9000001506-2,2021-03-30,16.0,126.16822429906541,1,good
9000001506-2,2021-03-30,17.0,209.65517241379348,1,good
9000001506-2,2021-03-31,8.0,269.4767441860456,1,good
9000001506-2,2021-03-31,9.0,216.8359941944845,1,good
9000001506-2,2021-03-31,10.0,165.0770359501099,1,good
9000001506-2,2021-03-31,11.0,196.05876030096758,1,good
9000001506-2,2021-03-31,12.0,206.3526834611171,1,good
9000001506-2,2021-03-31,13.0,228.40280339358128,1,good
9000001506-2,2021-03-31,14.0,177.65876052027562,1,good
9000001506-2,2021-03-31,15.0,101.3687915526007,1,good
9000001506-2,2021-03-31,16.0,94.1649899396377,1,good
9000001506-2,2021-03-31,17.0,209.5093191327504,1,good
9000001506-2,2021-03-31,19.0,150.5703422053236,1,good
9000001506-2,2021-04-01,7.0,250.86206896551718,1,good
9000001506-2,2021-04-01,8.0,178.2561894510218,1,good
9000001506-2,2021-04-01,9.0,133.18965517241352,1,good
9000001506-2,2021-04-01,10.0,154.3959971408156,1,good
9000001506-2,2021-04-01,11.0,151.4818880351264,1,good
9000001506-2,2021-04-01,12.0,202.72359219727622,1,good
9000001506-2,2021-04-01,13.0,169.6266763320048,1,good
9000001506-2,2021-04-01,14.0,182.8279137742052,1,good
9000001506-2,2021-04-01,17.0,133.1981753674608,1,good
9000001506-2,2021-04-01,18.0,156.4034756327914,1,good
9000001506-2,2021-04-01,19.0,143.7668645439823,1,good
9000001506-2,2021-04-02,7.0,266.76646706586916,1,good
9000001506-2,2021-04-02,8.0,237.8619153674842,1,good
9000001506-2,2021-04-02,9.0,146.3955637707945,1,good
9000001506-2,2021-04-02,10.0,127.98165137614698,1,good
9000001506-2,2021-04-02,11.0,115.77752553916001,1,good
9000001506-2,2021-04-02,12.0,129.5732838589978,1,good
9000001506-2,2021-04-02,13.0,133.0316742081451,1,good
9000001506-2,2021-04-02,14.0,127.25199543899649,1,good
9000001506-2,2021-04-02,15.0,101.8867924528302,1,good
9000001506-2,2021-04-02,17.0,155.6155924353526,1,good
9000001506-2,2021-04-02,18.0,131.5614617940198,1,good
9000001506-2,2021-04-03,7.0,65.8443215652914,0,bad
9000001506-2,2021-04-03,8.0,94.69598965071151,0,bad
9000001506-2,2021-04-03,9.0,74.6465598491989,0,bad
9000001506-2,2021-04-03,10.0,66.8948655256724,0,bad
9000001506-2,2021-04-03,11.0,109.417808219178,0,bad
9000001506-2,2021-04-03,12.0,107.6723016905072,0,bad
9000001506-2,2021-04-03,13.0,96.75889328063239,0,bad
9000001506-2,2021-04-03,14.0,98.3850931677018,0,bad
9000001506-2,2021-04-03,15.0,111.70212765957439,0,bad
9000001506-2,2021-04-04,7.0,25.135764158262212,0,good
9000001506-2,2021-04-04,8.0,40.87912087912091,0,good
9000001506-2,2021-04-04,9.0,91.81575942139318,0,good
9000001506-2,2021-04-04,10.0,84.68899521531097,0,good
9000001506-2,2021-04-04,11.0,105.47177940542869,0,good
9000001506-2,2021-04-04,12.0,121.297836938436,0,good
9000001506-2,2021-04-04,13.0,81.92560175054699,0,good
9000001506-2,2021-04-04,14.0,112.82474226804091,0,good
9000001506-2,2021-04-04,15.0,158.4352078239611,0,good
9000001506-2,2021-04-04,16.0,188.74680306905373,0,good
9000001506-2,2021-04-04,17.0,195.90891547664953,0,good
9000001506-2,2021-04-04,19.0,121.63388804841168,0,good
9000001506-2,2021-04-05,6.0,17.298451681793882,1,bad
9000001506-2,2021-04-05,7.0,25.2542967379867,1,bad
9000001506-2,2021-04-05,8.0,49.57627118644069,1,bad
9000001506-2,2021-04-05,9.0,80.97108175651549,1,bad
9000001506-2,2021-04-05,10.0,77.60321519912308,1,bad
9000001506-2,2021-04-05,11.0,118.06004618937624,1,bad
9000001506-2,2021-04-05,12.0,165.15034695451118,1,bad
9000001506-2,2021-04-05,13.0,195.5654101995573,1,bad
9000001506-2,2021-04-05,14.0,233.3576110706482,1,bad
9000001506-2,2021-04-05,15.0,233.27266108481948,1,bad
9000001506-2,2021-04-05,16.0,223.2136105860112,1,bad
9000001506-2,2021-04-05,18.0,143.99999999999972,1,bad
9000001506-2,2021-04-05,19.0,113.9356814701375,1,bad
9000001506-2,2021-04-06,7.0,316.60348749052275,1,bad
9000001506-2,2021-04-06,8.0,226.9503546099288,1,bad
9000001506-2,2021-04-06,9.0,103.3492822966507,1,bad
9000001506-2,2021-04-06,10.0,5.341246290801189,1,bad
9000001506-2,2021-04-06,11.0,3.18725099601594,1,bad
9000001506-2,2021-04-06,12.0,12.049088880624769,1,bad
9000001506-2,2021-04-06,13.0,47.0500373412995,1,bad
9000001506-2,2021-04-06,14.0,41.8290854572714,1,bad
9000001506-2,2021-04-06,15.0,20.28549962434262,1,bad
9000001506-2,2021-04-06,16.0,25.23985239852401,1,bad
9000001506-2,2021-04-06,17.0,37.2842347525892,1,bad
9000001506-2,2021-04-06,18.0,81.56862745098042,1,bad
9000001506-2,2021-04-06,19.0,54.616384915474605,1,bad
9000001506-2,2021-04-07,8.0,11.671469740634011,1,bad
9000001506-2,2021-04-07,9.0,7.70053475935829,1,bad
9000001506-2,2021-04-07,10.0,27.341772151898702,1,bad
9000001506-2,2021-04-07,11.0,63.982589771490694,1,bad
9000001506-2,2021-04-07,12.0,100.43478260869561,1,bad
9000001506-2,2021-04-07,13.0,100.3257328990228,1,bad
9000001506-2,2021-04-07,14.0,77.822257806245,1,bad
9000001506-2,2021-04-07,15.0,79.155672823219,1,bad
9000001506-2,2021-04-07,16.0,78.11191473163309,1,bad
9000001506-2,2021-04-07,18.0,81.02893890675239,1,bad
9000001506-2,2021-04-07,19.0,68.73143826898604,1,bad
9000001506-2,2021-04-08,6.0,158.4,1,bad
9000001506-2,2021-04-08,7.0,176.3688760806913,1,bad
9000001506-2,2021-04-08,8.0,136.0912981455065,1,bad
9000001506-2,2021-04-08,9.0,103.49344978165941,1,bad
9000001506-2,2021-04-08,10.0,104.635761589404,1,bad
9000001506-2,2021-04-08,11.0,115.0201983106867,1,bad
9000001506-2,2021-04-08,12.0,115.23178807947029,1,bad
9000001506-2,2021-04-08,13.0,125.04570383912251,1,bad
9000001506-2,2021-04-08,14.0,109.8718914845516,1,bad
9000001506-2,2021-04-08,15.0,112.20068415051301,1,bad
9000001506-2,2021-04-08,16.0,148.9114658925978,1,bad
9000001506-2,2021-04-08,17.0,174.17142857142858,1,bad
9000001506-2,2021-04-08,19.0,86.76599474145485,1,bad
9000001506-2,2021-04-09,6.0,209.33920704845838,1,good
9000001506-2,2021-04-09,7.0,138.2131324004305,1,good
9000001506-2,2021-04-09,8.0,188.65196964221238,1,good
9000001506-2,2021-04-09,9.0,90.843547224225,1,good
9000001506-2,2021-04-09,10.0,106.34573304157561,1,good
9000001506-2,2021-04-09,11.0,106.2730627306273,1,good
9000001506-2,2021-04-09,12.0,95.0440018527096,1,good
9000001506-2,2021-04-09,13.0,108.1240768094535,1,good
9000001506-2,2021-04-09,14.0,101.0526315789474,1,good
9000001506-2,2021-04-09,15.0,64.6061814556331,1,good
9000001506-2,2021-04-09,16.0,122.4806201550389,1,good
9000001506-2,2021-04-09,17.0,127.2727272727277,1,good
9000001506-2,2021-04-09,19.0,89.8857384680491,1,good
9000001506-2,2021-04-10,6.0,50.3155996393147,0,good
9000001506-2,2021-04-10,7.0,51.7508293402138,0,good
9000001506-2,2021-04-10,8.0,72.75449101796413,0,good
9000001506-2,2021-04-10,9.0,86.2357414448669,0,good
9000001506-2,2021-04-10,10.0,105.52423900789191,0,good
9000001506-2,2021-04-10,11.0,105.0583657587548,0,good
9000001506-2,2021-04-10,12.0,121.7459693275659,0,good
9000001506-2,2021-04-10,13.0,83.5534213685474,0,good
9000001506-2,2021-04-10,14.0,132.9742208541747,0,good
9000001506-2,2021-04-10,15.0,129.9590621510975,0,good
9000001506-2,2021-04-10,16.0,173.415429192322,0,good
9000001506-2,2021-04-10,17.0,197.62611275964437,0,good
9000001506-2,2021-04-10,19.0,123.56979405034332,0,good
9000001506-2,2021-04-11,7.0,22.721893491124224,0,bad
9000001506-2,2021-04-11,8.0,49.946638207043755,0,bad
9000001506-2,2021-04-11,9.0,70.4092720028975,0,bad
9000001506-2,2021-04-11,10.0,85.30174009626069,0,bad
9000001506-2,2021-04-11,11.0,74.35223432219306,0,bad
9000001506-2,2021-04-11,12.0,90.19896831245397,0,bad
9000001506-2,2021-04-11,13.0,85.15283842794759,0,bad
9000001506-2,2021-04-11,14.0,93.38691998538538,0,bad
9000001506-2,2021-04-11,15.0,81.84770840851677,0,bad
9000001506-2,2021-04-11,16.0,123.50364963503681,0,bad
9000001506-2,2021-04-11,17.0,121.16679132385951,0,bad
9000001506-2,2021-04-11,18.0,103.0483271375466,0,bad
9000001506-2,2021-04-11,19.0,77.83783783783785,0,bad
9000001506-2,2021-04-12,7.0,361.3327848621967,1,bad
9000001506-2,2021-04-12,8.0,186.79893170545645,1,bad
9000001506-2,2021-04-12,9.0,133.08439133681878,1,bad
9000001506-2,2021-04-12,10.0,114.3279172821269,1,bad
9000001506-2,2021-04-12,11.0,130.9090909090913,1,bad
9000001506-2,2021-04-12,12.0,127.0430906389296,1,bad
9000001506-2,2021-04-12,13.0,94.47513812154699,1,bad
9000001506-2,2021-04-12,15.0,16.64953751284682,1,bad
9000001506-2,2021-04-12,16.0,46.31578947368425,1,bad
9000001506-2,2021-04-12,17.0,93.11525294788888,1,bad
9000001506-2,2021-04-12,18.0,85.966201322557,1,bad
9000001506-2,2021-04-12,19.0,57.6,1,bad
9000001506-2,2021-04-13,7.0,384.4403669724756,1,bad
9000001506-2,2021-04-13,8.0,198.9818181818189,1,bad
9000001506-2,2021-04-13,9.0,117.948717948718,1,bad
9000001506-2,2021-04-13,10.0,115.3258099745175,1,bad
9000001506-2,2021-04-13,11.0,107.83110790328399,1,bad
9000001506-2,2021-04-13,12.0,90.45884923525125,1,bad
9000001506-2,2021-04-13,13.0,113.8816524004466,1,bad
9000001506-2,2021-04-13,14.0,72.56438969764851,1,bad
9000001506-2,2021-04-13,15.0,33.8896020539153,1,bad
9000001506-2,2021-04-13,18.0,96.14243323442129,1,bad
9000001506-2,2021-04-13,19.0,71.5809893307468,1,bad
9000001506-2,2021-04-14,7.0,289.7009966777419,1,good
9000001506-2,2021-04-14,8.0,169.64749536178098,1,good
9000001506-2,2021-04-14,9.0,80.0904977375566,1,good
9000001506-2,2021-04-14,10.0,92.6174496644295,1,good
9000001506-2,2021-04-14,11.0,97.2597452720957,1,good
9000001506-2,2021-04-14,12.0,101.24069478908189,1,good
9000001506-2,2021-04-14,13.0,70.617696160267,1,good
9000001506-2,2021-04-14,14.0,72.544080604534,1,good
9000001506-2,2021-04-14,16.0,62.337662337662294,1,good
9000001506-2,2021-04-14,17.0,173.97034596375653,1,good
9000001506-2,2021-04-14,18.0,113.88739946380707,1,good
9000001506-2,2021-04-14,19.0,85.3152771900127,1,good
9000001506-2,2021-04-15,6.0,273.77979568671896,1,good
9000001506-2,2021-04-15,7.0,210.82872928176832,1,good
9000001506-2,2021-04-15,8.0,132.8947368421052,1,good
9000001506-2,2021-04-15,9.0,94.84083424807899,1,good
9000001506-2,2021-04-15,10.0,120.24439918533588,1,good
9000001506-2,2021-04-15,11.0,114.5454545454546,1,good
9000001506-2,2021-04-15,12.0,124.8648648648655,1,good
9000001506-2,2021-04-15,13.0,112.80464216634428,1,good
9000001506-2,2021-04-15,14.0,78.32512315270941,1,good
9000001506-2,2021-04-15,15.0,30.158730158730158,1,good
9000001506-2,2021-04-15,19.0,91.76209826376069,1,good
9000001506-2,2021-04-16,6.0,290.90909090909173,1,good
9000001506-2,2021-04-16,7.0,178.69415807560148,1,good
9000001506-2,2021-04-16,8.0,146.42726273360222,1,good
9000001506-2,2021-04-16,9.0,100.5010737294202,1,good
9000001506-2,2021-04-16,10.0,124.5072517664558,1,good
9000001506-2,2021-04-16,11.0,84.90566037735839,1,good
9000001506-2,2021-04-16,12.0,121.2818405916187,1,good
9000001506-2,2021-04-16,13.0,74.67092142002389,1,good
9000001506-2,2021-04-16,14.0,68.13441483198139,1,good
9000001506-2,2021-04-16,15.0,64.6794610044916,1,good
9000001506-2,2021-04-16,16.0,127.7027027027029,1,good
9000001506-2,2021-04-16,17.0,165.60298383754667,1,good
9000001506-2,2021-04-16,19.0,117.76340813997709,1,good
9000001506-2,2021-04-17,6.0,48.40568574721479,0,good
9000001506-2,2021-04-17,7.0,93.04924903946909,0,good
9000001506-2,2021-04-17,8.0,106.3345195729536,0,good
9000001506-2,2021-04-17,9.0,121.770421014753,0,good
9000001506-2,2021-04-17,10.0,99.8151571164509,0,good
9000001506-2,2021-04-17,11.0,70.5329153605016,0,good
9000001506-2,2021-04-17,12.0,80.38277511961721,0,good
9000001506-2,2021-04-17,13.0,86.38808440215139,0,good
9000001506-2,2021-04-17,14.0,88.32487309644671,0,good
9000001506-2,2021-04-17,15.0,77.09090909090901,0,good
9000001506-2,2021-04-17,16.0,102.3558082859463,0,good
9000001506-2,2021-04-17,17.0,166.0693861990086,0,good
9000001506-2,2021-04-17,19.0,106.00382409177793,0,good
9000001506-2,2021-04-18,6.0,25.981055480378842,0,bad
9000001506-2,2021-04-18,7.0,23.003194888178886,0,bad
9000001506-2,2021-04-18,8.0,27.71168649405179,0,bad
9000001506-2,2021-04-18,9.0,47.63948497854074,0,bad
9000001506-2,2021-04-18,10.0,50.2325581395349,0,bad
9000001506-2,2021-04-18,11.0,94.52662721893498,0,bad
9000001506-2,2021-04-18,12.0,84.2721287490856,0,bad
9000001506-2,2021-04-18,13.0,79.4788273615635,0,bad
9000001506-2,2021-04-18,14.0,75.19582245430801,0,bad
9000001506-2,2021-04-18,15.0,65.02027276078137,0,bad
9000001506-2,2021-04-18,16.0,105.41141586360244,0,bad
9000001506-2,2021-04-18,17.0,96.79420889348499,0,bad
9000001506-2,2021-04-18,18.0,102.97805642633206,0,bad
9000001506-2,2021-04-18,19.0,65.84493041749512,0,bad
9000001506-2,2021-04-19,6.0,310.0201207243466,1,bad
9000001506-2,2021-04-19,7.0,282.8862863619186,1,bad
9000001506-2,2021-04-19,8.0,156.2853907134764,1,bad
9000001506-2,2021-04-19,9.0,125.06537168472119,1,bad
9000001506-2,2021-04-19,10.0,135.43532783948422,1,bad
9000001506-2,2021-04-19,11.0,97.6690867405426,1,bad
9000001506-2,2021-04-19,12.0,123.72058274187509,1,bad
9000001506-2,2021-04-19,13.0,120.415224913495,1,bad
9000001506-2,2021-04-19,14.0,53.125,1,bad
9000001506-2,2021-04-19,15.0,38.1326010200078,1,bad
9000001506-2,2021-04-19,16.0,101.2716763005781,1,bad
9000001506-2,2021-04-19,17.0,96.0,1,bad
9000001506-2,2021-04-19,18.0,73.66426676771499,1,bad
9000001506-2,2021-04-19,19.0,62.9179331306991,1,bad
9000001506-2,2021-04-20,6.0,162.05227492739635,1,bad
9000001506-2,2021-04-20,7.0,342.5373134328361,1,bad
9000001506-2,2021-04-20,8.0,153.13225058004667,1,bad
9000001506-2,2021-04-20,9.0,85.74721475220896,1,bad
9000001506-2,2021-04-20,10.0,48.629320619785396,1,bad
9000001506-2,2021-04-20,11.0,76.73649393605291,1,bad
9000001506-2,2021-04-20,12.0,98.7428571428571,1,bad
9000001506-2,2021-04-20,13.0,108.71080139372819,1,bad
9000001506-2,2021-04-20,14.0,88.58718710224869,1,bad
9000001506-2,2021-04-20,17.0,185.2147852147858,1,bad
9000001506-2,2021-04-20,19.0,107.24637681159433,1,bad
9000001506-2,2021-04-21,6.0,255.3607827150424,1,bad
9000001506-2,2021-04-21,7.0,236.23769595333656,1,bad
9000001506-2,2021-04-21,8.0,151.9097853765002,1,bad
9000001506-2,2021-04-21,9.0,118.99745731928829,1,bad
9000001506-2,2021-04-21,10.0,81.9054390330607,1,bad
9000001506-2,2021-04-21,11.0,127.61747732893652,1,bad
9000001506-2,2021-04-21,12.0,76.8392370572207,1,bad
9000001506-2,2021-04-21,13.0,96.40287769784169,1,bad
9000001506-2,2021-04-21,14.0,95.86235149528879,1,bad
9000001506-2,2021-04-21,15.0,91.1637931034483,1,bad
9000001506-2,2021-04-21,16.0,75.4385964912281,1,bad
9000001506-2,2021-04-21,17.0,101.0920436817473,1,bad
9000001506-2,2021-04-21,19.0,120.42007001166851,1,bad
9000001506-2,2021-04-22,6.0,265.41380556559517,1,good
9000001506-2,2021-04-22,7.0,249.757553151809,1,good
9000001506-2,2021-04-22,8.0,137.5095492742552,1,good
9000001506-2,2021-04-22,9.0,88.32487309644671,1,good
9000001506-2,2021-04-22,10.0,83.90159689253349,1,good
9000001506-2,2021-04-22,11.0,105.837239028547,1,good
9000001506-2,2021-04-22,12.0,124.2857142857143,1,good
9000001506-2,2021-04-22,13.0,108.4337349397591,1,good
9000001506-2,2021-04-22,14.0,98.7714987714987,1,good
9000001506-2,2021-04-22,15.0,71.86311787072239,1,good
9000001506-2,2021-04-22,17.0,108.77697841726629,1,good
9000001506-2,2021-04-22,19.0,115.15393842463064,1,good
9000001506-2,2021-04-23,6.0,290.27552674230134,1,good
9000001506-2,2021-04-23,7.0,318.95113230035685,1,good
9000001506-2,2021-04-23,8.0,122.87171439780299,1,good
9000001506-2,2021-04-23,9.0,80.1781737193764,1,good
9000001506-2,2021-04-23,10.0,88.1688018085908,1,good
9000001506-2,2021-04-23,11.0,106.6666666666666,1,good
9000001506-2,2021-04-23,12.0,114.7252747252749,1,good
9000001506-2,2021-04-23,13.0,114.9943630214205,1,good
9000001506-2,2021-04-23,14.0,87.6942461150777,1,good
9000001506-2,2021-04-23,15.0,51.74216027874566,1,good
9000001506-2,2021-04-23,16.0,73.2513777024163,1,good
9000001506-2,2021-04-23,17.0,147.4596297755025,1,good
9000001506-2,2021-04-23,19.0,112.91512915129107,1,good
9000001506-2,2021-04-24,6.0,57.487579843861,0,good
9000001506-2,2021-04-24,7.0,52.17391304347826,0,good
9000001506-2,2021-04-24,8.0,63.29386437029059,0,good
9000001506-2,2021-04-24,9.0,71.62859248341921,0,good
9000001506-2,2021-04-24,10.0,52.901281085154515,0,good
9000001506-2,2021-04-24,11.0,81.15299334811529,0,good
9000001506-2,2021-04-24,12.0,108.92586989409995,0,good
9000001506-2,2021-04-24,13.0,93.2506384531194,0,good
9000001506-2,2021-04-24,14.0,87.0443883074702,0,good
9000001506-2,2021-04-24,15.0,164.0506329113929,0,good
9000001506-2,2021-04-24,16.0,133.3817653468942,0,good
9000001506-2,2021-04-24,17.0,193.4766493699033,0,good
9000001506-2,2021-04-24,19.0,148.5501858736061,0,good
9000001506-2,2021-04-25,6.0,13.1386861313869,0,good
9000001506-2,2021-04-25,7.0,13.05767138193688,0,good
9000001506-2,2021-04-25,8.0,24.85465116279074,0,good
9000001506-2,2021-04-25,9.0,48.84488448844884,0,good
9000001506-2,2021-04-25,10.0,44.79638009049778,0,good
9000001506-2,2021-04-25,11.0,52.777777777777715,0,good
9000001506-2,2021-04-25,12.0,69.63503649635045,0,good
9000001506-2,2021-04-25,13.0,81.03321033210331,0,good
9000001506-2,2021-04-25,14.0,94.21304828603019,0,good
9000001506-2,2021-04-25,15.0,122.6955848179702,0,good
9000001506-2,2021-04-25,16.0,167.0886075949372,0,good
9000001506-2,2021-04-25,17.0,156.6820276497698,0,good
9000001506-2,2021-04-25,19.0,111.51051625238983,0,good
9000001506-2,2021-04-26,6.0,181.0699588477371,1,bad
9000001506-2,2021-04-26,7.0,176.5983112183352,1,bad
9000001506-2,2021-04-26,8.0,110.57542768273721,1,bad
9000001506-2,2021-04-26,9.0,97.1071149335417,1,bad
9000001506-2,2021-04-26,10.0,116.8469860896446,1,bad
9000001506-2,2021-04-26,11.0,98.6301369863014,1,bad
9000001506-2,2021-04-26,13.0,118.85942971485755,1,bad
9000001506-2,2021-04-26,14.0,93.62985299660778,1,bad
9000001506-2,2021-04-26,15.0,90.61352910330359,1,bad
9000001506-2,2021-04-26,17.0,91.38712601994553,1,bad
9000001506-2,2021-04-26,18.0,74.9432248296745,1,bad
9000001506-2,2021-04-26,19.0,66.64198445020372,1,bad
9000001506-2,2021-04-27,6.0,29.614395886889483,1,bad
9000001506-2,2021-04-27,7.0,46.76966292134825,1,bad
9000001506-2,2021-04-27,8.0,59.61123110151185,1,bad
9000001506-2,2021-04-27,9.0,53.636041149343676,1,bad
9000001506-2,2021-04-27,10.0,87.3973580863977,1,bad
9000001506-2,2021-04-27,11.0,74.5714285714286,1,bad
9000001506-2,2021-04-27,12.0,93.67546078785689,1,bad
9000001506-2,2021-04-27,13.0,86.84508104033188,1,bad
9000001506-2,2021-04-27,14.0,88.0030086498683,1,bad
9000001506-2,2021-04-27,15.0,82.30088495575232,1,bad
9000001506-2,2021-04-27,16.0,116.00146466495796,1,bad
9000001506-2,2021-04-27,17.0,93.26424870466332,1,bad
9000001506-2,2021-04-27,18.0,76.11275964391689,1,bad
9000001506-2,2021-04-27,19.0,53.195419283339554,1,bad
9000001506-2,2021-04-28,6.0,302.4277456647398,1,good
9000001506-2,2021-04-28,7.0,243.43470483005459,1,good
9000001506-2,2021-04-28,8.0,210.3137396321672,1,good
9000001506-2,2021-04-28,9.0,151.2820512820518,1,good
9000001506-2,2021-04-28,10.0,117.9384738314023,1,good
9000001506-2,2021-04-28,13.0,101.7921146953404,1,good
9000001506-2,2021-04-28,14.0,105.5718475073313,1,good
9000001506-2,2021-04-28,15.0,60.5478135511774,1,good
9000001506-2,2021-04-28,16.0,76.30057803468209,1,good
9000001506-2,2021-04-28,17.0,110.2176318701586,1,good
9000001506-2,2021-04-28,18.0,108.06754221388371,1,good
9000001506-2,2021-04-28,19.0,54.26470588235292,1,good
9000001506-2,2021-04-29,6.0,278.11993517017794,1,good
9000001506-2,2021-04-29,7.0,163.51648351648362,1,good
9000001506-2,2021-04-29,8.0,129.81412639405232,1,good
9000001506-2,2021-04-29,9.0,80.7592752372736,1,good
9000001506-2,2021-04-29,10.0,92.191435768262,1,good
9000001506-2,2021-04-29,11.0,53.4965034965035,1,good
9000001506-2,2021-04-29,12.0,69.51983298538629,1,good
9000001506-2,2021-04-29,13.0,93.7660119555936,1,good
9000001506-2,2021-04-29,14.0,77.35849056603772,1,good
9000001506-2,2021-04-29,15.0,76.4681382757185,1,good
9000001506-2,2021-04-29,16.0,89.192652712516,1,good
9000001506-2,2021-04-29,19.0,66.12558735583079,1,good
9000001506-2,2021-04-30,6.0,175.82065652521962,1,bad
9000001506-2,2021-04-30,7.0,117.30151445617238,1,bad
9000001506-2,2021-04-30,8.0,76.9305488101019,1,bad
9000001506-2,2021-04-30,9.0,81.92560175054705,1,bad
9000001506-2,2021-04-30,10.0,93.2130247155748,1,bad
9000001506-2,2021-04-30,11.0,76.2141967621419,1,bad
9000001506-2,2021-04-30,12.0,67.5905230219044,1,bad
9000001506-2,2021-04-30,13.0,59.17808219178088,1,bad
9000001506-2,2021-04-30,14.0,62.4457935819601,1,bad
9000001506-2,2021-04-30,15.0,40.17467248908298,1,bad
9000001506-2,2021-04-30,16.0,87.34009704455221,1,bad
9000001506-2,2021-04-30,19.0,66.79288148428623,1,bad
9000001506-2,2021-05-01,6.0,10.07194244604317,0,good
9000001506-2,2021-05-01,7.0,17.06835242986957,0,good
9000001506-2,2021-05-01,8.0,44.17177914110425,0,good
9000001506-2,2021-05-01,9.0,31.77283192632392,0,good
9000001506-2,2021-05-01,10.0,61.91329272662132,0,good
9000001506-2,2021-05-01,11.0,85.9934853420196,0,good
9000001506-2,2021-05-01,12.0,82.45289988917631,0,good
9000001506-2,2021-05-01,13.0,79.4117647058823,0,good
9000001506-2,2021-05-01,14.0,96.7164179104479,0,good
9000001506-2,2021-05-01,15.0,61.90294230034392,0,good
9000001506-2,2021-05-01,16.0,58.216783216783256,0,good
9000001506-2,2021-05-01,18.0,157.334487234964,0,good
9000001506-2,2021-05-01,19.0,100.07315288953914,0,good
9000001506-2,2021-05-02,6.0,19.68040370058869,0,bad
9000001506-2,2021-05-02,7.0,21.86915887850472,0,bad
9000001506-2,2021-05-02,8.0,25.957638575935132,0,bad
9000001506-2,2021-05-02,9.0,55.78992681876883,0,bad
9000001506-2,2021-05-02,10.0,51.7699115044248,0,bad
9000001506-2,2021-05-02,11.0,81.45519077196103,0,bad
9000001506-2,2021-05-02,12.0,58.32583258325826,0,bad
9000001506-2,2021-05-02,13.0,91.1190053285969,0,bad
9000001506-2,2021-05-02,18.0,67.24373576309785,0,bad
9000001506-2,2021-05-02,19.0,68.88519134775383,0,bad
9000001506-2,2021-05-03,6.0,282.56721595836905,1,good
9000001506-2,2021-05-03,7.0,386.62207357859575,1,good
9000001506-2,2021-05-03,8.0,182.48229593738293,1,good
9000001506-2,2021-05-03,10.0,117.0459823502091,1,good
9000001506-2,2021-05-03,11.0,91.6666666666666,1,good
9000001506-2,2021-05-03,12.0,104.2219541616405,1,good
9000001506-2,2021-05-03,13.0,64.0569395017794,1,good
9000001506-2,2021-05-03,14.0,72.49427917620149,1,good
9000001506-2,2021-05-03,15.0,68.5403445149592,1,good
9000001506-2,2021-05-03,16.0,72.66055045871559,1,good
9000001506-2,2021-05-03,17.0,136.0556038227629,1,good
9000001506-2,2021-05-03,19.0,102.0348837209303,1,good
9000001506-2,2021-05-04,6.0,177.6271186440678,1,good
9000001506-2,2021-05-04,7.0,15.801024140453519,1,good
9000001506-2,2021-05-04,8.0,79.8496240601504,1,good
9000001506-2,2021-05-04,9.0,95.41547277936961,1,good
9000001506-2,2021-05-04,10.0,95.19553072625689,1,good
9000001506-2,2021-05-04,11.0,90.7813145928069,1,good
9000001506-2,2021-05-04,12.0,106.4695009242144,1,good
9000001506-2,2021-05-04,13.0,113.78402107111489,1,good
9000001506-2,2021-05-04,14.0,75.74257425742579,1,good
9000001506-2,2021-05-04,15.0,51.36382710868651,1,good
9000001506-2,2021-05-04,16.0,126.3922518159806,1,good
9000001506-2,2021-05-04,17.0,164.8225867989313,1,good
9000001506-2,2021-05-04,19.0,92.0454545454545,1,good
9000001506-2,2021-05-05,6.0,223.4392113910189,1,bad
9000001506-2,2021-05-05,7.0,260.61515378844723,1,bad
9000001506-2,2021-05-05,8.0,117.95935296557471,1,bad
9000001506-2,2021-05-05,9.0,80.17130620985012,1,bad
9000001506-2,2021-05-05,10.0,46.0663507109005,1,bad
9000001506-2,2021-05-05,11.0,75.320970042796,1,bad
9000001506-2,2021-05-05,12.0,94.5590994371482,1,bad
9000001506-2,2021-05-05,13.0,88.8888888888889,1,bad
9000001506-2,2021-05-05,15.0,45.95744680851061,1,bad
9000001506-2,2021-05-05,17.0,87.4026568941824,1,bad
9000001506-2,2021-05-05,18.0,84.5431255337319,1,bad
9000001506-2,2021-05-05,19.0,50.50662509742787,1,bad
9000001506-2,2021-05-06,6.0,317.03561116458224,1,bad
9000001506-2,2021-05-06,7.0,313.1650485436884,1,bad
9000001506-2,2021-05-06,8.0,157.3619631901842,1,bad
9000001506-2,2021-05-06,9.0,102.167914860071,1,bad
9000001506-2,2021-05-06,10.0,93.36384439359259,1,bad
9000001506-2,2021-05-06,11.0,62.094455852156,1,bad
9000001506-2,2021-05-06,12.0,76.65505226480829,1,bad
9000001506-2,2021-05-06,13.0,82.2402358142962,1,bad
9000001506-2,2021-05-06,14.0,76.36363636363643,1,bad
9000001506-2,2021-05-06,15.0,33.98898505114081,1,bad
9000001506-2,2021-05-06,16.0,62.5482625482626,1,bad
9000001506-2,2021-05-06,17.0,109.4858797972483,1,bad
9000001506-2,2021-05-06,18.0,98.1104651162791,1,bad
9000001506-2,2021-05-06,19.0,76.541459957477,1,bad
9000001506-2,2021-05-07,6.0,348.6415425065723,1,bad
9000001506-2,2021-05-07,7.0,365.0154798761596,1,bad
9000001506-2,2021-05-07,8.0,176.8328445747798,1,bad
9000001506-2,2021-05-07,9.0,129.4117647058818,1,bad
9000001506-2,2021-05-07,10.0,118.0561043065982,1,bad
9000001506-2,2021-05-07,11.0,58.0645161290322,1,bad
9000001506-2,2021-05-07,12.0,77.4703557312253,1,bad
9000001506-2,2021-05-07,13.0,63.157894736842096,1,bad
9000001506-2,2021-05-07,14.0,54.111405835543714,1,bad
9000001506-2,2021-05-07,15.0,23.61171840839531,1,bad
9000001506-2,2021-05-07,16.0,40.33195020746889,1,bad
9000001506-2,2021-05-07,17.0,88.0820836621942,1,bad
9000001506-2,2021-05-07,18.0,75.05486466715425,1,bad
9000001506-2,2021-05-07,19.0,43.983709737134426,1,bad
9000001506-2,2021-05-08,6.0,10.682492581602371,0,good
9000001506-2,2021-05-08,7.0,4.0464593480704405,0,good
9000001506-2,2021-05-08,8.0,58.9949016751638,0,good
9000001506-2,2021-05-08,9.0,40.57217165149548,0,good
9000001506-2,2021-05-08,10.0,55.2673372154579,0,good
9000001506-2,2021-05-08,11.0,73.9961759082218,0,good
9000001506-2,2021-05-08,12.0,76.5625,0,good
9000001506-2,2021-05-08,13.0,86.67961165048553,0,good
9000001506-2,2021-05-08,14.0,87.27272727272731,0,good
9000001506-2,2021-05-08,15.0,91.1062906724512,0,good
9000001506-2,2021-05-08,16.0,139.2405063291135,0,good
9000001506-2,2021-05-08,17.0,154.0246555474984,0,good
9000001506-2,2021-05-08,19.0,133.4362934362938,0,good
9000001506-2,2021-05-09,5.0,11.900826446281,0,good
9000001506-2,2021-05-09,6.0,9.187021509296391,0,good
9000001506-2,2021-05-09,7.0,19.816513761467892,0,good
9000001506-2,2021-05-09,8.0,34.98920086393088,0,good
9000001506-2,2021-05-09,9.0,36.99503897944717,0,good
9000001506-2,2021-05-09,10.0,53.29178028827426,0,good
9000001506-2,2021-05-09,11.0,55.896487985212566,0,good
9000001506-2,2021-05-09,12.0,86.4516129032258,0,good
9000001506-2,2021-05-09,13.0,122.69852424455387,0,good
9000001506-2,2021-05-09,14.0,73.547023599859,0,good
9000001506-2,2021-05-09,15.0,139.1618497109825,0,good
9000001506-2,2021-05-09,16.0,195.42857142857102,0,good
9000001506-2,2021-05-09,17.0,261.6740088105731,0,good
9000001506-2,2021-05-09,19.0,149.7215001856666,0,good
9000001506-2,2021-05-10,6.0,215.1503616292352,1,good
9000001506-2,2021-05-10,7.0,327.27272727272793,1,good
9000001506-2,2021-05-10,8.0,187.0991522300038,1,good
9000001506-2,2021-05-10,9.0,108.30324909747307,1,good
9000001506-2,2021-05-10,10.0,118.0865603644645,1,good
9000001506-2,2021-05-10,11.0,130.0085984522785,1,good
9000001506-2,2021-05-10,12.0,98.7281399046105,1,good
9000001506-2,2021-05-10,13.0,92.27184466019419,1,good
9000001506-2,2021-05-10,14.0,99.3392926544889,1,good
9000001506-2,2021-05-10,15.0,54.9177037334403,1,good
9000001506-2,2021-05-10,16.0,111.35420596001511,1,good
9000001506-2,2021-05-10,17.0,177.70921712302348,1,good
9000001506-2,2021-05-10,19.0,120.36063110443281,1,good
9000001506-2,2021-05-11,6.0,119.0977443609027,1,good
9000001506-2,2021-05-11,7.0,186.99551569506718,1,good
9000001506-2,2021-05-11,8.0,108.7336244541485,1,good
9000001506-2,2021-05-11,9.0,81.3846697280113,1,good
9000001506-2,2021-05-11,10.0,89.10891089108911,1,good
9000001506-2,2021-05-11,11.0,93.0533117932149,1,good
9000001506-2,2021-05-11,12.0,107.7589602205592,1,good
9000001506-2,2021-05-11,13.0,103.7095501183899,1,good
9000001506-2,2021-05-11,14.0,82.5563909774436,1,good
9000001506-2,2021-05-11,15.0,88.20826952526801,1,good
9000001506-2,2021-05-11,16.0,75.907848496681,1,good
9000001506-2,2021-05-11,17.0,154.6439628482976,1,good
9000001506-2,2021-05-11,18.0,155.49974886991438,1,good
9000001506-2,2021-05-11,19.0,109.8996947230703,1,good
9000001506-2,2021-05-12,6.0,317.98922800718316,1,good
9000001506-2,2021-05-12,8.0,190.27192646495632,1,good
9000001506-2,2021-05-12,9.0,115.8741770299927,1,good
9000001506-2,2021-05-12,10.0,112.2336227308603,1,good
9000001506-2,2021-05-12,11.0,100.8727606798345,1,good
9000001506-2,2021-05-12,12.0,119.9473914949583,1,good
9000001506-2,2021-05-12,13.0,80.8454425363276,1,good
9000001506-2,2021-05-12,14.0,86.8020304568528,1,good
9000001506-2,2021-05-12,17.0,90.54640069384209,1,good
9000001506-2,2021-05-12,19.0,85.9030837004405,1,good
9000001506-2,2021-05-13,6.0,364.8106904231634,1,good
9000001506-2,2021-05-13,7.0,382.0143884892074,1,good
9000001506-2,2021-05-13,8.0,127.77548493603,1,good
9000001506-2,2021-05-13,9.0,104.21455938697332,1,good
9000001506-2,2021-05-13,11.0,73.89162561576366,1,good
9000001506-2,2021-05-13,12.0,118.2380216383308,1,good
9000001506-2,2021-05-13,13.0,77.09369024856599,1,good
9000001506-2,2021-05-13,14.0,69.4444444444444,1,good
9000001506-2,2021-05-13,15.0,39.42181340341657,1,good
9000001506-2,2021-05-13,18.0,118.4473197781882,1,good
9000001506-2,2021-05-13,19.0,78.53624208304014,1,good
9000001506-2,2021-05-14,6.0,374.14847161572027,1,bad
9000001506-2,2021-05-14,7.0,395.5186122153984,1,bad
9000001506-2,2021-05-14,8.0,213.87406616862302,1,bad
9000001506-2,2021-05-14,9.0,138.9473684210528,1,bad
9000001506-2,2021-05-14,10.0,133.0490405117269,1,bad
9000001506-2,2021-05-14,11.0,119.23076923076931,1,bad
9000001506-2,2021-05-14,12.0,116.95294996265889,1,bad
9000001506-2,2021-05-14,13.0,119.71153846153861,1,bad
9000001506-2,2021-05-14,14.0,55.3116769095698,1,bad
9000001506-2,2021-05-14,15.0,50.865998176846006,1,bad
9000001506-2,2021-05-14,16.0,78.908188585608,1,bad
9000001506-2,2021-05-14,17.0,154.2857142857145,1,bad
9000001506-2,2021-05-14,19.0,31.45353455123115,1,bad
9000001506-2,2021-05-15,6.0,62.208865514650604,0,good
9000001506-2,2021-05-15,7.0,67.4920410328971,0,good
9000001506-2,2021-05-15,8.0,94.17509591907911,0,good
9000001506-2,2021-05-15,9.0,87.7724418175102,0,good
9000001506-2,2021-05-15,10.0,80.18120045300111,0,good
9000001506-2,2021-05-15,11.0,87.2307692307692,0,good
9000001506-2,2021-05-15,12.0,93.63354037267081,0,good
9000001506-2,2021-05-15,13.0,93.57798165137609,0,good
9000001506-2,2021-05-15,15.0,70.17225747960106,0,good
9000001506-2,2021-05-15,16.0,49.484536082474264,0,good
9000001506-2,2021-05-15,19.0,73.41490545050067,0,good
9000001506-2,2021-05-16,6.0,25.391849529780558,0,good
9000001506-2,2021-05-16,7.0,46.13785936958778,0,good
9000001506-2,2021-05-16,8.0,31.846664209362327,0,good
9000001506-2,2021-05-16,9.0,33.94891944990183,0,good
9000001506-2,2021-05-16,10.0,53.20886814469081,0,good
9000001506-2,2021-05-16,11.0,76.28361858190709,0,good
9000001506-2,2021-05-16,12.0,78.4248010054463,0,good
9000001506-2,2021-05-16,13.0,83.60875390799461,0,good
9000001506-2,2021-05-16,14.0,68.0293096799074,0,good
9000001506-2,2021-05-16,17.0,92.10526315789473,0,good
9000001506-2,2021-05-16,18.0,44.33497536945819,0,good
9000001506-2,2021-05-16,19.0,69.36154136758589,0,good
9000001506-2,2021-05-17,7.0,230.6636155606405,1,good
9000001506-2,2021-05-17,8.0,165.89861751152088,1,good
9000001506-2,2021-05-17,9.0,86.0759493670886,1,good
9000001506-2,2021-05-17,10.0,41.860465116279094,1,good
9000001506-2,2021-05-17,11.0,98.43237331388991,1,good
9000001506-2,2021-05-17,12.0,102.00860832137741,1,good
9000001506-2,2021-05-17,13.0,100.7534983853604,1,good
9000001506-2,2021-05-17,14.0,61.310625694187394,1,good
9000001506-2,2021-05-17,15.0,48.86227544910179,1,good
9000001506-2,2021-05-17,16.0,82.9857299670691,1,good
9000001506-2,2021-05-17,17.0,67.14490674318503,1,good
9000001506-2,2021-05-17,18.0,68.8336520076482,1,good
9000001506-2,2021-05-17,19.0,100.19600156801249,1,good
9000001506-2,2021-05-17,20.0,56.84210526315792,1,good
9000001506-2,2021-05-18,6.0,316.3020465772749,1,good
9000001506-2,2021-05-18,7.0,385.1162790697674,1,good
9000001506-2,2021-05-18,8.0,198.8740323715689,1,good
9000001506-2,2021-05-18,9.0,124.2262540021348,1,good
9000001506-2,2021-05-18,10.0,78.45036319612589,1,good
9000001950-1,2021-04-19,12.0,713.835060838223,1,bad
9000001950-1,2021-04-19,14.0,649.466537342387,1,bad
9000001950-1,2021-04-19,15.0,589.2413793103451,1,bad
9000001950-1,2021-04-19,16.0,480.5357142857131,1,bad
9000001950-1,2021-04-19,17.0,687.3379860418759,1,bad
9000001950-1,2021-04-19,18.0,485.941148995797,1,bad
9000001950-1,2021-04-20,7.0,819.947897283221,1,bad
9000001950-1,2021-04-20,8.0,763.513513513515,1,bad
9000001950-1,2021-04-20,9.0,780.642159143788,1,bad
9000001950-1,2021-04-20,10.0,649.211356466876,1,bad
9000001950-1,2021-04-20,11.0,663.705019991112,1,bad
9000001950-1,2021-04-20,12.0,687.4233128834361,1,bad
9000001950-1,2021-04-20,15.0,410.073614877954,1,bad
9000001950-1,2021-04-20,16.0,347.3684210526321,1,bad
9000001950-1,2021-04-20,17.0,711.377245508982,1,bad
9000001950-1,2021-04-20,18.0,653.7867078825369,1,bad
9000001950-1,2021-04-20,19.0,598.8632057597571,1,bad
9000001950-1,2021-04-21,15.0,425.927372120264,1,bad
9000001950-1,2021-04-21,16.0,382.74268104776604,1,bad
9000001950-1,2021-04-21,17.0,632.258064516131,1,bad
9000001950-1,2021-04-21,18.0,743.100115964439,1,bad
9000001950-1,2021-04-21,19.0,583.6363636363619,1,bad
9000001950-1,2021-04-22,8.0,676.554583141411,1,good
9000001950-1,2021-04-22,9.0,644.4000000000019,1,good
9000001950-1,2021-04-22,10.0,677.374942634233,1,good
9000001950-1,2021-04-22,11.0,713.4146341463411,1,good
9000001950-1,2021-04-22,12.0,786.678832116784,1,good
9000001950-1,2021-04-22,13.0,745.374449339207,1,good
9000001950-1,2021-04-22,14.0,659.966869133072,1,good
9000001950-1,2021-04-22,15.0,590.9891248058,1,good
9000001950-1,2021-04-22,16.0,441.81818181818113,1,good
9000001950-1,2021-04-22,17.0,597.936117936119,1,good
9000001950-1,2021-04-22,18.0,747.0085470085521,1,good
9000001950-1,2021-04-22,19.0,599.6701484332029,1,good
9000001950-1,2021-04-23,8.0,665.5462184873951,1,good
9000001950-1,2021-04-23,9.0,760.8163265306159,1,good
9000001950-1,2021-04-23,10.0,595.2886836027699,1,good
9000001950-1,2021-05-03,12.0,1.5025041736227,1,good
9000001950-1,2021-05-03,13.0,1.640838650866,1,good
9000001950-1,2021-05-03,16.0,459.4894561598228,1,good
9000001950-1,2021-05-06,9.0,2.58064516129032,1,bad
9000001950-1,2021-05-10,6.0,489.3728877206168,1,good
9000001950-1,2021-05-10,7.0,438.4074941451978,1,good
9000001950-1,2021-05-10,8.0,544.4913627639115,1,good
9000001950-1,2021-05-10,9.0,770.4545454545506,1,good
9000001950-1,2021-05-10,10.0,821.0526315789573,1,good
9000001950-1,2021-05-10,11.0,741.3806401851112,1,good
9000001950-1,2021-05-10,12.0,924.4921425833597,1,good
9000001950-1,2021-05-10,13.0,945.7972107048518,1,good
9000001950-1,2021-05-10,14.0,966.7192429022028,1,good
9000001950-1,2021-05-10,15.0,603.4924330617017,1,good
9000001950-1,2021-05-10,16.0,844.9980537174081,1,good
9000001950-1,2021-05-10,17.0,727.868852459022,1,good
9000001950-1,2021-05-10,19.0,288.397790055248,1,good
9000001950-1,2021-05-11,6.0,449.8341319572461,1,good
9000001950-1,2021-05-11,7.0,645.1662208635818,1,good
9000001950-1,2021-05-11,8.0,678.0393670397475,1,good
9000001950-1,2021-05-11,9.0,772.0795660036235,1,good
9000001950-1,2021-05-11,10.0,737.1115173674528,1,good
9000001950-1,2021-05-11,11.0,834.3347639485015,1,good
9000001950-1,2021-05-11,12.0,813.8461538461571,1,good
9000001950-1,2021-05-11,13.0,677.1331058020489,1,good
9000001950-1,2021-05-11,14.0,720.2728306176559,1,good
9000001950-1,2021-05-11,15.0,488.92603426660844,1,good
9000001950-1,2021-05-11,18.0,632.9670329670307,1,good
9000001950-1,2021-05-11,19.0,643.7710437710429,1,good
9000001950-1,2021-05-12,6.0,885.201793721969,1,good
9000001950-1,2021-05-12,7.0,900.331980818888,1,good
9000001950-1,2021-05-12,8.0,743.5239206534409,1,good
9000001950-1,2021-05-12,9.0,760.9427609427601,1,good
9000001950-1,2021-05-12,10.0,688.4012539184989,1,good
9000001950-1,2021-05-12,11.0,776.991150442476,1,good
9000001950-1,2021-05-12,12.0,781.983290955318,1,good
9000001950-1,2021-05-12,13.0,791.608391608387,1,good
9000001950-1,2021-05-12,14.0,676.011994002995,1,good
9000001950-1,2021-05-12,15.0,485.9315589353632,1,good
9000001950-1,2021-05-12,16.0,633.320388349513,1,good
9000001950-1,2021-05-12,17.0,724.373576309791,1,good
9000001950-1,2021-05-12,18.0,598.8835132117641,1,good
9000001950-1,2021-05-12,19.0,641.3949962092513,1,good
9000001950-1,2021-05-13,6.0,811.5606936416161,1,good
9000001950-1,2021-05-13,7.0,802.489019033673,1,good
9000001950-1,2021-05-13,8.0,718.6740331491679,1,good
9000001950-1,2021-05-13,9.0,865.1291512915141,1,good
9000001950-1,2021-05-13,10.0,744.7728275253629,1,good
9000001950-1,2021-05-13,11.0,705.190989226249,1,good
9000001950-1,2021-05-13,15.0,339.778372181888,1,good
9000001950-1,2021-05-13,16.0,399.55156950672597,1,good
9000001950-1,2021-05-13,17.0,692.93849658314,1,good
9000001950-1,2021-05-13,18.0,641.3399314807727,1,good
9000001950-1,2021-05-13,19.0,655.9999999999986,1,good
9000001950-1,2021-05-14,6.0,830.155210643019,1,bad
9000001950-1,2021-05-14,7.0,796.6539923954421,1,bad
9000001950-1,2021-05-14,8.0,825.425652667424,1,bad
9000001950-1,2021-05-14,9.0,791.537589724215,1,bad
9000001950-1,2021-05-14,10.0,570.514285714284,1,bad
9000001950-1,2021-05-14,11.0,705.748001522648,1,bad
9000001950-1,2021-05-14,12.0,842.4267437061529,1,bad
9000001950-1,2021-05-14,13.0,761.205766710355,1,bad
9000001950-1,2021-05-14,15.0,565.5,1,bad
9000001950-1,2021-05-14,16.0,692.307692307689,1,bad
9000001950-1,2021-05-14,17.0,656.300268096511,1,bad
9000001950-1,2021-05-14,18.0,784.171597633142,1,bad
9000001950-1,2021-05-14,19.0,608.200455580863,1,bad
9000001950-1,2021-05-15,6.0,287.5273522975932,0,good
9000001950-1,2021-05-15,7.0,354.4175982690226,0,good
9000001950-1,2021-05-15,8.0,513.2559070885043,0,good
9000001950-1,2021-05-15,9.0,602.2093634929009,0,good
9000001950-1,2021-05-15,12.0,643.5661764705833,0,good
9000001950-1,2021-05-15,13.0,573.451327433628,0,good
9000001950-1,2021-05-15,14.0,494.64508094645,0,good
9000001950-1,2021-05-15,15.0,359.213401310999,0,good
9000001950-1,2021-05-15,16.0,528.0356479762377,0,good
9000001950-1,2021-05-15,17.0,562.1125143513223,0,good
9000001950-1,2021-05-15,18.0,573.7542791936088,0,good
9000001950-1,2021-05-15,19.0,577.6271186440699,0,good
9000001950-1,2021-05-16,6.0,193.73900809004598,0,good
9000001950-1,2021-05-16,7.0,194.2536790469519,0,good
9000001950-1,2021-05-16,8.0,229.39068100358406,0,good
9000001950-1,2021-05-16,10.0,587.9544221378177,0,good
9000001950-1,2021-05-16,12.0,600.9042954031618,0,good
9000001950-1,2021-05-16,15.0,578.369905956116,0,good
9000001950-1,2021-05-16,16.0,535.1694915254275,0,good
9000001950-1,2021-05-16,17.0,643.330876934417,0,good
9000001950-1,2021-05-16,18.0,586.899563318775,0,good
9000001950-1,2021-05-16,19.0,558.7554269175109,0,good
9000001950-1,2021-05-17,6.0,908.0,1,good
9000001950-1,2021-05-17,7.0,624.2851838098791,1,good
9000001950-1,2021-05-17,8.0,402.127659574467,1,good
9000001950-1,2021-05-17,9.0,699.8527245949921,1,good
9000001950-1,2021-05-17,10.0,757.058823529408,1,good
9000001950-1,2021-05-17,11.0,757.2815533980561,1,good
9000001950-1,2021-05-17,15.0,414.312061969752,1,good
9000001950-1,2021-05-17,16.0,574.4262295082001,1,good
9000001950-1,2021-05-17,17.0,738.39218632607,1,good
9000001950-1,2021-05-17,18.0,655.8812615955451,1,good
9000001950-1,2021-05-17,19.0,567.3278038225781,1,good
9000001950-1,2021-05-18,6.0,912.585155969884,1,good
9000001950-1,2021-05-18,7.0,778.271965001825,1,good
9000001950-1,2021-05-18,8.0,685.4651162790661,1,good
9000001950-1,2021-05-18,9.0,761.142857142857,1,good
9000001950-1,2021-05-18,10.0,820.471281296019,1,good
9000001950-2,2021-04-19,12.0,671.653898152328,1,bad
9000001950-2,2021-04-19,14.0,473.13288069835096,1,bad
9000001950-2,2021-04-19,15.0,594.206896551724,1,bad
9000001950-2,2021-04-19,16.0,527.142857142858,1,bad
9000001950-2,2021-04-19,17.0,698.1056829511481,1,bad
9000001950-2,2021-04-19,18.0,649.0425035030389,1,bad
9000001950-2,2021-04-20,7.0,413.993301079272,1,bad
9000001950-2,2021-04-20,8.0,429.72972972973105,1,bad
9000001950-2,2021-04-20,9.0,556.165658445789,1,bad
9000001950-2,2021-04-20,10.0,592.429022082018,1,bad
9000001950-2,2021-04-20,11.0,582.1412705464221,1,bad
9000001950-2,2021-04-20,12.0,728.834355828225,1,bad
9000001950-2,2021-04-20,15.0,390.546299883765,1,bad
9000001950-2,2021-04-20,16.0,426.31578947368416,1,bad
9000001950-2,2021-04-20,17.0,681.1976047904191,1,bad
9000001950-2,2021-04-20,18.0,751.1591962905729,1,bad
9000001950-2,2021-04-20,19.0,596.1348995831759,1,bad
9000001950-2,2021-04-21,15.0,350.019523623584,1,bad
9000001950-2,2021-04-21,16.0,287.0570107858245,1,bad
9000001950-2,2021-04-21,17.0,653.763440860215,1,bad
9000001950-2,2021-04-21,18.0,718.05179744878,1,bad
9000001950-2,2021-04-21,19.0,610.909090909089,1,bad
9000001950-2,2021-04-22,8.0,388.023952095807,1,good
9000001950-2,2021-04-22,9.0,318.6,1,good
9000001950-2,2021-04-22,10.0,528.682882055989,1,good
9000001950-2,2021-04-22,11.0,707.926829268293,1,good
9000001950-2,2021-04-22,12.0,601.094890510946,1,good
9000001950-2,2021-04-22,13.0,900.440528634363,1,good
9000001950-2,2021-04-22,14.0,815.0193263390361,1,good
9000001950-2,2021-04-22,15.0,581.667529777317,1,good
9000001950-2,2021-04-22,16.0,314.5454545454538,1,good
9000001950-2,2021-04-22,17.0,442.260442260442,1,good
9000001950-2,2021-04-22,18.0,745.299145299148,1,good
9000001950-2,2021-04-22,19.0,692.688290269376,1,good
9000001950-2,2021-04-23,8.0,261.5916955017297,1,good
9000001950-2,2021-04-23,9.0,417.95918367346906,1,good
9000001950-2,2021-04-23,10.0,492.19399538106404,1,good
9000001950-2,2021-05-03,16.0,87.9023307436182,1,good
9000001950-2,2021-05-04,9.0,1.95971692977681,1,good
9000001950-2,2021-05-05,7.0,3.5573122529644303,1,bad
9000001950-2,2021-05-05,9.0,3.82030420940927,1,bad
9000001950-2,2021-05-10,6.0,492.0766053323325,1,good
9000001950-2,2021-05-10,7.0,369.5550351288045,1,good
9000001950-2,2021-05-10,8.0,413.2053742802293,1,good
9000001950-2,2021-05-10,9.0,372.2727272727284,1,good
9000001950-2,2021-05-10,10.0,329.227323628219,1,good
9000001950-2,2021-05-10,11.0,347.08831469340623,1,good
9000001950-2,2021-05-10,12.0,401.5331544653126,1,good
9000001950-2,2021-05-10,13.0,320.2412363362239,1,good
9000001950-2,2021-05-10,14.0,384.7003154574138,1,good
9000001950-2,2021-05-10,15.0,245.867287543655,1,good
9000001950-2,2021-05-10,16.0,189.1786687427014,1,good
9000001950-2,2021-05-10,17.0,202.341920374707,1,good
9000001950-2,2021-05-10,19.0,45.7458563535912,1,good
9000001950-2,2021-05-11,6.0,265.38886841135337,1,good
9000001950-2,2021-05-11,7.0,269.6217042414982,1,good
9000001950-2,2021-05-11,8.0,230.64453878811238,1,good
9000001950-2,2021-05-11,9.0,207.01627486437627,1,good
9000001950-2,2021-05-11,10.0,172.4314442413166,1,good
9000001950-2,2021-05-11,11.0,217.7136168552484,1,good
9000001950-2,2021-05-11,12.0,346.1538461538466,1,good
9000001950-2,2021-05-11,13.0,700.34129692833,1,good
9000001950-2,2021-05-11,14.0,626.146267525578,1,good
9000001950-2,2021-05-11,15.0,500.96113664855704,1,good
9000001950-2,2021-05-11,18.0,658.885941644561,1,good
9000001950-2,2021-05-11,19.0,812.1212121212155,1,good
9000001950-2,2021-05-12,6.0,534.080717488788,1,good
9000001950-2,2021-05-12,7.0,412.984138694207,1,good
9000001950-2,2021-05-12,8.0,355.65927654609203,1,good
9000001950-2,2021-05-12,9.0,402.693602693603,1,good
9000001950-2,2021-05-12,10.0,534.1692789968679,1,good
9000001950-2,2021-05-12,11.0,608.849557522125,1,good
9000001950-2,2021-05-12,12.0,747.984017435522,1,good
9000001950-2,2021-05-12,13.0,640.559440559437,1,good
9000001950-2,2021-05-12,14.0,627.4362818590671,1,good
9000001950-2,2021-05-12,15.0,451.7110266159719,1,good
9000001950-2,2021-05-12,16.0,500.504854368931,1,good
9000001950-2,2021-05-12,17.0,703.8724373576279,1,good
9000001950-2,2021-05-12,18.0,683.289914402683,1,good
9000001950-2,2021-05-12,19.0,687.7937831690709,1,good
9000001950-2,2021-05-13,6.0,401.878612716762,1,good
9000001950-2,2021-05-13,7.0,368.96046852123095,1,good
9000001950-2,2021-05-13,8.0,473.37016574585704,1,good
9000001950-2,2021-05-13,9.0,473.247232472323,1,good
9000001950-2,2021-05-13,10.0,519.276576973974,1,good
9000001950-2,2021-05-13,11.0,574.7306562193941,1,good
9000001950-2,2021-05-13,15.0,433.320596102408,1,good
9000001950-2,2021-05-13,16.0,356.50224215246595,1,good
9000001950-2,2021-05-13,17.0,653.302961275624,1,good
9000001950-2,2021-05-13,18.0,786.600685192231,1,good
9000001950-2,2021-05-13,19.0,701.3333333333311,1,good
9000001950-2,2021-05-14,6.0,465.631929046563,1,bad
9000001950-2,2021-05-14,7.0,520.1520912547539,1,bad
9000001950-2,2021-05-14,8.0,386.83314415436905,1,bad
9000001950-2,2021-05-14,9.0,382.16849263317,1,bad
9000001950-2,2021-05-14,10.0,437.485714285714,1,bad
9000001950-2,2021-05-14,11.0,548.1537875904071,1,bad
9000001950-2,2021-05-14,12.0,684.93602971523,1,bad
9000001950-2,2021-05-14,13.0,789.51507208388,1,bad
9000001950-2,2021-05-14,15.0,588.0,1,bad
9000001950-2,2021-05-14,16.0,513.692307692307,1,bad
9000001950-2,2021-05-14,17.0,723.8605898123269,1,bad
9000001950-2,2021-05-14,18.0,700.295857988171,1,bad
9000001950-2,2021-05-14,19.0,751.70842824601,1,bad
9000001950-2,2021-05-15,6.0,199.5623632385126,0,good
9000001950-2,2021-05-15,7.0,271.3306887847094,0,good
9000001950-2,2021-05-15,8.0,384.941930316379,0,good
9000001950-2,2021-05-15,9.0,501.8411362440835,0,good
9000001950-2,2021-05-15,12.0,574.080882352938,0,good
9000001950-2,2021-05-15,13.0,595.353982300884,0,good
9000001950-2,2021-05-15,14.0,548.443337484433,0,good
9000001950-2,2021-05-15,15.0,281.86453022578297,0,good
9000001950-2,2021-05-15,16.0,461.1956925362066,0,good
9000001950-2,2021-05-15,17.0,454.6498277841581,0,good
9000001950-2,2021-05-15,18.0,662.7615062761511,0,good
9000001950-2,2021-05-15,19.0,623.7288135593237,0,good
9000001950-2,2021-05-16,6.0,115.2303904326417,0,good
9000001950-2,2021-05-16,7.0,160.19621583742173,0,good
9000001950-2,2021-05-16,8.0,236.55913978494536,0,good
9000001950-2,2021-05-16,10.0,472.7075420510033,0,good
9000001950-2,2021-05-16,12.0,548.0030143180082,0,good
9000001950-2,2021-05-16,15.0,481.034482758622,0,good
9000001950-2,2021-05-16,16.0,419.4915254237309,0,good
9000001950-2,2021-05-16,17.0,729.5504789977911,0,good
9000001950-2,2021-05-16,18.0,588.209606986897,0,good
9000001950-2,2021-05-16,19.0,556.150506512301,0,good
9000001950-2,2021-05-17,6.0,460.0,1,good
9000001950-2,2021-05-17,7.0,259.339027107315,1,good
9000001950-2,2021-05-17,8.0,279.0273556230994,1,good
9000001950-2,2021-05-17,9.0,385.71428571428527,1,good
9000001950-2,2021-05-17,10.0,579.705882352939,1,good
9000001950-2,2021-05-17,11.0,623.9482200647241,1,good
9000001950-2,2021-05-17,15.0,379.78605680560497,1,good
9000001950-2,2021-05-17,16.0,553.4426229508219,1,good
9000001950-2,2021-05-17,17.0,646.431254695716,1,good
9000001950-2,2021-05-17,18.0,706.64192949907,1,good
9000001950-2,2021-05-17,19.0,760.764514965745,1,good
9000001950-2,2021-05-18,6.0,462.10111150950013,1,good
9000001950-2,2021-05-18,7.0,339.919795843967,1,good
9000001950-2,2021-05-18,8.0,368.895348837209,1,good
9000001950-2,2021-05-18,9.0,555.428571428572,1,good
9000001950-2,2021-05-18,10.0,597.790868924888,1,good
9000000529-1,2020-07-26,8.0,62.6865671641791,0,good
9000000529-1,2020-07-26,9.0,93.60505973295851,0,good
9000000529-1,2020-07-26,10.0,136.244541484716,0,good
9000000529-1,2020-07-26,12.0,121.608579088472,0,good
9000000529-1,2020-07-26,14.0,105.207226354941,0,good
9000000529-1,2020-07-26,17.0,113.274336283186,0,good
9000000529-1,2020-07-26,18.0,113.656387665198,0,good
9000000529-1,2020-07-27,6.0,141.1261582323587,1,good
9000000529-1,2020-07-27,9.0,150.0584339696145,1,good
9000000529-1,2020-07-27,13.0,117.43385284523382,1,good
9000000529-1,2020-07-27,14.0,161.5925058548013,1,good
9000000529-1,2020-07-28,19.0,117.0255993498572,1,good
9000000529-1,2020-07-29,6.0,164.3652561247218,1,good
9000000529-1,2020-07-29,11.0,65.99568655643421,1,good
9000000529-1,2020-07-29,13.0,1.28159487362051,1,good
9000000529-1,2020-07-31,7.0,2.98879202988792,1,good
9000000529-1,2020-07-31,8.0,7.74610005379236,1,good
9000000529-1,2020-07-31,9.0,3.88908894490457,1,good
9000000529-1,2020-07-31,10.0,2.58620689655172,1,good
9000000529-1,2020-07-31,11.0,1.2591815320042,1,good
9000000529-1,2020-08-01,8.0,1.25173852573018,0,good
9000000529-1,2020-08-01,11.0,5.08295093540417,0,good
9000000529-1,2020-08-02,8.0,4.20233463035019,0,good
9000000529-1,2020-08-02,9.0,2.5852782764811497,0,good
9000000529-1,2020-08-02,10.0,2.54596888260255,0,good
9000000529-1,2020-08-03,8.0,1.26626802673232,1,good
9000000529-1,2020-08-03,9.0,1.53977758768178,1,good
9000000529-1,2020-08-03,14.0,1.28159487362051,1,good
9000000529-1,2020-08-03,19.0,3.84820951362908,1,good
9000000529-1,2020-08-04,7.0,5.12273212379936,1,good
9000000529-1,2020-08-04,8.0,6.19888075764098,1,good
9000000529-1,2020-08-04,9.0,3.9102099927588703,1,good
9000000529-1,2020-08-04,10.0,1.26315789473684,1,good
9000000529-1,2020-08-04,12.0,7.74471136608103,1,good
9000000529-1,2020-08-04,13.0,1.4178810555336698,1,good
9000000529-1,2020-08-04,17.0,1.32207124495042,1,good
9000000529-1,2020-08-05,7.0,1.25391849529781,1,good
9000000529-1,2020-08-06,7.0,11.376404494382,1,bad
9000000529-1,2020-08-06,9.0,2.70880361173814,1,bad
9000000529-1,2020-08-06,10.0,6.83630839346753,1,bad
9000000529-1,2020-08-06,12.0,1.32988548208349,1,bad
9000000529-1,2020-08-07,7.0,1.27253446447508,1,good
9000000529-1,2020-08-07,8.0,3.8359083644112895,1,good
9000000529-1,2020-08-08,7.0,1.2711864406779698,0,good
9000000529-1,2020-08-09,19.0,1.3975155279503102,0,good
9000000529-1,2020-08-10,8.0,0.761421319796953,1,good
9000000529-1,2020-08-10,9.0,7.755581668625164,1,good
9000000529-1,2020-08-10,10.0,2.92921074043938,1,good
9000000529-1,2020-08-10,11.0,0.7140023800079341,1,good
9000000529-1,2020-08-10,12.0,0.703537228845026,1,good
9000000529-1,2020-08-10,13.0,0.720288115246099,1,good
9000000529-1,2020-08-11,9.0,1.9657808518383728,1,good
9000000529-1,2020-08-11,11.0,0.7089405277668391,1,good
9000000529-1,2020-08-11,15.0,0.669767441860467,1,good
9000000529-1,2020-08-11,18.0,0.67937346669183,1,good
9000000529-1,2020-08-12,7.0,0.887136520453427,1,good
9000000529-1,2020-08-13,7.0,7.8402903811252305,1,good
9000000529-1,2020-08-13,8.0,5.35259133389974,1,good
9000000529-1,2020-08-13,9.0,3.48499515972895,1,good
9000000529-1,2020-08-13,10.0,1.44028805761152,1,good
9000000529-1,2020-08-13,11.0,0.698893418753639,1,good
9000000529-1,2020-08-13,14.0,0.6939090208172679,1,good
9000000529-1,2020-08-13,18.0,0.662617338487022,1,good
9000000529-1,2020-08-14,17.0,1.3488197826901498,1,good
9000000529-1,2020-08-15,6.0,3.24178298063935,0,good
9000000529-1,2020-08-15,8.0,0.926879505664264,0,good
9000000529-1,2020-08-15,16.0,0.6419400855920141,0,good
9000000529-1,2020-08-16,9.0,2.985074626865674,0,good
9000000529-1,2020-08-16,10.0,1.37614678899082,0,good
9000000529-1,2020-08-16,11.0,0.7256601491634741,0,good
9000000529-1,2020-08-16,12.0,17.190608834062907,0,good
9000000529-1,2020-08-16,13.0,1.66166628202169,0,good
9000000529-1,2020-08-16,14.0,0.698351115421919,0,good
9000000529-1,2020-08-16,19.0,0.661278471711975,0,good
9000000529-1,2020-08-17,9.0,4.67272390135361,1,good
9000000529-1,2020-08-17,10.0,2.84584980237154,1,good
9000000529-1,2020-08-17,12.0,0.6968641114982571,1,good
9000000529-1,2020-08-17,16.0,2.3121387283237,1,good
9000000529-1,2020-08-18,8.0,1.2658227848101298,1,good
9000000529-1,2020-08-18,9.0,3.7267080745341596,1,good
9000000529-1,2020-08-19,9.0,13.1675201170446,1,bad
9000000529-1,2020-08-19,10.0,7.017543859649121,1,bad
9000000529-1,2020-08-19,13.0,2.67657992565056,1,bad
9000000529-1,2020-08-20,6.0,1.26537785588752,1,good
9000000529-1,2020-08-20,7.0,1.29078522768017,1,good
9000000529-1,2020-08-21,6.0,2.52277505255781,1,good
9000000529-1,2020-08-21,7.0,17.011995637949802,1,good
9000000529-1,2020-08-22,8.0,8.78967561911406,0,good
9000000529-1,2020-08-22,11.0,3.81086803105152,0,good
9000000529-1,2020-08-22,12.0,16.7561761546724,0,good
9000000529-1,2020-08-22,13.0,6.2959076600209904,0,good
9000000529-1,2020-08-25,7.0,3.89189189189189,1,good
9000000529-1,2020-08-26,7.0,33.659839715048975,1,good
9000000529-1,2020-08-26,8.0,6.64942741041743,1,good
9000000529-1,2020-08-26,9.0,1.35746606334842,1,good
9000000529-1,2020-08-26,11.0,1.30766436614602,1,good
9000000529-1,2020-08-26,13.0,1.26939351198872,1,good
9000000529-1,2020-08-28,9.0,2.5361042620641,1,good
9000000529-1,2020-08-28,10.0,2.54867256637168,1,good
9000000529-1,2020-08-28,17.0,1.63785259326661,1,good
9000000529-1,2020-08-29,7.0,2.77242972660762,0,good
9000000529-1,2020-08-29,11.0,21.9595882577202,0,good
9000000529-1,2020-08-29,12.0,8.53417621493481,0,good
9000000529-1,2020-08-29,13.0,3.84204909284952,0,good
9000000529-1,2020-08-29,19.0,11.325206449075901,0,good
9000000529-1,2020-08-30,7.0,3.74414976599064,0,good
9000000529-1,2020-08-30,8.0,12.5581395348837,0,good
9000000529-1,2020-08-30,9.0,1.29776496034607,0,good
9000000529-1,2020-08-30,10.0,2.93159609120522,0,good
9000000529-1,2020-08-30,11.0,3.16066725197542,0,good
9000000529-1,2020-08-30,12.0,9.09473684210526,0,good
9000000529-1,2020-08-30,13.0,13.527477689055901,0,good
9000000529-1,2020-08-30,15.0,5.39730134932534,0,good
9000000529-1,2020-08-30,16.0,1.47420147420147,0,good
9000000529-1,2020-08-30,19.0,1.4956377233070202,0,good
9000000529-1,2020-08-31,16.0,1.26493323963457,1,good
9000000529-1,2020-09-01,8.0,8.95204262877442,1,good
9000000529-1,2020-09-01,10.0,1.45102781136638,1,good
9000000529-1,2020-09-01,13.0,1.2875536480686698,1,good
9000000529-1,2020-09-01,14.0,1.3926499032881998,1,good
9000000529-1,2020-09-02,8.0,1.56317846287451,1,good
9000000529-1,2020-09-02,9.0,3.41070582662245,1,good
9000000529-1,2020-09-02,10.0,1.37667304015296,1,good
9000000529-1,2020-09-03,8.0,17.57322175732218,1,good
9000000529-1,2020-09-03,10.0,1.33432171979244,1,good
9000000529-1,2020-09-04,7.0,2.62869660460022,1,good
9000000529-1,2020-09-04,8.0,5.03496503496504,1,good
9000000529-1,2020-09-05,7.0,1.29032258064516,0,good
9000000529-1,2020-09-05,11.0,9.05888273779567,0,good
9000000529-1,2020-09-05,13.0,17.5977653631285,0,good
9000000529-1,2020-09-05,14.0,22.784810126582304,0,good
9000000529-1,2020-09-05,15.0,20.542082738944398,0,good
9000000529-1,2020-09-05,16.0,22.768798313422398,0,good
9000000529-1,2020-09-05,17.0,13.943661971831,0,good
9000000529-1,2020-09-05,19.0,17.0436612309311,0,good
9000000529-1,2020-09-06,7.0,7.706029254370319,0,good
9000000529-1,2020-09-06,8.0,21.8678815489749,0,good
9000000529-1,2020-09-06,9.0,24.17815482502648,0,good
9000000529-1,2020-09-06,10.0,48.7218045112782,0,good
9000000529-1,2020-09-06,12.0,20.8311415044713,0,good
9000000529-1,2020-09-06,13.0,37.9479971890373,0,good
9000000529-1,2020-09-06,14.0,15.4772141014617,0,good
9000000529-1,2020-09-06,15.0,10.958904109589,0,good
9000000529-1,2020-09-06,16.0,13.165379926859,0,good
9000000529-1,2020-09-06,17.0,24.89989078995265,0,good
9000000529-1,2020-09-06,18.0,34.2857142857143,0,good
9000000529-1,2020-09-07,7.0,94.35215946843849,1,good
9000000529-1,2020-09-07,8.0,71.0441334768568,1,good
9000000529-1,2020-09-07,9.0,39.72944108223563,1,good
9000000529-1,2020-09-07,10.0,47.26756564939678,1,good
9000000529-1,2020-09-07,11.0,45.145109279828034,1,good
9000000529-1,2020-09-07,12.0,42.71844660194174,1,good
9000000529-1,2020-09-07,16.0,37.2166998011929,1,good
9000000529-1,2020-09-07,17.0,47.317939609236205,1,good
9000000529-1,2020-09-07,18.0,44.7368421052632,1,good
9000000529-1,2020-09-08,7.0,61.3933236574746,1,good
9000000529-1,2020-09-08,8.0,65.2452025586354,1,good
9000000529-1,2020-09-08,10.0,55.1460028721876,1,good
9000000529-1,2020-09-08,13.0,42.5249169435216,1,good
9000000529-1,2020-09-09,7.0,51.612903225806505,1,good
9000000529-1,2020-09-09,8.0,60.682085456683616,1,good
9000000529-1,2020-09-09,9.0,80.57761732851979,1,good
9000000529-1,2020-09-09,10.0,77.61806981519511,1,good
9000000529-1,2020-09-09,13.0,51.9293184276956,1,good
9000000529-1,2020-09-09,14.0,50.539956803455716,1,good
9000000529-1,2020-09-09,15.0,56.150301311591605,1,good
9000000529-1,2020-09-09,16.0,51.0917030567685,1,good
9000000529-1,2020-09-09,17.0,38.26879271070621,1,good
9000000529-1,2020-09-09,18.0,45.24590163934432,1,good
9000000529-1,2020-09-10,7.0,84.32432432432441,1,good
9000000529-1,2020-09-10,8.0,83.26707625587271,1,good
9000000529-1,2020-09-10,9.0,69.2307692307692,1,good
9000000529-1,2020-09-10,10.0,80.0,1,good
9000000529-1,2020-09-10,11.0,34.2178217821782,1,good
9000000529-1,2020-09-10,13.0,46.9735411380935,1,good
9000000529-1,2020-09-10,14.0,63.2040965618141,1,good
9000000529-1,2020-09-10,15.0,50.2685284640171,1,good
9000000529-1,2020-09-10,16.0,65.9009332376167,1,good
9000000529-1,2020-09-10,18.0,39.145631067961176,1,good
9000000529-1,2020-09-11,7.0,33.93763596809285,1,good
9000000529-1,2020-09-11,8.0,82.0846905537459,1,good
9000000529-1,2020-09-11,9.0,63.3895818048423,1,good
9000000529-1,2020-09-11,10.0,72.3776223776224,1,good
9000000529-1,2020-09-11,11.0,41.680960548885096,1,good
9000000529-1,2020-09-11,13.0,46.82080924855498,1,good
9000000529-1,2020-09-11,14.0,57.91919914193778,1,good
9000000529-1,2020-09-11,15.0,65.7828735220352,1,good
9000000529-1,2020-09-11,16.0,58.653149891383,1,good
9000000529-1,2020-09-11,17.0,50.4757135703555,1,good
9000000529-1,2020-09-11,18.0,39.328911431915685,1,good
9000000529-1,2020-09-12,7.0,27.76025236593058,0,good
9000000529-1,2020-09-12,8.0,41.400000000000006,0,good
9000000529-1,2020-09-12,9.0,45.37815126050424,0,good
9000000529-1,2020-09-12,10.0,71.53347732181422,0,good
9000000529-1,2020-09-12,13.0,28.045325779036798,0,good
9000000529-1,2020-09-12,14.0,29.424307036247306,0,good
9000000529-1,2020-09-12,15.0,23.52941176470589,0,good
9000000529-1,2020-09-12,16.0,21.990657563780108,0,good
9000000529-1,2020-09-12,17.0,14.723926380368097,0,good
9000000529-1,2020-09-12,18.0,33.29633740288573,0,good
9000000529-1,2020-09-13,7.0,13.78830083565455,0,good
9000000529-1,2020-09-13,9.0,37.934668071654386,0,good
9000000529-1,2020-09-13,10.0,29.06282906282909,0,good
9000000529-1,2020-09-13,13.0,23.84105960264904,0,good
9000000529-1,2020-09-13,14.0,17.709065354884,0,good
9000000529-1,2020-09-13,15.0,15.297450424929199,0,good
9000000529-1,2020-09-13,16.0,20.418291386033303,0,good
9000000529-1,2020-09-13,17.0,17.5800325556158,0,good
9000000529-1,2020-09-13,18.0,15.5731795241528,0,good
9000000529-1,2020-09-14,7.0,52.21271848270729,1,good
9000000529-1,2020-09-14,8.0,64.25293217746051,1,good
9000000529-1,2020-09-14,9.0,61.234177215189895,1,good
9000000529-1,2020-09-14,10.0,81.8532818532819,1,good
9000000529-1,2020-09-14,13.0,51.118210862619776,1,good
9000000529-1,2020-09-14,14.0,67.70343580470156,1,good
9000000529-1,2020-09-14,15.0,52.43991260014564,1,good
9000000529-1,2020-09-14,16.0,57.4671869457254,1,good
9000000529-1,2020-09-14,17.0,37.771345875542636,1,good
9000000529-1,2020-09-14,18.0,34.859154929577436,1,good
9000000529-1,2020-09-15,7.0,46.87160940325495,1,good
9000000529-1,2020-09-15,8.0,57.66150560597969,1,good
9000000529-1,2020-09-15,9.0,88.0613362541074,1,good
9000000529-1,2020-09-15,10.0,76.52173913043481,1,good
9000000529-1,2020-09-15,13.0,69.08315565031985,1,good
9000000529-1,2020-09-15,14.0,67.5179569034317,1,good
9000000529-1,2020-09-15,15.0,56.38554216867464,1,good
9000000529-1,2020-09-15,16.0,56.33383010432186,1,good
9000000529-1,2020-09-15,18.0,50.64935064935059,1,good
9000000529-1,2020-09-16,7.0,50.23255813953488,1,good
9000000529-1,2020-09-16,8.0,75.73858549686659,1,good
9000000529-1,2020-09-16,9.0,68.3760683760684,1,good
9000000529-1,2020-09-16,10.0,84.1121495327103,1,good
9000000529-1,2020-09-16,12.0,38.072855464159794,1,good
9000000529-1,2020-09-16,13.0,46.05205116894571,1,good
9000000529-1,2020-09-16,14.0,44.20567920184192,1,good
9000000529-1,2020-09-16,16.0,38.00675675675677,1,good
9000000529-1,2020-09-16,17.0,52.071931196247064,1,good
9000000529-1,2020-09-16,18.0,36.15494978479203,1,good
9000000529-1,2020-09-17,7.0,59.35483870967737,1,good
9000000529-1,2020-09-17,8.0,71.28712871287141,1,good
9000000529-1,2020-09-17,9.0,92.80343716433939,1,good
9000000529-1,2020-09-17,10.0,58.92215568862268,1,good
9000000529-1,2020-09-17,11.0,40.1544401544402,1,good
9000000529-1,2020-09-17,12.0,42.0828905419766,1,good
9000000529-1,2020-09-17,16.0,58.08533524560781,1,good
9000000529-1,2020-09-17,17.0,52.211747643219695,1,good
9000000529-1,2020-09-17,18.0,39.03144199494035,1,good
9000000529-1,2020-09-18,7.0,49.223946784922404,1,good
9000000529-1,2020-09-18,8.0,77.0053475935829,1,good
9000000529-1,2020-09-18,9.0,56.309989335229304,1,good
9000000529-1,2020-09-18,10.0,65.33807829181491,1,good
9000000529-1,2020-09-18,12.0,36.26107977437554,1,good
9000000529-1,2020-09-18,13.0,65.83760058522302,1,good
9000000529-1,2020-09-18,14.0,67.1931083991386,1,good
9000000529-1,2020-09-18,15.0,59.80498374864574,1,good
9000000529-1,2020-09-18,16.0,65.76543660942637,1,good
9000000529-1,2020-09-18,17.0,49.29095354523232,1,good
9000000529-1,2020-09-18,18.0,39.272727272727316,1,good
9000000529-1,2020-09-19,7.0,30.30515608558397,0,good
9000000529-1,2020-09-19,8.0,28.436018957346,0,good
9000000529-1,2020-09-19,9.0,27.896164277411867,0,good
9000000529-1,2020-09-19,10.0,53.5942152275627,0,good
9000000529-1,2020-09-19,13.0,32.45785966287732,0,good
9000000529-1,2020-09-19,14.0,29.32011331444763,0,good
9000000529-1,2020-09-19,15.0,35.35601543318137,0,good
9000000529-1,2020-09-19,16.0,18.08396124865447,0,good
9000000529-1,2020-09-19,17.0,25.55608140085188,0,good
9000000529-1,2020-09-19,18.0,20.7045291157441,0,good
9000000529-1,2020-09-20,7.0,11.384399156711199,0,good
9000000529-1,2020-09-20,8.0,29.5224312590449,0,good
9000000529-1,2020-09-20,9.0,28.316727844782434,0,good
9000000529-1,2020-09-20,10.0,51.7508293402137,0,good
9000000529-1,2020-09-20,13.0,27.71168649405179,0,good
9000000529-1,2020-09-20,14.0,16.4846777034167,0,good
9000000529-1,2020-09-20,15.0,12.644889357218098,0,good
9000000529-1,2020-09-20,16.0,19.354838709677466,0,good
9000000529-1,2020-09-20,17.0,21.278882321332652,0,good
9000000529-1,2020-09-20,18.0,23.07692307692306,0,good
9000000529-1,2020-09-22,7.0,65.99568655643431,1,good
9000000529-1,2020-09-22,8.0,68.02325581395351,1,good
9000000529-1,2020-09-22,9.0,53.145869947276005,1,good
9000000529-1,2020-09-22,10.0,54.64401879291656,1,good
9000000529-1,2020-09-22,13.0,67.16951171099643,1,good
9000000529-1,2020-09-22,14.0,48.7663280116111,1,good
9000000529-1,2020-09-22,15.0,58.085808580858036,1,good
9000000529-1,2020-09-22,16.0,52.70863836017571,1,good
9000000529-1,2020-09-22,17.0,29.92410552945425,1,good
9000000529-1,2020-09-22,18.0,38.14756671899532,1,good
9000000529-1,2020-09-23,7.0,54.44724522866403,1,good
9000000529-1,2020-09-23,8.0,72.3358449946178,1,good
9000000529-1,2020-09-23,9.0,46.33535931355027,1,good
9000000529-1,2020-09-23,10.0,53.20836337418889,1,good
9000000529-1,2020-09-23,11.0,87.1534556813744,1,good
9000000529-1,2020-09-23,13.0,61.11719605695511,1,good
9000000529-1,2020-09-23,14.0,52.55474452554744,1,good
9000000529-1,2020-09-23,15.0,65.03412284223204,1,good
9000000529-1,2020-09-23,16.0,62.251655629139016,1,good
9000000529-1,2020-09-23,17.0,58.14788226848528,1,good
9000000529-1,2020-09-23,18.0,45.15393386545038,1,good
9000000529-1,2020-09-24,7.0,69.8389458272328,1,good
9000000529-1,2020-09-24,8.0,89.79591836734699,1,good
9000000529-1,2020-09-24,12.0,36.93304535637152,1,good
9000000529-1,2020-09-24,13.0,47.44333157617288,1,good
9000000529-1,2020-09-24,14.0,90.04413928396275,1,good
9000000529-1,2020-09-24,15.0,66.1860129776496,1,good
9000000529-1,2020-09-24,16.0,51.520572450805,1,good
9000000529-1,2020-09-24,17.0,43.54838709677421,1,good
9000000529-1,2020-09-24,18.0,39.603960396039554,1,good
9000000529-1,2020-09-25,7.0,83.42807170966334,1,good
9000000529-1,2020-09-25,8.0,75.62477363274172,1,good
9000000529-1,2020-09-25,9.0,73.7650933040614,1,good
9000000529-1,2020-09-25,10.0,68.64406779661017,1,good
9000000529-1,2020-09-25,11.0,56.89084895259089,1,good
9000000529-1,2020-09-25,12.0,58.71692642261695,1,good
9000000529-1,2020-09-25,13.0,48.4164859002169,1,good
9000000529-1,2020-09-25,14.0,47.14686623012162,1,good
9000000529-1,2020-10-21,11.0,5.980066445182719,1,good
9000000529-1,2020-10-21,12.0,9.51877313590693,1,good
9000000529-1,2020-10-21,13.0,3.5328753680078595,1,good
9000000529-1,2020-10-21,16.0,4.8322147651006695,1,good
9000000529-1,2020-10-22,8.0,14.198071866783522,1,good
9000000529-1,2020-10-22,9.0,3.47490347490348,1,good
9000000529-1,2020-10-22,11.0,5.747738158594999,1,good
9000000529-1,2020-10-22,14.0,3.65111561866126,1,good
9000000529-1,2020-10-23,8.0,1.32499079867501,1,good
9000000529-1,2020-10-23,9.0,4.435318275154,1,good
9000000529-1,2020-10-23,10.0,1.54639175257732,1,good
9000000529-1,2020-10-23,11.0,3.57320099255584,1,good
9000000529-1,2020-10-23,17.0,1.44520272982738,1,good
9000000529-1,2020-10-24,15.0,2.5559105431309903,0,bad
9000000529-1,2020-10-25,9.0,1.2875536480686698,0,good
9000000529-1,2020-10-25,10.0,1.26984126984127,0,good
9000000529-1,2020-10-25,16.0,1.32596685082873,0,good
9000000529-1,2020-10-26,9.0,1.46759070525887,1,good
9000000529-1,2020-10-26,12.0,2.64998159735002,1,good
9000000529-1,2020-10-26,15.0,1.57136621562636,1,good
9000000529-1,2020-10-26,16.0,1.6136261766024198,1,good
9000000529-1,2020-10-27,11.0,1.2684989429175502,1,good
9000000529-1,2020-10-27,14.0,1.2972972972973,1,good
9000000529-1,2020-10-28,11.0,1.42574257425743,1,good
9000000529-1,2020-10-28,16.0,1.8471010774756296,1,good
9000000529-1,2020-10-29,9.0,1.29636298163486,1,good
9000000529-1,2020-10-30,10.0,1.44694533762058,1,good
9000000529-1,2020-10-30,11.0,2.7820710973724903,1,good
9000000529-1,2020-11-01,14.0,1.4766201804758,0,good
9000000529-1,2020-11-02,11.0,1.57756354075372,1,good
9000000529-1,2020-11-02,12.0,3.66225839267548,1,good
9000000529-1,2020-11-03,7.0,1.35287485907554,1,good
9000000529-1,2020-11-03,8.0,3.21428571428571,1,good
9000000529-1,2020-11-03,10.0,1.58940397350993,1,good
9000000529-1,2020-11-03,11.0,3.34417092429169,1,good
9000000529-1,2020-11-04,10.0,1.29449838187702,1,good
9000000529-1,2020-11-05,14.0,2.72006044578768,1,bad
9000000529-1,2020-11-05,16.0,1.78394449950446,1,bad
9000000529-1,2020-11-06,15.0,1.33828996282528,1,good
9000000529-1,2020-11-07,10.0,3.62173038229376,0,bad
9000000529-1,2020-11-08,12.0,1.4516129032258098,0,bad
9000000529-1,2020-11-09,10.0,1.31771595900439,1,bad
9000000529-1,2020-11-09,12.0,1.31675201170446,1,bad
9000000529-1,2020-11-09,13.0,2.65388868411353,1,bad
9000000529-1,2020-11-09,14.0,1.34932533733133,1,bad
9000000529-1,2020-11-09,15.0,1.4268727705113,1,bad
9000000529-1,2020-11-10,11.0,1.33679910880059,1,bad
9000000529-1,2020-11-10,12.0,2.8651014723438104,1,bad
9000000529-1,2020-11-11,8.0,1.69093471113199,1,bad
9000000529-1,2020-11-11,11.0,1.35185880585805,1,bad
9000000529-1,2020-11-12,9.0,1.5992892047978702,1,bad
9000000529-1,2020-11-12,11.0,2.61248185776488,1,bad
9000000529-1,2020-11-12,13.0,1.4268727705113,1,bad
9000000529-1,2020-11-12,14.0,1.53780435711235,1,bad
9000000529-1,2020-11-13,9.0,1.33679910880059,1,bad
9000000529-1,2020-11-13,14.0,1.6651248843663302,1,bad
9000000529-1,2020-11-15,9.0,2.80046674445741,0,bad
9000000529-1,2020-11-18,9.0,1.30718954248366,1,bad
9000000529-1,2020-11-19,8.0,1.29496402877698,1,bad
9000000529-1,2021-01-05,10.0,1.3001083423618602,1,bad
9000000529-1,2021-01-05,11.0,1.3206162876008798,1,bad
9000000529-1,2021-01-05,12.0,1.33382734346054,1,bad
9000000529-1,2021-01-05,15.0,1.6078606520768202,1,bad
9000000529-1,2021-01-07,15.0,1.33185349611543,1,bad
9000000529-1,2021-01-08,13.0,2.63929618768328,1,bad
9000000529-1,2021-01-09,10.0,1.30529369108049,0,bad
9000000529-1,2021-01-09,14.0,1.31916452913155,0,bad
9000000529-1,2021-01-09,15.0,1.35084427767355,0,bad
9000000529-1,2021-01-09,16.0,1.89973614775726,0,bad
9000000529-1,2021-01-11,13.0,5.3038674033149205,1,bad
9000000529-1,2021-01-12,9.0,1.2987012987013,1,bad
9000000529-1,2021-01-12,12.0,1.32013201320132,1,bad
9000000529-1,2021-01-12,16.0,1.87012987012987,1,bad
9000000529-1,2021-01-13,10.0,2.64026402640264,1,bad
9000000529-1,2021-01-13,14.0,1.78660049627792,1,bad
9000000529-1,2021-01-13,15.0,1.60142348754448,1,bad
9000000529-1,2021-01-14,9.0,1.31386861313869,1,bad
9000000529-1,2021-01-14,10.0,2.62582056892779,1,bad
9000000529-1,2021-01-14,12.0,2.68756998880179,1,bad
9000000529-1,2021-01-14,14.0,1.35185880585805,1,bad
9000000529-1,2021-01-14,15.0,1.35900339750849,1,bad
9000000529-1,2021-01-15,8.0,1.2811387900355902,1,bad
9000000529-1,2021-01-15,14.0,1.34730538922156,1,bad
9000000529-1,2021-01-17,12.0,1.31819846210179,0,bad
9000000529-1,2021-01-18,11.0,1.3124316441852,1,bad
9000000529-1,2021-01-18,12.0,2.65388868411353,1,bad
9000000529-1,2021-01-20,9.0,1.29124820659971,1,bad
9000000529-1,2021-01-20,10.0,1.34932533733133,1,bad
9000000529-1,2021-01-21,14.0,1.31434830230011,1,bad
9000000529-1,2021-01-22,8.0,1.80451127819549,1,bad
9000000529-1,2021-01-23,10.0,1.39480821387059,0,bad
9000000529-1,2021-01-23,12.0,2.61532873229205,0,bad
9000000529-1,2021-01-23,15.0,1.33333333333333,0,bad
9000000529-1,2021-01-24,10.0,1.30482058716926,0,bad
9000000529-1,2021-01-24,12.0,2.5974025974026,0,bad
9000000529-1,2021-01-25,13.0,3.95314787701318,1,bad
9000000529-1,2021-01-25,15.0,1.31052056789225,1,bad
9000000529-1,2021-01-25,16.0,1.4857614527445302,1,bad
9000000529-1,2021-01-26,8.0,3.38345864661654,1,bad
9000000529-1,2021-01-26,9.0,2.57695060844667,1,bad
9000000529-1,2021-01-26,11.0,1.31147540983607,1,bad
9000000529-1,2021-01-26,12.0,1.31530873218853,1,bad
9000000529-1,2021-01-26,16.0,1.30293159609121,1,bad
9000000529-1,2021-01-27,8.0,1.25830129325411,1,bad
9000000529-1,2021-01-27,9.0,1.29589632829374,1,bad
9000000529-1,2021-01-27,10.0,1.29356809198706,1,bad
9000000529-1,2021-01-27,16.0,1.32013201320132,1,bad
9000000529-1,2021-01-28,11.0,2.5992779783393503,1,bad
9000000529-1,2021-01-28,12.0,1.33580705009276,1,bad
9000000529-1,2021-01-28,13.0,1.3015184381778702,1,bad
9000000529-1,2021-01-28,15.0,2.6248632883704,1,bad
9000000529-1,2021-01-28,16.0,1.54705629565965,1,bad
9000000529-1,2021-01-29,8.0,1.49253731343284,1,bad
9000000529-1,2021-01-29,14.0,1.32207124495042,1,bad
9000000529-1,2021-01-30,8.0,1.32401618242001,0,bad
9000000529-1,2021-01-30,11.0,1.30861504907306,0,bad
9000000529-1,2021-01-30,13.0,1.31052056789225,0,bad
9000000529-1,2021-01-30,14.0,1.38674884437596,0,bad
9000000529-1,2021-01-30,16.0,1.32450331125828,0,bad
9000000529-1,2021-01-31,14.0,1.32013201320132,0,bad
9000000529-1,2021-02-01,9.0,1.3015184381778702,1,bad
9000000529-1,2021-02-02,10.0,1.29356809198706,1,bad
9000000529-1,2021-02-02,13.0,1.31627056672761,1,bad
9000000529-1,2021-02-03,10.0,1.30387540746106,1,good
9000000529-1,2021-02-03,15.0,1.3269443420567602,1,good
9000000529-1,2021-02-04,8.0,1.50501672240803,1,good
9000000529-1,2021-02-04,11.0,1.3279232755440802,1,good
9000000529-1,2021-02-04,12.0,1.3119533527696798,1,good
9000000529-1,2021-02-04,14.0,2.76497695852535,1,good
9000000529-1,2021-02-05,11.0,1.33136094674556,1,good
9000000529-1,2021-02-05,13.0,2.62582056892779,1,good
9000000529-1,2021-02-05,14.0,2.69461077844312,1,good
9000000529-1,2021-02-05,15.0,1.29496402877698,1,good
9000000529-1,2021-02-06,9.0,1.29496402877698,0,good
9000000529-1,2021-02-06,16.0,2.8731045490822,0,good
9000000529-1,2021-02-07,11.0,1.2987012987013,0,bad
9000000529-1,2021-02-07,14.0,2.6865671641791,0,bad
9000000529-1,2021-02-08,11.0,1.38248847926267,1,bad
9000000529-1,2021-02-08,15.0,2.64998159735002,1,bad
9000000529-1,2021-02-09,10.0,1.29636298163486,1,bad
9000000529-1,2021-02-09,14.0,1.30576713819369,1,bad
9000000529-1,2021-02-09,15.0,1.32596685082873,1,bad
9000000529-1,2021-02-09,16.0,1.31627056672761,1,bad
9000000529-1,2021-02-10,9.0,1.31771595900439,1,bad
9000000529-1,2021-02-10,13.0,1.33037694013304,1,bad
9000000529-1,2021-02-11,11.0,1.31434830230011,1,bad
9000000529-1,2021-02-11,12.0,1.28663330950679,1,bad
9000000529-1,2021-02-11,13.0,1.30340333091962,1,bad
9000000529-1,2021-02-11,15.0,1.3269443420567602,1,bad
9000000529-1,2021-02-12,9.0,1.28525526597644,1,bad
9000000529-1,2021-02-12,10.0,1.26715945089757,1,bad
9000000529-1,2021-02-12,13.0,1.38248847926267,1,bad
9000000529-1,2021-02-13,10.0,1.3683010262257702,0,bad
9000000529-1,2021-02-13,11.0,2.7660391855551296,0,bad
9000000529-1,2021-02-13,15.0,1.32255694342395,0,bad
9000000529-1,2021-02-13,16.0,1.35746606334842,0,bad
9000000529-1,2021-02-14,12.0,1.3422818791946298,0,bad
9000000529-1,2021-02-14,16.0,1.32207124495042,0,bad
9000000529-1,2021-02-15,8.0,1.26984126984127,1,bad
9000000529-1,2021-02-15,12.0,2.58620689655172,1,bad
9000000529-1,2021-02-16,8.0,2.65878877400295,1,bad
9000000529-1,2021-02-16,11.0,1.32890365448505,1,bad
9000000529-1,2021-02-16,14.0,1.31434830230011,1,bad
9000000529-1,2021-02-16,15.0,1.32499079867501,1,bad
9000000529-1,2021-02-17,11.0,2.64998159735002,1,bad
9000000529-1,2021-02-17,13.0,1.32988548208349,1,bad
9000000529-1,2021-02-17,14.0,2.59459459459459,1,bad
9000000529-1,2021-02-17,16.0,3.9647577092511,1,bad
9000000529-1,2021-02-18,8.0,1.29449838187702,1,good
9000000529-1,2021-02-18,9.0,1.29356809198706,1,good
9000000529-1,2021-02-18,10.0,1.3119533527696798,1,good
9000000529-1,2021-02-18,11.0,2.62199563000728,1,good
9000000529-1,2021-02-18,12.0,2.67558528428094,1,good
9000000529-1,2021-02-18,13.0,5.4380664652567985,1,good
9000000529-1,2021-02-18,15.0,1.31434830230011,1,good
9000000529-1,2021-02-18,16.0,1.32255694342395,1,good
9000000529-1,2021-02-19,8.0,1.56317846287451,1,bad
9000000529-1,2021-02-19,10.0,1.2987012987013,1,bad
9000000529-1,2021-02-19,11.0,2.62773722627737,1,bad
9000000529-1,2021-02-19,12.0,1.33580705009276,1,bad
9000000529-1,2021-02-19,13.0,4.00296515937732,1,bad
9000000529-1,2021-02-19,14.0,1.33828996282528,1,bad
9000000529-1,2021-02-19,15.0,1.31434830230011,1,bad
9000000529-1,2021-02-19,16.0,2.6431718061674,1,bad
9000000529-1,2021-02-20,8.0,1.32110091743119,0,good
9000000529-1,2021-02-20,11.0,2.62582056892779,0,good
9000000529-1,2021-02-20,12.0,1.31675201170446,0,good
9000000529-1,2021-02-20,15.0,1.34730538922156,0,good
9000000529-1,2021-02-21,12.0,1.33136094674556,0,good
9000000529-1,2021-02-21,15.0,1.40625,0,good
9000000529-1,2021-02-21,16.0,1.32645541635962,0,good
9000000529-1,2021-02-21,17.0,1.61145926589078,0,good
9000000529-1,2021-02-22,9.0,1.30293159609121,1,good
9000000529-1,2021-02-22,10.0,4.4009779951100185,1,good
9000000529-1,2021-02-22,11.0,1.53649167733675,1,good
9000000529-1,2021-02-22,13.0,1.3422818791946298,1,good
9000000529-1,2021-02-22,14.0,2.64123257520176,1,good
9000000529-1,2021-02-22,16.0,1.32207124495042,1,good
9000000529-1,2021-02-22,17.0,3.34417092429169,1,good
9000000529-1,2021-02-23,8.0,7.89185239313117,1,good
9000000529-1,2021-02-23,9.0,1.28709331426528,1,good
9000000529-1,2021-02-23,10.0,1.3584905660377402,1,good
9000000529-1,2021-02-23,13.0,1.29543001079525,1,good
9000000529-1,2021-02-23,16.0,1.30766436614602,1,good
9000000529-2,2020-07-26,8.0,29.424307036247306,0,good
9000000529-2,2020-07-26,9.0,29.0934645115952,0,good
9000000529-2,2020-07-26,10.0,34.9344978165939,0,good
9000000529-2,2020-07-26,12.0,48.2573726541555,0,good
9000000529-2,2020-07-26,14.0,30.605738575983,0,good
9000000529-2,2020-07-26,17.0,46.0176991150442,0,good
9000000529-2,2020-07-26,18.0,21.145374449339197,0,good
9000000529-2,2020-07-26,19.0,38.82099209202021,0,good
9000000529-2,2020-07-26,20.0,46.46360351058341,0,good
9000000529-2,2020-07-27,6.0,51.318602993585195,1,good
9000000529-2,2020-07-27,7.0,58.10711665443871,1,good
9000000529-2,2020-07-27,8.0,77.3333333333334,1,good
9000000529-2,2020-07-27,9.0,56.0966108297623,1,good
9000000529-2,2020-07-27,10.0,92.37536656891501,1,good
9000000529-2,2020-07-27,11.0,104.8808172531214,1,good
9000000529-2,2020-07-27,12.0,77.8592375366569,1,good
9000000529-2,2020-07-27,13.0,93.94708227618699,1,good
9000000529-2,2020-07-27,14.0,99.7658079625292,1,good
9000000529-2,2020-07-28,11.0,92.4846625766871,1,good
9000000529-2,2020-07-28,12.0,79.6753965326448,1,good
9000000529-2,2020-07-28,13.0,78.5969935576235,1,good
9000000529-2,2020-07-28,19.0,64.3640796424218,1,good
9000000529-2,2020-07-29,6.0,49.4432071269488,1,good
9000000529-2,2020-07-29,7.0,64.4930132568971,1,good
9000000529-2,2020-07-29,8.0,63.1117604090577,1,good
9000000529-2,2020-07-29,9.0,64.2323651452283,1,good
9000000529-2,2020-07-29,10.0,87.709090909091,1,good
9000000529-2,2020-07-29,11.0,29.76276060388212,1,good
9000000529-2,2020-07-29,13.0,10.252758988964048,1,good
9000000529-2,2020-07-29,14.0,2.53789213958407,1,good
9000000529-2,2020-07-29,15.0,1.26984126984127,1,good
9000000529-2,2020-07-30,9.0,6.96055684454757,1,good
9000000529-2,2020-07-30,10.0,13.03875407461065,1,good
9000000529-2,2020-07-30,11.0,8.89830508474577,1,good
9000000529-2,2020-07-30,12.0,12.596221133659892,1,good
9000000529-2,2020-07-30,13.0,6.27615062761506,1,good
9000000529-2,2020-07-30,14.0,2.54957507082153,1,good
9000000529-2,2020-07-31,7.0,1.49439601494396,1,good
9000000529-2,2020-07-31,8.0,1.93652501344809,1,good
9000000529-2,2020-07-31,9.0,2.59272596326972,1,good
9000000529-2,2020-08-01,8.0,1.25173852573018,0,good
9000000529-2,2020-08-01,10.0,1.25,0,good
9000000529-2,2020-08-01,11.0,13.97811507236144,0,good
9000000529-2,2020-08-01,12.0,3.78018900945047,0,good
9000000529-2,2020-08-02,8.0,1.40077821011673,0,good
9000000529-2,2020-08-02,9.0,1.2926391382405702,0,good
9000000529-2,2020-08-02,10.0,5.09193776520509,0,good
9000000529-2,2020-08-02,13.0,14.0900195694716,0,good
9000000529-2,2020-08-03,8.0,8.86387618712627,1,good
9000000529-2,2020-08-03,13.0,6.2581486310299885,1,good
9000000529-2,2020-08-03,14.0,1.28159487362051,1,good
9000000529-2,2020-08-03,19.0,1.92410475681454,1,good
9000000529-2,2020-08-04,7.0,2.56136606189968,1,good
9000000529-2,2020-08-04,8.0,10.8480413258717,1,good
9000000529-2,2020-08-04,10.0,1.26315789473684,1,good
9000000529-2,2020-08-06,7.0,1.26404494382022,1,bad
9000000529-2,2020-08-06,9.0,9.48081264108352,1,bad
9000000529-2,2020-08-06,10.0,16.40714014432211,1,bad
9000000529-2,2020-08-06,11.0,2.5908600215905,1,bad
9000000529-2,2020-08-06,12.0,3.98965644625046,1,bad
9000000529-2,2020-08-06,13.0,11.44067796610167,1,bad
9000000529-2,2020-08-06,14.0,1.26360126360126,1,bad
9000000529-2,2020-08-07,8.0,5.753862546616942,1,good
9000000529-2,2020-08-07,11.0,1.25217391304348,1,good
9000000529-2,2020-08-07,13.0,1.24826629680999,1,good
9000000529-2,2020-08-08,7.0,2.5423728813559396,0,good
9000000529-2,2020-08-09,7.0,1.29496402877698,0,good
9000000529-2,2020-08-10,8.0,35.7868020304569,1,good
9000000529-2,2020-08-10,9.0,32.4324324324324,1,good
9000000529-2,2020-08-10,10.0,31.4890154597233,1,good
9000000529-2,2020-08-10,11.0,41.412138040460206,1,good
9000000529-2,2020-08-10,12.0,40.805159273011604,1,good
9000000529-2,2020-08-10,13.0,30.9723889555823,1,good
9000000529-2,2020-08-10,14.0,48.172558418214294,1,good
9000000529-2,2020-08-10,15.0,53.679318357862215,1,good
9000000529-2,2020-08-10,16.0,70.99318752240958,1,good
9000000529-2,2020-08-10,17.0,49.0909090909091,1,good
9000000529-2,2020-08-10,18.0,53.5292010032245,1,good
9000000529-2,2020-08-10,19.0,66.3523360480071,1,good
9000000529-2,2020-08-11,8.0,43.80069524913079,1,good
9000000529-2,2020-08-11,9.0,47.834000728066904,1,good
9000000529-2,2020-08-11,10.0,44.0346255175009,1,good
9000000529-2,2020-08-11,11.0,29.7755021662072,1,good
9000000529-2,2020-08-11,12.0,24.9851279000595,1,good
9000000529-2,2020-08-11,13.0,44.936581437487405,1,good
9000000529-2,2020-08-11,14.0,60.33092914722079,1,good
9000000529-2,2020-08-11,15.0,77.6930232558138,1,good
9000000529-2,2020-08-11,16.0,73.0754500191501,1,good
9000000529-2,2020-08-11,17.0,50.9221128021486,1,good
9000000529-2,2020-08-11,18.0,46.8767692017362,1,good
9000000529-2,2020-08-11,19.0,52.686061038729,1,good
9000000529-2,2020-08-12,7.0,26.6140956136028,1,good
9000000529-2,2020-08-12,8.0,102.07317073170778,1,good
9000000529-2,2020-08-12,9.0,53.5537190082646,1,good
9000000529-2,2020-08-12,10.0,37.20574162679421,1,good
9000000529-2,2020-08-12,11.0,42.5746413338504,1,good
9000000529-2,2020-08-12,12.0,37.16913835179272,1,good
9000000529-2,2020-08-12,13.0,15.669205658324312,1,good
9000000529-2,2020-08-12,14.0,1.26315789473684,1,good
9000000529-2,2020-08-12,18.0,50.3496503496503,1,good
9000000529-2,2020-08-12,19.0,47.4697077690662,1,good
9000000529-2,2020-08-13,7.0,16.9872958257713,1,good
9000000529-2,2020-08-13,8.0,64.99575191163999,1,good
9000000529-2,2020-08-13,9.0,36.94094869312688,1,good
9000000529-2,2020-08-13,10.0,30.24604920984196,1,good
9000000529-2,2020-08-13,11.0,47.524752475247496,1,good
9000000529-2,2020-08-13,12.0,26.158680282796503,1,good
9000000529-2,2020-08-13,13.0,51.3195916008477,1,good
9000000529-2,2020-08-13,14.0,52.0431765612954,1,good
9000000529-2,2020-08-13,15.0,58.7526714591024,1,good
9000000529-2,2020-08-13,16.0,36.273764258555104,1,good
9000000529-2,2020-08-13,17.0,46.6730219256435,1,good
9000000529-2,2020-08-13,18.0,39.0944229707345,1,good
9000000529-2,2020-08-13,19.0,53.51065910424421,1,good
9000000529-2,2020-08-14,8.0,128.020565552699,1,good
9000000529-2,2020-08-14,9.0,82.9926054806438,1,good
9000000529-2,2020-08-14,10.0,73.0964467005076,1,good
9000000529-2,2020-08-14,11.0,97.8540772532188,1,good
9000000529-2,2020-08-14,12.0,91.43349117520461,1,good
9000000529-2,2020-08-14,13.0,99.6822514752611,1,good
9000000529-2,2020-08-14,14.0,78.8207240407543,1,good
9000000529-2,2020-08-14,15.0,61.44355336212229,1,good
9000000529-2,2020-08-14,16.0,42.8480340063762,1,good
9000000529-2,2020-08-14,17.0,76.88272761333809,1,good
9000000529-2,2020-08-14,18.0,41.654167559460134,1,good
9000000529-2,2020-08-15,8.0,14.8300720906282,0,good
9000000529-2,2020-08-15,9.0,46.5163415252091,0,good
9000000529-2,2020-08-15,10.0,40.0519191544595,0,good
9000000529-2,2020-08-15,11.0,33.122484186314004,0,good
9000000529-2,2020-08-15,12.0,29.4017094017094,0,good
9000000529-2,2020-08-15,13.0,30.798479087452503,0,good
9000000529-2,2020-08-15,14.0,29.119638826185106,0,good
9000000529-2,2020-08-15,15.0,21.9755826859045,0,good
9000000529-2,2020-08-15,16.0,32.7389443651925,0,good
9000000529-2,2020-08-15,17.0,52.9152376286134,0,good
9000000529-2,2020-08-15,18.0,83.81839348079129,0,good
9000000529-2,2020-08-15,19.0,59.1639871382637,0,good
9000000529-2,2020-08-16,9.0,16.915422885572198,0,good
9000000529-2,2020-08-16,10.0,24.082568807339506,0,good
9000000529-2,2020-08-16,11.0,31.2033864140294,0,good
9000000529-2,2020-08-16,12.0,25.069637883008397,0,good
9000000529-2,2020-08-16,13.0,52.3424878836833,0,good
9000000529-2,2020-08-16,14.0,22.347235693501396,0,good
9000000529-2,2020-08-16,15.0,27.9122541603631,0,good
9000000529-2,2020-08-16,16.0,19.7428139183056,0,good
9000000529-2,2020-08-16,17.0,30.313014827018105,0,good
9000000529-2,2020-08-16,18.0,45.8034065257541,0,good
9000000529-2,2020-08-16,19.0,42.3218221895665,0,good
9000000529-2,2020-08-17,6.0,3.7759597230962876,1,good
9000000529-2,2020-08-17,7.0,0.630914826498422,1,good
9000000529-2,2020-08-17,8.0,1.5897549127842798,1,good
9000000529-2,2020-08-17,9.0,4.67272390135361,1,good
9000000529-2,2020-08-17,10.0,1.42292490118577,1,good
9000000529-2,2020-08-17,11.0,2.77724204435873,1,good
9000000529-2,2020-08-17,12.0,2.090592334494777,1,good
9000000529-2,2020-08-17,15.0,1.36492890995261,1,good
9000000529-2,2020-08-17,16.0,0.770712909441232,1,good
9000000529-2,2020-08-17,17.0,0.70546737213404,1,good
9000000529-2,2020-08-17,18.0,0.6813020439061309,1,good
9000000529-2,2020-08-18,8.0,1.2658227848101298,1,good
9000000529-2,2020-08-18,9.0,3.72670807453416,1,good
9000000529-2,2020-08-19,10.0,1.4035087719298205,1,bad
9000000529-2,2020-08-20,7.0,3.87235568304052,1,good
9000000529-2,2020-08-21,7.0,2.61723009814613,1,good
9000000529-2,2020-08-22,12.0,2.57787325456498,0,good
9000000529-2,2020-08-24,9.0,1.69891458235017,1,bad
9000000529-2,2020-08-25,11.0,23.336214347450294,1,good
9000000529-2,2020-08-25,12.0,1.2613875262789098,1,good
9000000529-2,2020-08-25,13.0,3.81895332390382,1,good
9000000529-2,2020-08-26,7.0,12.822796081923402,1,good
9000000529-2,2020-08-26,8.0,6.64942741041744,1,good
9000000529-2,2020-08-27,7.0,1.30718954248366,1,good
9000000529-2,2020-08-27,11.0,1.2613875262789098,1,good
9000000529-2,2020-08-28,8.0,3.748698368622,1,good
9000000529-2,2020-08-28,9.0,3.80415639309616,1,good
9000000529-2,2020-08-28,15.0,1.27253446447508,1,good
9000000529-2,2020-08-28,17.0,1.63785259326661,1,good
9000000529-2,2020-08-28,19.0,1.35900339750849,1,good
9000000529-2,2020-08-29,7.0,1.38621486330381,0,good
9000000529-2,2020-08-29,11.0,9.60731986275257,0,good
9000000529-2,2020-08-29,12.0,2.84472540497827,0,good
9000000529-2,2020-08-29,19.0,2.83130161226897,0,good
9000000529-2,2020-08-30,7.0,5.616224648985961,0,good
9000000529-2,2020-08-30,8.0,2.7906976744186003,0,good
9000000529-2,2020-08-30,9.0,1.29776496034607,0,good
9000000529-2,2020-08-30,10.0,1.46579804560261,0,good
9000000529-2,2020-08-30,12.0,1.51578947368421,0,good
9000000529-2,2020-08-30,13.0,3.3818694222639705,0,good
9000000529-2,2020-08-30,14.0,1.30861504907306,0,good
9000000529-2,2020-08-31,16.0,1.26493323963457,1,good
9000000529-2,2020-09-01,8.0,19.18294849023086,1,good
9000000529-2,2020-09-02,7.0,1.253045596937,1,good
9000000529-2,2020-09-02,8.0,6.25271385149805,1,good
9000000529-2,2020-09-02,9.0,15.34817621980105,1,good
9000000529-2,2020-09-02,10.0,5.50669216061185,1,good
9000000529-2,2020-09-02,11.0,12.5144843568946,1,good
9000000529-2,2020-09-02,12.0,12.263436790310399,1,good
9000000529-2,2020-09-02,13.0,1.3756209400076398,1,good
9000000529-2,2020-09-03,8.0,5.02092050209204,1,good
9000000529-2,2020-09-03,12.0,10.8902333621435,1,good
9000000529-2,2020-09-03,13.0,18.6046511627907,1,good
9000000529-2,2020-09-03,14.0,1.27208480565371,1,good
9000000529-2,2020-09-04,7.0,5.2573932092004405,1,good
9000000529-2,2020-09-04,8.0,2.51748251748252,1,good
9000000529-2,2020-09-05,7.0,1.29032258064516,0,good
9000000529-2,2020-09-05,11.0,5.4353296426774,0,good
9000000529-2,2020-09-06,7.0,6.4216910453086,0,good
9000000529-2,2020-09-06,8.0,50.56947608200461,0,good
9000000529-2,2020-09-06,15.0,1.3698630136986298,0,good
9000000529-2,2020-09-06,17.0,2.6210411357844903,0,good
9000000529-2,2020-09-07,8.0,5.16684607104413,1,good
9000000529-2,2020-09-07,9.0,1.28159487362051,1,good
9000000529-2,2020-09-07,11.0,1.2898602651379398,1,good
9000000529-2,2020-09-07,12.0,1.29449838187702,1,good
9000000529-2,2020-09-07,16.0,4.2942345924453305,1,good
9000000529-2,2020-09-07,18.0,3.94736842105263,1,good
9000000529-2,2020-09-08,7.0,1.30624092888244,1,good
9000000529-2,2020-09-08,8.0,1.27931769722815,1,good
9000000529-2,2020-09-08,10.0,13.78650071804692,1,good
9000000529-2,2020-09-08,13.0,1.32890365448505,1,good
9000000529-2,2020-09-09,7.0,1.29032258064516,1,good
9000000529-2,2020-09-09,9.0,7.7978339350180494,1,good
9000000529-2,2020-09-09,10.0,1.84804928131417,1,good
9000000529-2,2020-09-10,8.0,2.60209613299602,1,good
9000000529-2,2020-09-10,9.0,4.23861852433281,1,good
9000000529-2,2020-09-10,11.0,4.27722772277228,1,good
9000000529-2,2020-09-10,14.0,2.63350402340892,1,good
9000000529-2,2020-09-10,18.0,4.19417475728155,1,good
9000000529-2,2020-09-11,8.0,5.0255932992089285,1,good
9000000529-2,2020-09-11,9.0,2.64123257520176,1,good
9000000529-2,2020-09-11,10.0,4.72027972027972,1,good
9000000529-2,2020-09-11,11.0,1.5437392795883402,1,good
9000000529-2,2020-09-11,13.0,1.30057803468208,1,good
9000000529-2,2020-09-11,15.0,5.15944106055177,1,good
9000000529-2,2020-09-12,9.0,5.042016806722692,0,good
9000000529-2,2020-09-12,10.0,1.55507559395248,0,good
9000000529-2,2020-09-12,14.0,5.11727078891258,0,good
9000000529-2,2020-09-13,7.0,1.25348189415042,0,good
9000000529-2,2020-09-13,9.0,1.26448893572181,0,good
9000000529-2,2020-09-13,10.0,3.79080379080379,0,good
9000000529-2,2020-09-14,8.0,3.6715961244263102,1,good
9000000529-2,2020-09-14,9.0,7.12025316455696,1,good
9000000529-2,2020-09-14,13.0,10.223642172524,1,good
9000000529-2,2020-09-14,14.0,2.60397830018083,1,good
9000000529-2,2020-09-14,15.0,2.62199563000728,1,good
9000000529-2,2020-09-15,7.0,1.30198915009042,1,good
9000000529-2,2020-09-15,8.0,5.7661505605979695,1,good
9000000529-2,2020-09-15,9.0,10.5147864184009,1,good
9000000529-2,2020-09-15,10.0,3.4782608695652204,1,good
9000000529-2,2020-09-15,13.0,2.55863539445629,1,good
9000000529-2,2020-09-15,18.0,1.2987012987013,1,good
9000000529-2,2020-09-16,7.0,5.15205724508051,1,good
9000000529-2,2020-09-16,9.0,5.12820512820513,1,good
9000000529-2,2020-09-16,10.0,2.8037383177570097,1,good
9000000529-2,2020-09-16,12.0,4.2303172737955395,1,good
9000000529-2,2020-09-16,14.0,1.38142747505756,1,good
9000000529-2,2020-09-16,18.0,2.58249641319943,1,good
9000000529-2,2020-09-17,7.0,1.29032258064516,1,good
9000000529-2,2020-09-17,8.0,2.85148514851486,1,good
9000000529-2,2020-09-17,9.0,5.80021482277121,1,good
9000000529-2,2020-09-17,10.0,17.245508982035982,1,good
9000000529-2,2020-09-17,11.0,18.53281853281858,1,good
9000000529-2,2020-09-17,12.0,3.82571732199788,1,good
9000000529-2,2020-09-17,16.0,1.29078522768017,1,good
9000000529-2,2020-09-18,7.0,2.66075388026608,1,good
9000000529-2,2020-09-18,12.0,4.35132957292506,1,good
9000000529-2,2020-09-18,13.0,65.837600585223,1,good
9000000529-2,2020-09-18,15.0,1.3001083423618602,1,good
9000000529-2,2020-09-18,16.0,5.26123492875411,1,good
9000000529-2,2020-09-18,17.0,3.52078239608802,1,good
9000000529-2,2020-09-19,8.0,1.4218009478673,0,good
9000000529-2,2020-09-19,9.0,4.18442464161178,0,good
9000000529-2,2020-09-19,10.0,3.06252658443216,0,good
9000000529-2,2020-09-20,9.0,1.88778185631883,0,good
9000000529-2,2020-09-20,10.0,2.65388868411353,0,good
9000000529-2,2020-09-20,13.0,1.25962211336599,0,good
9000000529-2,2020-09-22,8.0,2.61627906976744,1,good
9000000529-2,2020-09-22,9.0,1.26537785588752,1,good
9000000529-2,2020-09-22,10.0,2.60209613299602,1,good
9000000529-2,2020-09-22,13.0,2.8582770940849502,1,good
9000000529-2,2020-09-22,15.0,5.2805280528052805,1,good
9000000529-2,2020-09-22,16.0,6.588579795021969,1,good
9000000529-2,2020-09-22,17.0,1.30104806649801,1,good
9000000529-2,2020-09-22,18.0,1.41287284144427,1,good
9000000529-2,2020-09-23,7.0,3.8890889449045805,1,good
9000000529-2,2020-09-23,8.0,2.58342303552207,1,good
9000000529-2,2020-09-23,9.0,2.57418662853057,1,good
9000000529-2,2020-09-23,10.0,1.29776496034607,1,good
9000000529-2,2020-09-23,11.0,2.81140179617337,1,good
9000000529-2,2020-09-23,14.0,5.8394160583941614,1,good
9000000529-2,2020-09-23,15.0,2.89040545965476,1,good
9000000529-2,2020-09-23,16.0,5.29801324503311,1,good
9000000529-2,2020-09-23,17.0,2.58435032304379,1,good
9000000529-2,2020-09-23,18.0,24.629418472063843,1,good
9000000529-2,2020-09-24,8.0,1.36054421768707,1,good
9000000529-2,2020-09-24,14.0,3.53114271701814,1,good
9000000529-2,2020-09-25,8.0,1.30387540746106,1,good
9000000529-2,2020-09-25,9.0,1.3172338090011,1,good
9000000529-2,2020-09-25,10.0,1.2711864406779698,1,good
9000000529-2,2020-09-25,11.0,9.26130099228225,1,good
9000000529-2,2020-09-25,12.0,2.6096411743385297,1,good
9000000529-2,2020-09-25,13.0,3.1236442516269,1,good
9000000529-2,2020-09-25,14.0,5.05144995322732,1,good
9000000529-2,2020-10-20,13.0,134.62184873949604,1,good
9000000529-2,2020-10-21,8.0,110.40723981900422,1,good
9000000529-2,2020-10-21,9.0,124.6038365304415,1,good
9000000529-2,2020-10-21,10.0,104.826485839649,1,good
9000000529-2,2020-10-21,11.0,106.1461794019934,1,good
9000000529-2,2020-10-21,12.0,129.4553146483345,1,good
9000000529-2,2020-10-21,13.0,116.5848871442597,1,good
9000000529-2,2020-10-21,14.0,131.45082765335957,1,good
9000000529-2,2020-10-21,15.0,146.7704993128725,1,good
9000000529-2,2020-10-21,16.0,148.18791946308724,1,good
9000000529-2,2020-10-21,17.0,150.32622879512854,1,good
9000000529-2,2020-10-22,8.0,146.7134092900969,1,good
9000000529-2,2020-10-22,9.0,95.55984555984551,1,good
9000000529-2,2020-10-22,11.0,68.97285790314,1,good
9000000529-2,2020-10-22,13.0,140.4117009750814,1,good
9000000529-2,2020-10-22,15.0,161.68652612282278,1,good
9000000529-2,2020-10-22,16.0,101.29522108084,1,good
9000000529-2,2020-10-22,17.0,126.28701594533001,1,good
9000000529-2,2020-10-23,8.0,145.748987854251,1,good
9000000529-2,2020-10-23,9.0,136.01642710472268,1,good
9000000529-2,2020-10-23,10.0,125.2577319587626,1,good
9000000529-2,2020-10-23,11.0,100.04962779156324,1,good
9000000529-2,2020-10-23,12.0,117.23202170963373,1,good
9000000529-2,2020-10-23,13.0,152.992194275802,1,good
9000000529-2,2020-10-23,16.0,142.776203966006,1,good
9000000529-2,2020-10-23,17.0,167.643516659975,1,good
9000000529-2,2020-10-24,9.0,53.015427769986,0,bad
9000000529-2,2020-10-24,10.0,82.90300069783684,0,bad
9000000529-2,2020-10-24,11.0,84.67658249740579,0,bad
9000000529-2,2020-10-24,12.0,93.34267694463921,0,bad
9000000529-2,2020-10-24,13.0,75.2613240418119,0,bad
9000000529-2,2020-10-24,14.0,86.0456942003515,0,bad
9000000529-2,2020-10-24,15.0,85.6230031948881,0,bad
9000000529-2,2020-10-24,16.0,84.43496801705766,0,bad
9000000529-2,2020-10-25,9.0,45.0643776824034,0,good
9000000529-2,2020-10-25,10.0,86.34920634920634,0,good
9000000529-2,2020-10-25,11.0,79.62896896182662,0,good
9000000529-2,2020-10-25,12.0,52.6761648055449,0,good
9000000529-2,2020-10-25,13.0,65.99326599326601,0,good
9000000529-2,2020-10-25,14.0,24.4620611551529,0,good
9000000529-2,2020-10-25,15.0,40.785498489426,0,good
9000000529-2,2020-10-25,16.0,75.5801104972376,0,good
9000000529-2,2020-10-26,9.0,60.1712189156135,1,good
9000000529-2,2020-10-26,10.0,103.09597523219801,1,good
9000000529-2,2020-10-26,11.0,83.0048345109706,1,good
9000000529-2,2020-10-26,12.0,119.24917188075099,1,good
9000000529-2,2020-10-26,13.0,132.87671232876698,1,good
9000000529-2,2020-10-26,14.0,128.925619834711,1,good
9000000529-2,2020-10-26,15.0,135.137494543867,1,good
9000000529-2,2020-10-26,16.0,154.908112953833,1,good
9000000529-2,2020-10-27,10.0,89.6213183730715,1,good
9000000529-2,2020-10-27,11.0,102.748414376321,1,good
9000000529-2,2020-10-27,12.0,105.016008537887,1,good
9000000529-2,2020-10-27,13.0,113.19118178532699,1,good
9000000529-2,2020-10-27,14.0,159.567567567567,1,good
9000000529-2,2020-10-27,15.0,136.51877133105802,1,good
9000000529-2,2020-10-27,16.0,153.782810087493,1,good
9000000529-2,2020-10-28,9.0,105.882352941176,1,good
9000000529-2,2020-10-28,10.0,67.6812891674127,1,good
9000000529-2,2020-10-28,11.0,94.0990099009902,1,good
9000000529-2,2020-10-28,12.0,15.1782292065926,1,good
9000000529-2,2020-10-28,14.0,24.8780487804878,1,good
9000000529-2,2020-10-28,15.0,110.953769262807,1,good
9000000529-2,2020-10-28,16.0,145.920985120575,1,good
9000000529-2,2020-10-29,8.0,72.7917701312522,1,good
9000000529-2,2020-10-29,9.0,90.74540871444,1,good
9000000529-2,2020-10-29,10.0,108.805970149254,1,good
9000000529-2,2020-10-29,11.0,116.255442670537,1,good
9000000529-2,2020-10-29,12.0,87.34177215189871,1,good
9000000529-2,2020-10-29,15.0,39.3813655224444,1,good
9000000529-2,2020-10-29,16.0,97.1981660723383,1,good
9000000529-2,2020-10-30,10.0,53.5369774919614,1,good
9000000529-2,2020-10-30,11.0,50.077279752704804,1,good
9000000529-2,2020-10-30,12.0,6.89655172413793,1,good
9000000529-2,2020-10-30,15.0,24.427480916030504,1,good
9000000529-2,2020-10-30,16.0,22.7968337730871,1,good
9000000529-2,2020-10-31,11.0,11.6612679315132,0,good
9000000529-2,2020-10-31,13.0,7.10059171597633,0,good
9000000529-2,2020-10-31,14.0,1.41453831041257,0,good
9000000529-2,2020-11-01,10.0,1.29589632829374,0,good
9000000529-2,2020-11-01,11.0,2.6865671641791,0,good
9000000529-2,2020-11-01,12.0,4.37601296596434,0,good
9000000529-2,2020-11-01,15.0,3.0264817150062995,0,good
9000000529-2,2020-11-01,16.0,1.73829068083052,0,good
9000000529-2,2020-11-02,9.0,8.414491624464361,1,good
9000000529-2,2020-11-02,10.0,11.145510835913301,1,good
9000000529-2,2020-11-02,11.0,7.88781770376862,1,good
9000000529-2,2020-11-02,12.0,5.49338758901323,1,good
9000000529-2,2020-11-02,13.0,20.9302325581395,1,good
9000000529-2,2020-11-02,15.0,92.25840896956751,1,good
9000000529-2,2020-11-03,7.0,105.5242390078919,1,good
9000000529-2,2020-11-03,8.0,75.5357142857142,1,good
9000000529-2,2020-11-03,9.0,54.27135678391957,1,good
9000000529-2,2020-11-03,10.0,77.88079470198667,1,good
9000000529-2,2020-11-03,11.0,93.63678588016731,1,good
9000000529-2,2020-11-03,12.0,75.06950880444847,1,good
9000000529-2,2020-11-03,15.0,87.76595744680854,1,good
9000000529-2,2020-11-04,8.0,94.807121661721,1,good
9000000529-2,2020-11-04,9.0,104.85436893203908,1,good
9000000529-2,2020-11-04,10.0,91.90938511326846,1,good
9000000529-2,2020-11-04,11.0,119.73969631236412,1,good
9000000529-2,2020-11-04,12.0,93.59209080922737,1,good
9000000529-2,2020-11-04,13.0,101.3894104393542,1,good
9000000529-2,2020-11-04,14.0,115.82491582491535,1,good
9000000529-2,2020-11-05,8.0,12.6227208976157,1,bad
9000000529-2,2020-11-05,9.0,11.4487632508834,1,bad
9000000529-2,2020-11-05,10.0,24.206200971236473,1,bad
9000000529-2,2020-11-05,11.0,15.271885846509816,1,bad
9000000529-2,2020-11-05,12.0,17.9792547061083,1,bad
9000000529-2,2020-11-05,14.0,2.72006044578768,1,bad
9000000529-2,2020-11-05,15.0,5.436013590033982,1,bad
9000000529-2,2020-11-05,16.0,16.055500495540098,1,bad
9000000529-2,2020-11-06,8.0,13.9775668679896,1,good
9000000529-2,2020-11-06,9.0,11.1196911196911,1,good
9000000529-2,2020-11-06,10.0,11.302982731554199,1,good
9000000529-2,2020-11-06,11.0,12.8063241106719,1,good
9000000529-2,2020-11-06,12.0,12.212589521296678,1,good
9000000529-2,2020-11-06,13.0,22.03519510329,1,good
9000000529-2,2020-11-06,14.0,10.885529157667401,1,good
9000000529-2,2020-11-06,15.0,5.35315985130112,1,good
9000000529-2,2020-11-07,8.0,4.29936305732484,0,bad
9000000529-2,2020-11-07,9.0,4.21710269426005,0,bad
9000000529-2,2020-11-07,10.0,5.43259557344064,0,bad
9000000529-2,2020-11-08,9.0,1.27163546450018,0,bad
9000000529-2,2020-11-08,10.0,2.5423728813559303,0,bad
9000000529-2,2020-11-08,11.0,1.35491155438464,0,bad
9000000529-2,2020-11-08,12.0,2.90322580645161,0,bad
9000000529-2,2020-11-08,13.0,3.07823856348867,0,bad
9000000529-2,2020-11-09,8.0,14.082503556187769,1,bad
9000000529-2,2020-11-09,9.0,10.553316233052401,1,bad
9000000529-2,2020-11-09,10.0,15.81259150805269,1,bad
9000000529-2,2020-11-09,11.0,6.605504587155958,1,bad
9000000529-2,2020-11-09,12.0,9.217264081931228,1,bad
9000000529-2,2020-11-09,13.0,15.92333210468116,1,bad
9000000529-2,2020-11-09,14.0,2.69865067466267,1,bad
9000000529-2,2020-11-09,15.0,1.4268727705113,1,bad
9000000529-2,2020-11-10,8.0,3.36763330215154,1,bad
9000000529-2,2020-11-10,9.0,7.722559885591701,1,bad
9000000529-2,2020-11-10,10.0,6.8886337543054,1,bad
9000000529-2,2020-11-10,11.0,6.683995544002969,1,bad
9000000529-2,2020-11-10,12.0,12.8929566255472,1,bad
9000000529-2,2020-11-10,13.0,6.1407249466951,1,bad
9000000529-2,2020-11-10,14.0,4.496253122398,1,bad
9000000529-2,2020-11-10,15.0,5.723370429252781,1,bad
9000000529-2,2020-11-11,8.0,10.1456082667919,1,bad
9000000529-2,2020-11-11,9.0,10.4423495286439,1,bad
9000000529-2,2020-11-11,10.0,123.08823529411754,1,bad
9000000529-2,2020-11-11,11.0,131.1303041682314,1,bad
9000000529-2,2020-11-11,12.0,110.06711409395942,1,bad
9000000529-2,2020-11-11,13.0,138.7724550898209,1,bad
9000000529-2,2020-11-11,14.0,170.4862579281187,1,bad
9000000529-2,2020-11-12,8.0,108.0491132332879,1,bad
9000000529-2,2020-11-12,9.0,92.7587738782763,1,bad
9000000529-2,2020-11-12,10.0,85.8050847457627,1,bad
9000000529-2,2020-11-12,11.0,97.96806966618281,1,bad
9000000529-2,2020-11-12,12.0,144.7032306536435,1,bad
9000000529-2,2020-11-12,13.0,165.5172413793104,1,bad
9000000529-2,2020-11-13,9.0,110.95432603044918,1,bad
9000000529-2,2020-11-13,10.0,134.063526834611,1,bad
9000000529-2,2020-11-13,11.0,119.42499078510869,1,bad
9000000529-2,2020-11-13,12.0,139.3728222996511,1,bad
9000000529-2,2020-11-13,13.0,131.5468940316689,1,bad
9000000529-2,2020-11-14,8.0,49.63235294117653,0,good
9000000529-2,2020-11-14,9.0,60.83188908145581,0,good
9000000529-2,2020-11-15,8.0,23.47525891829689,0,bad
9000000529-2,2020-11-15,9.0,32.20536756126021,0,bad
9000000529-2,2020-11-15,10.0,56.6546762589929,0,bad
9000000529-2,2020-11-15,11.0,66.05504587155963,0,bad
9000000529-2,2020-11-15,13.0,79.6208530805687,0,bad
9000000529-2,2020-11-16,8.0,104.1450777202072,1,bad
9000000529-2,2020-11-16,9.0,125.2900232018566,1,bad
9000000529-2,2020-11-16,10.0,107.2340425531915,1,bad
9000000529-2,2020-11-16,11.0,115.9090909090909,1,bad
9000000529-2,2020-11-16,12.0,131.74224343675363,1,bad
9000000529-2,2020-11-16,13.0,117.78093883357052,1,bad
9000000529-2,2020-11-16,14.0,165.2727272727275,1,bad
9000000529-2,2020-11-17,8.0,79.9436023968982,1,good
9000000529-2,2020-11-17,9.0,86.6078588612671,1,good
9000000529-2,2020-11-17,10.0,112.79373368146221,1,good
9000000529-2,2020-11-17,11.0,123.3373639661432,1,good
9000000529-2,2020-11-17,12.0,105.058365758755,1,good
9000000529-2,2020-11-17,13.0,116.9543147208118,1,good
9000000529-2,2020-11-17,14.0,119.88582302568972,1,good
9000000529-2,2020-11-18,8.0,94.17833456153281,1,bad
9000000529-2,2020-11-18,9.0,91.50326797385628,1,bad
9000000529-2,2020-11-18,10.0,119.69309462915601,1,bad
9000000529-2,2020-11-18,11.0,136.046511627907,1,bad
9000000529-2,2020-11-18,12.0,127.6487969607432,1,bad
9000000529-2,2020-11-18,13.0,93.76744186046525,1,bad
9000000529-2,2020-11-18,14.0,89.32210899424008,1,bad
9000000529-2,2020-11-19,8.0,75.1079136690647,1,bad
9000000529-2,2020-11-19,9.0,96.41693811074921,1,bad
9000000529-2,2021-01-05,8.0,114.7564469914042,1,bad
9000000529-2,2021-01-05,9.0,93.17038102084821,1,bad
9000000529-2,2021-01-05,10.0,133.911159263272,1,bad
9000000529-2,2021-01-05,11.0,99.04622157006611,1,bad
9000000529-2,2021-01-05,12.0,118.7106335679879,1,bad
9000000529-2,2021-01-05,13.0,156.0655737704916,1,bad
9000000529-2,2021-01-06,8.0,73.28887328887333,1,bad
9000000529-2,2021-01-06,9.0,81.26119670369047,1,bad
9000000529-2,2021-01-06,10.0,122.21402214022153,1,bad
9000000529-2,2021-01-06,11.0,123.006833712984,1,bad
9000000529-2,2021-01-06,12.0,90.8816880180859,1,bad
9000000529-2,2021-01-06,13.0,71.51424287856081,1,bad
9000000529-2,2021-01-06,14.0,78.91156462585042,1,bad
9000000529-2,2021-01-06,15.0,65.7200811359026,1,bad
9000000529-2,2021-01-07,9.0,16.03960396039608,1,bad
9000000529-2,2021-01-07,10.0,24.764663287472814,1,bad
9000000529-2,2021-01-07,11.0,23.452768729641715,1,bad
9000000529-2,2021-01-07,12.0,21.2154696132597,1,bad
9000000529-2,2021-01-07,13.0,20.4622963243653,1,bad
9000000529-2,2021-01-07,14.0,17.011995637949802,1,bad
9000000529-2,2021-01-07,15.0,15.98224195338513,1,bad
9000000529-2,2021-01-08,10.0,14.384308027606199,1,bad
9000000529-2,2021-01-08,11.0,10.4651162790698,1,bad
9000000529-2,2021-01-08,12.0,13.4529147982063,1,bad
9000000529-2,2021-01-08,13.0,13.1964809384164,1,bad
9000000529-2,2021-01-08,14.0,9.34718100890208,1,bad
9000000529-2,2021-01-08,15.0,10.5455876968144,1,bad
9000000529-2,2021-01-09,9.0,26.8768145997511,0,bad
9000000529-2,2021-01-09,10.0,14.3582306018854,0,bad
9000000529-2,2021-01-09,11.0,2.6578073089701,0,bad
9000000529-2,2021-01-09,12.0,3.97058823529412,0,bad
9000000529-2,2021-01-09,14.0,7.9149871747893,0,bad
9000000529-2,2021-01-09,15.0,1.35084427767355,0,bad
9000000529-2,2021-01-09,16.0,1.89973614775726,0,bad
9000000529-2,2021-01-10,9.0,18.3517417162277,0,bad
9000000529-2,2021-01-10,10.0,6.514657980456032,0,bad
9000000529-2,2021-01-10,11.0,3.883495145631069,0,bad
9000000529-2,2021-01-10,12.0,1.31916452913155,0,bad
9000000529-2,2021-01-10,13.0,2.66075388026608,0,bad
9000000529-2,2021-01-10,14.0,2.62677854797519,0,bad
9000000529-2,2021-01-10,15.0,3.97936624907885,0,bad
9000000529-2,2021-01-10,16.0,3.3302497687326604,0,bad
9000000529-2,2021-01-11,8.0,19.0677966101695,1,bad
9000000529-2,2021-01-11,9.0,10.507114191900767,1,bad
9000000529-2,2021-01-11,10.0,7.93242746970253,1,bad
9000000529-2,2021-01-11,11.0,7.97047970479705,1,bad
9000000529-2,2021-01-11,12.0,10.603829160530188,1,bad
9000000529-2,2021-01-11,13.0,13.259668508287303,1,bad
9000000529-2,2021-01-11,14.0,3.92727272727273,1,bad
9000000529-2,2021-01-11,15.0,6.683995544002969,1,bad
9000000529-2,2021-01-12,8.0,43.96371249127709,1,bad
9000000529-2,2021-01-12,9.0,18.1818181818182,1,bad
9000000529-2,2021-01-12,10.0,14.510809820447,1,bad
9000000529-2,2021-01-12,11.0,5.38720538720539,1,bad
9000000529-2,2021-01-12,12.0,9.24092409240924,1,bad
9000000529-2,2021-01-12,13.0,13.657056145675302,1,bad
9000000529-2,2021-01-12,14.0,7.845986196876138,1,bad
9000000529-2,2021-01-12,15.0,8.13865862848531,1,bad
9000000529-2,2021-01-12,16.0,13.090909090909099,1,bad
9000000529-2,2021-01-13,8.0,46.00638977635779,1,bad
9000000529-2,2021-01-13,9.0,37.4193548387097,1,bad
9000000529-2,2021-01-13,10.0,102.97029702970282,1,bad
9000000529-2,2021-01-13,11.0,109.345794392523,1,bad
9000000529-2,2021-01-13,13.0,142.38805970149255,1,bad
9000000529-2,2021-01-13,14.0,133.995037220844,1,bad
9000000529-2,2021-01-13,15.0,164.946619217082,1,bad
9000000529-2,2021-01-14,8.0,93.0700179533213,1,bad
9000000529-2,2021-01-14,9.0,94.59854014598541,1,bad
9000000529-2,2021-01-14,10.0,87.9649890590811,1,bad
9000000529-2,2021-01-14,11.0,113.08203991130827,1,bad
9000000529-2,2021-01-14,12.0,120.9406494960806,1,bad
9000000529-2,2021-01-14,13.0,149.6746203904556,1,bad
9000000529-2,2021-01-14,16.0,149.4163424124512,1,bad
9000000529-2,2021-01-15,8.0,94.8042704626333,1,bad
9000000529-2,2021-01-15,9.0,101.18918918918921,1,bad
9000000529-2,2021-01-15,10.0,119.43127962085319,1,bad
9000000529-2,2021-01-15,11.0,112.89690317522522,1,bad
9000000529-2,2021-01-15,12.0,114.62421325435044,1,bad
9000000529-2,2021-01-15,13.0,170.33420953811518,1,bad
9000000529-2,2021-01-15,14.0,106.4371257485031,1,bad
9000000529-2,2021-01-16,8.0,34.6895074946467,0,bad
9000000529-2,2021-01-16,9.0,73.33809864188706,0,bad
9000000529-2,2021-01-16,10.0,97.58241758241752,0,bad
9000000529-2,2021-01-16,11.0,97.18785151856027,0,bad
9000000529-2,2021-01-16,12.0,114.90799849793505,0,bad
9000000529-2,2021-01-16,13.0,127.76025236593044,0,bad
9000000529-2,2021-01-16,14.0,5.8465286236297205,0,bad
9000000529-2,2021-01-16,15.0,29.9412915851272,0,bad
9000000529-2,2021-01-16,16.0,78.73070325900521,0,bad
9000000529-2,2021-01-17,8.0,15.136650315346909,0,bad
9000000529-2,2021-01-17,9.0,22.006472491909417,0,bad
9000000529-2,2021-01-17,10.0,56.22956774427892,0,bad
9000000529-2,2021-01-17,11.0,54.9418604651163,0,bad
9000000529-2,2021-01-17,12.0,81.7283046503113,0,bad
9000000529-2,2021-01-17,13.0,81.8181818181818,0,bad
9000000529-2,2021-01-17,14.0,69.8901098901099,0,bad
9000000529-2,2021-01-17,15.0,84.1246290801186,0,bad
9000000529-2,2021-01-17,16.0,66.0550458715596,0,bad
9000000529-2,2021-01-18,8.0,57.65124555160139,1,bad
9000000529-2,2021-01-18,9.0,89.00035829451824,1,bad
9000000529-2,2021-01-18,10.0,76.59574468085098,1,bad
9000000529-2,2021-01-18,11.0,104.99453153481541,1,bad
9000000529-2,2021-01-18,12.0,110.136380390711,1,bad
9000000529-2,2021-01-18,13.0,132.73743016759803,1,bad
9000000529-2,2021-01-19,8.0,88.9621087314663,1,bad
9000000529-2,2021-01-19,9.0,44.41219158200295,1,bad
9000000529-2,2021-01-19,10.0,49.49348769898692,1,bad
9000000529-2,2021-01-19,11.0,58.75952121871599,1,bad
9000000529-2,2021-01-19,12.0,87.80487804878044,1,bad
9000000529-2,2021-01-19,13.0,56.9326958440603,1,bad
9000000529-2,2021-01-19,14.0,93.9841089670828,1,bad
9000000529-2,2021-01-19,15.0,88.95752895752892,1,bad
9000000529-2,2021-01-19,16.0,30.3157894736842,1,bad
9000000529-2,2021-01-20,8.0,54.488517745302744,1,bad
9000000529-2,2021-01-20,9.0,55.523672883787654,1,bad
9000000529-2,2021-01-20,10.0,49.92503748125943,1,bad
9000000529-2,2021-01-20,11.0,61.066235864297276,1,bad
9000000529-2,2021-01-20,12.0,55.93027661993175,1,bad
9000000529-2,2021-01-20,13.0,37.6306620209059,1,bad
9000000529-2,2021-01-20,14.0,64.48723690103,1,bad
9000000529-2,2021-01-20,15.0,80.95693779904309,1,bad
9000000529-2,2021-01-21,10.0,43.352601156069376,1,bad
9000000529-2,2021-01-21,11.0,51.764705882353,1,bad
9000000529-2,2021-01-21,12.0,62.76463262764625,1,bad
9000000529-2,2021-01-21,13.0,48.43636363636371,1,bad
9000000529-2,2021-01-21,14.0,55.202628696604606,1,bad
9000000529-2,2021-01-21,15.0,67.2897196261682,1,bad
9000000529-2,2021-01-21,16.0,38.205499276411,1,bad
9000000529-2,2021-01-22,8.0,30.67669172932329,1,bad
9000000529-2,2021-01-22,9.0,34.1772151898734,1,bad
9000000529-2,2021-01-22,10.0,37.5903614457831,1,bad
9000000529-2,2021-01-22,11.0,50.36101083032499,1,bad
9000000529-2,2021-01-22,12.0,27.450980392156872,1,bad
9000000529-2,2021-01-22,15.0,34.3234323432343,1,bad
9000000529-2,2021-01-23,9.0,13.41281669150524,0,bad
9000000529-2,2021-01-23,10.0,16.737698566447087,0,bad
9000000529-2,2021-01-23,11.0,21.2467724087053,0,bad
9000000529-2,2021-01-23,12.0,14.384308027606199,0,bad
9000000529-2,2021-01-23,13.0,15.899889584100098,0,bad
9000000529-2,2021-01-23,14.0,14.368650217706804,0,bad
9000000529-2,2021-01-23,15.0,13.333333333333302,0,bad
9000000529-2,2021-01-23,16.0,11.587982832618,0,bad
9000000529-2,2021-01-24,8.0,1.26227208976157,0,bad
9000000529-2,2021-01-24,9.0,2.56318974724101,0,bad
9000000529-2,2021-01-24,10.0,3.91446176150779,0,bad
9000000529-2,2021-01-24,11.0,11.764705882352901,0,bad
9000000529-2,2021-01-24,12.0,5.19480519480519,0,bad
9000000529-2,2021-01-24,13.0,5.2478134110787185,0,bad
9000000529-2,2021-01-24,14.0,9.16030534351145,0,bad
9000000529-2,2021-01-24,15.0,8.102025506376599,0,bad
9000000529-2,2021-01-25,8.0,49.8579545454546,1,bad
9000000529-2,2021-01-25,9.0,22.270742358078643,1,bad
9000000529-2,2021-01-25,10.0,31.77638837808021,1,bad
9000000529-2,2021-01-25,11.0,18.645948945616027,1,bad
9000000529-2,2021-01-25,12.0,18.4412733260154,1,bad
9000000529-2,2021-01-25,13.0,25.03660322108349,1,bad
9000000529-2,2021-01-25,14.0,25.342719525750297,1,bad
9000000529-2,2021-01-25,15.0,31.4524936294139,1,bad
9000000529-2,2021-01-25,16.0,17.8291374329344,1,bad
9000000529-2,2021-01-26,8.0,67.66917293233091,1,bad
9000000529-2,2021-01-26,9.0,69.57766642806011,1,bad
9000000529-2,2021-01-26,10.0,43.99712437095621,1,bad
9000000529-2,2021-01-26,11.0,19.67213114754097,1,bad
9000000529-2,2021-01-26,12.0,22.360248447205,1,bad
9000000529-2,2021-01-26,13.0,17.0802919708029,1,bad
9000000529-2,2021-01-26,14.0,31.383944787504547,1,bad
9000000529-2,2021-01-26,15.0,20.2778820878708,1,bad
9000000529-2,2021-01-26,16.0,27.3615635179153,1,bad
9000000529-2,2021-01-27,8.0,85.5644879412793,1,bad
9000000529-2,2021-01-27,9.0,31.10151187904967,1,bad
9000000529-2,2021-01-27,10.0,24.577793747754257,1,bad
9000000529-2,2021-01-27,11.0,25.352112676056336,1,bad
9000000529-2,2021-01-27,12.0,17.0491803278689,1,bad
9000000529-2,2021-01-27,13.0,22.5997045790251,1,bad
9000000529-2,2021-01-27,14.0,23.520368946963888,1,bad
9000000529-2,2021-01-27,15.0,29.0748898678414,1,bad
9000000529-2,2021-01-27,16.0,13.2013201320132,1,bad
9000000529-2,2021-01-28,8.0,60.12793176972279,1,bad
9000000529-2,2021-01-28,9.0,21.880586342509798,1,bad
9000000529-2,2021-01-28,10.0,22.149837133550513,1,bad
9000000529-2,2021-01-28,11.0,29.8916967509025,1,bad
9000000529-2,2021-01-28,12.0,22.70871985157696,1,bad
9000000529-2,2021-01-28,13.0,15.6182212581345,1,bad
9000000529-2,2021-01-28,14.0,29.24667651403248,1,bad
9000000529-2,2021-01-28,15.0,26.248632883703998,1,bad
9000000529-2,2021-01-28,16.0,21.6587881392351,1,bad
9000000529-2,2021-01-29,8.0,70.14925373134328,1,bad
9000000529-2,2021-01-29,9.0,18.155619596541758,1,bad
9000000529-2,2021-01-29,10.0,19.4805194805195,1,bad
9000000529-2,2021-01-29,11.0,34.3864805290228,1,bad
9000000529-2,2021-01-29,12.0,23.30097087378642,1,bad
9000000529-2,2021-01-29,13.0,23.5123367198839,1,bad
9000000529-2,2021-01-29,14.0,31.72970987881012,1,bad
9000000529-2,2021-01-29,15.0,22.214156079854764,1,bad
9000000529-2,2021-01-30,8.0,6.62008091210004,0,bad
9000000529-2,2021-01-30,9.0,10.3933597979069,0,bad
9000000529-2,2021-01-30,10.0,6.47948164146868,0,bad
9000000529-2,2021-01-30,11.0,14.394765539803661,0,bad
9000000529-2,2021-01-30,12.0,18.47507331378294,0,bad
9000000529-2,2021-01-30,13.0,13.1052056789225,0,bad
9000000529-2,2021-01-30,14.0,27.734976887519302,0,bad
9000000529-2,2021-01-30,15.0,7.98226164079823,0,bad
9000000529-2,2021-01-30,16.0,23.841059602649,0,bad
9000000529-2,2021-01-31,9.0,5.618415918845099,0,bad
9000000529-2,2021-01-31,10.0,1.2770485987938998,0,bad
9000000529-2,2021-01-31,11.0,3.87096774193548,0,bad
9000000529-2,2021-01-31,12.0,9.10404624277457,0,bad
9000000529-2,2021-01-31,13.0,11.7775354416576,0,bad
9000000529-2,2021-01-31,14.0,5.2805280528052805,0,bad
9000000529-2,2021-01-31,15.0,6.50054171180932,0,bad
9000000529-2,2021-01-31,16.0,10.0518548065417,0,bad
9000000529-2,2021-02-01,8.0,27.155172413793093,1,bad
9000000529-2,2021-02-01,9.0,20.82429501084595,1,bad
9000000529-2,2021-02-01,10.0,21.436546334201697,1,bad
9000000529-2,2021-02-01,11.0,28.571428571428545,1,bad
9000000529-2,2021-02-01,12.0,29.171270718232,1,bad
9000000529-2,2021-02-01,13.0,36.65454545454541,1,bad
9000000529-2,2021-02-01,14.0,85.4599406528189,1,bad
9000000529-2,2021-02-01,15.0,21.6867469879518,1,bad
9000000529-2,2021-02-02,10.0,25.871361839741297,1,bad
9000000529-2,2021-02-02,11.0,20.74927953890491,1,bad
9000000529-2,2021-02-02,12.0,19.572308807539,1,bad
9000000529-2,2021-02-02,13.0,11.846435100548401,1,bad
9000000529-2,2021-02-02,14.0,36.4912280701754,1,bad
9000000529-2,2021-02-02,15.0,29.300776914539398,1,bad
9000000529-2,2021-02-03,9.0,18.175261449693462,1,good
9000000529-2,2021-02-03,10.0,18.2542557044549,1,good
9000000529-2,2021-02-03,11.0,15.76067128785119,1,good
9000000529-2,2021-02-03,12.0,18.59778597785982,1,good
9000000529-2,2021-02-03,13.0,17.105263157894733,1,good
9000000529-2,2021-02-03,14.0,18.28737300435414,1,good
9000000529-2,2021-02-03,15.0,25.211942499078496,1,good
9000000529-2,2021-02-03,16.0,5.16252390057361,1,good
9000000529-2,2021-02-04,8.0,16.555183946488313,1,good
9000000529-2,2021-02-04,9.0,18.234442836468858,1,good
9000000529-2,2021-02-04,10.0,22.11781713046619,1,good
9000000529-2,2021-02-04,11.0,18.59092585761712,1,good
9000000529-2,2021-02-04,12.0,20.99125364431484,1,good
9000000529-2,2021-02-04,13.0,30.7921160282633,1,good
9000000529-2,2021-02-04,14.0,23.502304147465438,1,good
9000000529-2,2021-02-04,15.0,22.6247689463955,1,good
9000000529-2,2021-02-04,16.0,18.27411167512687,1,good
9000000529-2,2021-02-05,10.0,21.608643457383,1,good
9000000529-2,2021-02-05,11.0,15.97633136094672,1,good
9000000529-2,2021-02-05,12.0,21.71127026008293,1,good
9000000529-2,2021-02-05,13.0,21.006564551422272,1,good
9000000529-2,2021-02-05,14.0,18.86227544910178,1,good
9000000529-2,2021-02-05,15.0,16.834532374100718,1,good
9000000529-2,2021-02-05,16.0,18.313953488372107,1,good
9000000529-2,2021-02-06,8.0,5.07936507936508,0,good
9000000529-2,2021-02-06,9.0,16.83453237410069,0,good
9000000529-2,2021-02-06,10.0,13.0718954248366,0,good
9000000529-2,2021-02-06,11.0,13.631200302915563,0,good
9000000529-2,2021-02-06,12.0,3.95459538630538,0,good
9000000529-2,2021-02-06,13.0,9.350649350649348,0,good
9000000529-2,2021-02-06,14.0,9.1304347826087,0,good
9000000529-2,2021-02-06,15.0,11.84210526315789,0,good
9000000529-2,2021-02-06,16.0,11.4924181963288,0,good
9000000529-2,2021-02-07,9.0,2.7565084226646204,0,bad
9000000529-2,2021-02-07,10.0,2.60209613299602,0,bad
9000000529-2,2021-02-07,11.0,5.1948051948052,0,bad
9000000529-2,2021-02-07,12.0,6.46551724137931,0,bad
9000000529-2,2021-02-07,13.0,6.57654366094264,0,bad
9000000529-2,2021-02-07,14.0,1.34328358208955,0,bad
9000000529-2,2021-02-07,15.0,5.1520572450805,0,bad
9000000529-2,2021-02-08,10.0,2.67956829177522,1,bad
9000000529-2,2021-02-08,11.0,11.05990783410139,1,bad
9000000529-2,2021-02-08,12.0,5.442176870748299,1,bad
9000000529-2,2021-02-08,13.0,8.70265914585012,1,bad
9000000529-2,2021-02-08,14.0,12.592304702681691,1,bad
9000000529-2,2021-02-08,15.0,7.94994479205006,1,bad
9000000529-2,2021-02-08,16.0,7.93534166054371,1,bad
9000000529-2,2021-02-09,9.0,6.88995215311004,1,bad
9000000529-2,2021-02-09,10.0,25.92725963269714,1,bad
9000000529-2,2021-02-09,11.0,23.46975733429915,1,bad
9000000529-2,2021-02-09,12.0,10.43478260869566,1,bad
9000000529-2,2021-02-09,13.0,10.73425270219904,1,bad
9000000529-2,2021-02-09,14.0,24.80957562568013,1,bad
9000000529-2,2021-02-09,15.0,26.519337016574596,1,bad
9000000529-2,2021-02-09,16.0,23.692870201096802,1,bad
9000000529-2,2021-02-10,8.0,46.9009080142124,1,bad
9000000529-2,2021-02-10,9.0,13.17715959004393,1,bad
9000000529-2,2021-02-10,10.0,23.806024981631097,1,bad
9000000529-2,2021-02-10,11.0,22.442244224422502,1,bad
9000000529-2,2021-02-10,12.0,10.623386204352641,1,bad
9000000529-2,2021-02-10,13.0,26.6075388026607,1,bad
9000000529-2,2021-02-10,14.0,22.165881926838097,1,bad
9000000529-2,2021-02-10,15.0,15.76642335766423,1,bad
9000000529-2,2021-02-11,9.0,23.418865196964255,1,bad
9000000529-2,2021-02-11,10.0,22.352081811541247,1,bad
9000000529-2,2021-02-11,11.0,26.286966046002163,1,bad
9000000529-2,2021-02-11,12.0,36.0257326661901,1,bad
9000000529-2,2021-02-11,13.0,22.15785662563364,1,bad
9000000529-2,2021-02-11,14.0,13.043478260869561,1,bad
9000000529-2,2021-02-11,15.0,22.55805381496495,1,bad
9000000529-2,2021-02-11,16.0,20.95307384503456,1,bad
9000000529-2,2021-02-12,8.0,128.1203007518798,1,bad
9000000529-2,2021-02-12,9.0,75.8300606926098,1,bad
9000000529-2,2021-02-12,10.0,72.2280887011616,1,bad
9000000529-2,2021-02-12,11.0,45.11610762993,1,bad
9000000529-2,2021-02-12,12.0,40.878122634368,1,bad
9000000529-2,2021-02-12,13.0,26.2672811059908,1,bad
9000000529-2,2021-02-12,14.0,24.324324324324373,1,bad
9000000529-2,2021-02-12,15.0,25.71428571428568,1,bad
9000000529-2,2021-02-12,16.0,26.267785479751883,1,bad
9000000529-2,2021-02-13,8.0,9.03225806451613,0,bad
9000000529-2,2021-02-13,9.0,7.68956924172304,0,bad
9000000529-2,2021-02-13,10.0,5.473204104903081,0,bad
9000000529-2,2021-02-13,11.0,8.29811755666538,0,bad
9000000529-2,2021-02-13,12.0,4.03738317757009,0,bad
9000000529-2,2021-02-13,13.0,4.00593471810089,0,bad
9000000529-2,2021-02-13,14.0,59.826589595375786,0,bad
9000000529-2,2021-02-13,15.0,40.999265246142556,0,bad
9000000529-2,2021-02-13,16.0,5.429864253393671,0,bad
9000000529-2,2021-02-14,8.0,12.031191979205339,0,bad
9000000529-2,2021-02-14,9.0,2.53253605346464,0,bad
9000000529-2,2021-02-14,10.0,3.91446176150779,0,bad
9000000529-2,2021-02-14,11.0,12.972972972972972,0,bad
9000000529-2,2021-02-14,12.0,4.0268456375838895,0,bad
9000000529-2,2021-02-14,13.0,14.62333825701625,0,bad
9000000529-2,2021-02-14,14.0,27.449485322150238,0,bad
9000000529-2,2021-02-14,15.0,10.88846880907373,0,bad
9000000529-2,2021-02-14,16.0,1.32207124495042,0,bad
9000000529-2,2021-02-15,7.0,93.415956622773,1,bad
9000000529-2,2021-02-15,8.0,85.07936507936512,1,bad
9000000529-2,2021-02-15,9.0,23.0933713471133,1,bad
9000000529-2,2021-02-15,10.0,7.860262008733621,1,bad
9000000529-2,2021-02-15,11.0,21.909471281856177,1,bad
9000000529-2,2021-02-15,12.0,16.81034482758621,1,bad
9000000529-2,2021-02-15,14.0,63.038334122101254,1,bad
9000000529-2,2021-02-15,15.0,47.10619023653754,1,bad
9000000529-2,2021-02-15,16.0,18.146568437378832,1,bad
9000000529-2,2021-02-16,7.0,62.021439509954114,1,bad
9000000529-2,2021-02-16,8.0,18.61152141802063,1,bad
9000000529-2,2021-02-16,9.0,29.7841726618705,1,bad
9000000529-2,2021-02-16,10.0,23.9467849223946,1,bad
9000000529-2,2021-02-16,11.0,11.96013289036545,1,bad
9000000529-2,2021-02-16,12.0,14.290869722122022,1,bad
9000000529-2,2021-02-16,13.0,11.82050346588837,1,bad
9000000529-2,2021-02-16,14.0,57.831325301204835,1,bad
9000000529-2,2021-02-16,15.0,37.09974236290032,1,bad
9000000529-2,2021-02-16,16.0,19.57940536620739,1,bad
9000000529-2,2021-02-17,9.0,16.617708770457412,1,bad
9000000529-2,2021-02-17,10.0,22.15785662563356,1,bad
9000000529-2,2021-02-17,11.0,25.17482517482516,1,bad
9000000529-2,2021-02-17,12.0,25.091709464416702,1,bad
9000000529-2,2021-02-17,13.0,29.25748060583672,1,bad
9000000529-2,2021-02-17,14.0,83.02702702702699,1,bad
9000000529-2,2021-02-17,15.0,35.74843692534016,1,bad
9000000529-2,2021-02-17,16.0,13.215859030837002,1,bad
9000000529-2,2021-02-18,8.0,19.41747572815534,1,good
9000000529-2,2021-02-18,9.0,11.642112827883581,1,good
9000000529-2,2021-02-18,10.0,10.49562682215744,1,good
9000000529-2,2021-02-18,11.0,20.9759650400582,1,good
9000000529-2,2021-02-18,12.0,25.418060200668897,1,good
9000000529-2,2021-02-18,13.0,21.752265861027198,1,good
9000000529-2,2021-02-18,14.0,13.73521556657764,1,good
9000000529-2,2021-02-18,15.0,15.77217962760132,1,good
9000000529-2,2021-02-18,16.0,13.225569434239546,1,good
9000000529-2,2021-02-19,8.0,17.194963091619652,1,bad
9000000529-2,2021-02-19,9.0,14.24460431654676,1,bad
9000000529-2,2021-02-19,10.0,20.77922077922079,1,bad
9000000529-2,2021-02-19,11.0,22.33576642335762,1,bad
9000000529-2,2021-02-19,12.0,12.022263450834881,1,bad
9000000529-2,2021-02-19,13.0,10.674573758339509,1,bad
9000000529-2,2021-02-19,14.0,16.059479553903337,1,bad
9000000529-2,2021-02-19,15.0,11.829134720700992,1,bad
9000000529-2,2021-02-19,16.0,13.215859030837002,1,bad
9000000529-2,2021-02-20,8.0,5.28440366972477,0,good
9000000529-2,2021-02-20,9.0,2.62869660460022,0,good
9000000529-2,2021-02-20,10.0,14.38953488372096,0,good
9000000529-2,2021-02-20,11.0,18.38074398249457,0,good
9000000529-2,2021-02-20,12.0,9.21726408193123,0,good
9000000529-2,2021-02-20,13.0,8.18181818181818,0,good
9000000529-2,2021-02-20,14.0,12.371134020618559,0,good
9000000529-2,2021-02-20,15.0,13.473053892215562,0,good
9000000529-2,2021-02-20,16.0,6.73400673400673,0,good
9000000529-2,2021-02-20,17.0,3.64372469635628,0,good
9000000529-2,2021-02-21,9.0,2.63639692420358,0,good
9000000529-2,2021-02-21,10.0,7.85454545454545,0,good
9000000529-2,2021-02-21,11.0,2.61627906976744,0,good
9000000529-2,2021-02-21,12.0,2.66272189349112,0,good
9000000529-2,2021-02-21,13.0,9.502262443438921,0,good
9000000529-2,2021-02-21,14.0,4.25867507886435,0,good
9000000529-2,2021-02-21,15.0,8.4375,0,good
9000000529-2,2021-02-21,16.0,7.9587324981576995,0,good
9000000529-2,2021-02-21,17.0,6.44583706356312,0,good
9000000529-2,2021-02-22,8.0,25.14970059880241,1,good
9000000529-2,2021-02-22,9.0,15.63517915309442,1,good
9000000529-2,2021-02-22,10.0,11.735941320293389,1,good
9000000529-2,2021-02-22,11.0,27.6568501920615,1,good
9000000529-2,2021-02-22,12.0,19.04761904761904,1,good
9000000529-2,2021-02-22,13.0,16.107382550335572,1,good
9000000529-2,2021-02-22,14.0,30.374174614820248,1,good
9000000529-2,2021-02-22,15.0,44.412191582002926,1,good
9000000529-2,2021-02-22,16.0,17.186926184355492,1,good
9000000529-2,2021-02-22,17.0,8.36042731072921,1,good
9000000529-2,2021-02-23,8.0,24.990865911582002,1,good
9000000529-2,2021-02-23,9.0,12.87093314265287,1,good
9000000529-2,2021-02-23,10.0,12.226415094339622,1,good
9000000529-2,2021-02-23,11.0,22.1258134490239,1,good
9000000529-2,2021-02-23,12.0,11.764705882352938,1,good
9000000529-2,2021-02-23,13.0,28.499460237495498,1,good
9000000529-2,2021-02-23,14.0,53.5170413343002,1,good
9000000529-2,2021-02-23,15.0,23.75366568914954,1,good
9000000529-2,2021-02-23,16.0,11.7689792953142,1,good
9000000529-2,2021-02-23,17.0,7.97518830305716,1,good
9000001092-1,2020-12-03,9.0,28.3808368708308,1,bad
9000001092-1,2020-12-10,9.0,136.325385694249,1,bad
9000001092-1,2020-12-10,14.0,139.130434782609,1,bad
9000001092-1,2020-12-10,15.0,128.951255539143,1,bad
9000001092-1,2020-12-11,8.0,120.586182833217,1,bad
9000001092-1,2020-12-11,9.0,132.5232308792,1,bad
9000001092-1,2020-12-11,10.0,171.924746743849,1,bad
9000001092-1,2020-12-11,11.0,154.727793696275,1,bad
9000001092-1,2020-12-11,12.0,147.57281553398002,1,bad
9000001092-1,2020-12-11,13.0,144.671689989235,1,bad
9000001092-1,2020-12-11,14.0,131.41592920353995,1,bad
9000001092-1,2020-12-11,15.0,158.330227357436,1,bad
9000001092-1,2020-12-12,8.0,90.979290979291,0,bad
9000001092-1,2020-12-12,9.0,118.011984490659,0,bad
9000001092-1,2020-12-12,10.0,167.895878524946,0,bad
9000001092-1,2020-12-12,11.0,134.738372093023,0,bad
9000001092-1,2020-12-12,12.0,185.848375451263,0,bad
9000001092-1,2020-12-12,13.0,138.512275558813,0,bad
9000001092-1,2020-12-12,14.0,108.97155361050301,0,bad
9000001092-1,2020-12-12,15.0,100.972326103216,0,bad
9000001092-1,2020-12-13,8.0,26.2773722627737,0,bad
9000001092-1,2020-12-13,9.0,66.69041681510511,0,bad
9000001092-1,2020-12-13,10.0,59.0163934426229,0,bad
9000001092-1,2020-12-13,11.0,68.296242247355,0,bad
9000001092-1,2020-12-13,12.0,90.57453999248979,0,bad
9000001092-1,2020-12-13,13.0,87.1972318339102,0,bad
9000001092-1,2020-12-13,14.0,52.36851920925029,0,bad
9000001092-1,2020-12-13,15.0,65.934065934066,0,bad
9000001092-1,2020-12-14,8.0,110.653161019909,1,bad
9000001092-1,2020-12-14,9.0,133.566678333916,1,bad
9000001092-1,2020-12-14,10.0,111.71960569550899,1,bad
9000001092-1,2020-12-14,11.0,144.775583482944,1,bad
9000001092-1,2020-12-14,12.0,130.201342281879,1,bad
9000001092-1,2020-12-14,13.0,123.950056753689,1,bad
9000001092-1,2020-12-14,14.0,124.51127819548901,1,bad
9000001092-1,2020-12-14,15.0,153.44262295081998,1,bad
9000001092-1,2020-12-15,8.0,136.644200070947,1,bad
9000001092-1,2020-12-15,9.0,119.745222929936,1,bad
9000001092-1,2020-12-15,10.0,127.64109985528201,1,bad
9000001092-1,2020-12-15,11.0,139.92008717762502,1,bad
9000001092-1,2020-12-15,12.0,148.73857404022,1,bad
9000001092-1,2020-12-15,13.0,158.255897069335,1,bad
9000001092-1,2020-12-15,14.0,132.41077931536802,1,bad
9000001092-1,2020-12-15,15.0,168.58407079646003,1,bad
9000001092-1,2020-12-16,8.0,150.69173465768,1,bad
9000001092-1,2020-12-16,9.0,125.340990667624,1,bad
9000001092-1,2020-12-16,10.0,113.102463405926,1,bad
9000001092-1,2020-12-16,11.0,157.086188243779,1,bad
9000001092-1,2020-12-16,12.0,154.248366013072,1,bad
9000001092-1,2020-12-16,13.0,146.93877551020398,1,bad
9000001092-1,2020-12-16,14.0,154.434030281182,1,bad
9000001092-1,2020-12-16,15.0,161.60583941605802,1,bad
9000001092-1,2020-12-17,8.0,150.161812297734,1,bad
9000001092-1,2020-12-17,9.0,162.07906295754,1,bad
9000001092-1,2020-12-17,10.0,171.97860962566799,1,bad
9000001092-1,2020-12-17,11.0,143.844492440605,1,bad
9000001092-1,2020-12-17,12.0,131.943945382681,1,bad
9000001092-1,2020-12-17,13.0,167.59292674124902,1,bad
9000001092-1,2020-12-17,14.0,157.090909090909,1,bad
9000001092-1,2020-12-17,15.0,177.43702081051498,1,bad
9000001092-1,2020-12-18,8.0,144.0,1,bad
9000001092-1,2020-12-18,9.0,156.073092081691,1,bad
9000001092-1,2020-12-18,10.0,169.787234042553,1,bad
9000001092-1,2020-12-18,11.0,188.595866001426,1,bad
9000001092-1,2020-12-18,12.0,145.875542691751,1,bad
9000001092-1,2020-12-18,13.0,196.22093023255798,1,bad
9000001092-1,2020-12-18,14.0,163.99132321041202,1,bad
9000001092-1,2020-12-18,15.0,194.521575984991,1,bad
9000001092-1,2020-12-19,8.0,96.43990130419469,0,bad
9000001092-1,2020-12-19,9.0,174.1935483870968,0,bad
9000001092-1,2020-12-19,10.0,174.8201438848918,0,bad
9000001092-1,2020-12-19,11.0,197.75930610769808,0,bad
9000001092-1,2020-12-19,12.0,180.84568124322408,0,bad
9000001092-1,2020-12-19,13.0,142.24137931034505,0,bad
9000001092-1,2020-12-19,14.0,141.22775154377018,0,bad
9000001092-1,2020-12-19,15.0,144.5679455001794,0,bad
9000001092-1,2020-12-20,9.0,60.450160771704134,0,bad
9000001092-1,2020-12-20,10.0,90.69003285870757,0,bad
9000001092-1,2020-12-20,11.0,87.39130434782594,0,bad
9000001092-1,2020-12-20,12.0,92.30769230769229,0,bad
9000001092-1,2020-12-20,13.0,76.22585438335814,0,bad
9000001092-1,2020-12-20,14.0,89.80190755685987,0,bad
9000001092-1,2020-12-20,15.0,83.903860160233,0,bad
9000001092-1,2020-12-21,8.0,137.32119635890732,1,bad
9000001092-1,2020-12-21,9.0,149.5588235294122,1,bad
9000001092-1,2020-12-21,10.0,174.8721694667636,1,bad
9000001092-1,2020-12-21,11.0,177.79428147047847,1,bad
9000001092-1,2020-12-21,12.0,172.62079062957568,1,bad
9000001092-1,2020-12-21,13.0,188.2618510158013,1,bad
9000001092-1,2020-12-21,14.0,150.8269018743112,1,bad
9000001092-1,2020-12-21,15.0,149.167591564928,1,bad
9000001092-1,2020-12-22,8.0,134.5926800472256,1,bad
9000001092-1,2020-12-22,9.0,158.53211009174288,1,bad
9000001092-1,2020-12-22,10.0,199.56236323851195,1,bad
9000001092-1,2020-12-22,11.0,155.28882220555153,1,bad
9000001092-1,2020-12-22,12.0,167.9912504557058,1,bad
9000001092-1,2020-12-22,13.0,179.460269865067,1,bad
9000001092-1,2020-12-22,14.0,151.92660550458731,1,bad
9000001092-1,2020-12-22,15.0,191.67604049493872,1,bad
9000001092-1,2020-12-23,9.0,154.9367088607594,1,good
9000001092-1,2020-12-23,10.0,199.04796777737172,1,good
9000001092-1,2020-12-23,11.0,174.64167585446555,1,good
9000001092-1,2020-12-23,12.0,193.5630443014003,1,good
9000001092-1,2020-12-23,13.0,185.4189336235034,1,good
9000001092-1,2020-12-23,14.0,184.198645598194,1,good
9000001092-1,2020-12-23,15.0,214.20959147424492,1,good
9000001092-1,2020-12-24,8.0,154.2600896860984,1,bad
9000001092-1,2020-12-24,9.0,166.9565217391301,1,bad
9000001092-1,2020-12-24,10.0,174.9727965179543,1,bad
9000001092-1,2020-12-24,11.0,186.2068965517241,1,bad
9000001092-1,2020-12-24,12.0,182.8020756115643,1,bad
9000001092-1,2020-12-24,13.0,189.89010989010978,1,bad
9000001092-1,2020-12-24,14.0,146.34146341463452,1,bad
9000001092-1,2020-12-24,15.0,158.30174374526118,1,bad
9000001092-1,2020-12-25,8.0,17.81296387926767,1,bad
9000001092-1,2020-12-25,9.0,39.08794788273621,1,bad
9000001092-1,2020-12-25,10.0,64.09883720930233,1,bad
9000001092-1,2020-12-25,11.0,60.4600219058051,1,bad
9000001092-1,2020-12-25,12.0,75.62477363274172,1,bad
9000001092-1,2020-12-25,13.0,51.40974002196999,1,bad
9000001092-1,2020-12-25,14.0,51.03598691384946,1,bad
9000001092-1,2020-12-25,15.0,51.7872711421098,1,bad
9000001092-1,2020-12-26,8.0,22.865208186309136,0,bad
9000001092-1,2020-12-26,9.0,58.043711931207504,0,bad
9000001092-1,2020-12-26,10.0,88.25466520307349,0,bad
9000001092-1,2020-12-26,11.0,96.47577092511021,0,bad
9000001092-1,2020-12-26,12.0,66.20080912100039,0,bad
9000001092-1,2020-12-26,13.0,46.33385335413418,0,bad
9000001092-1,2020-12-26,14.0,46.64634146341468,0,bad
9000001092-1,2020-12-26,15.0,61.83719193427933,0,bad
9000001092-1,2020-12-27,8.0,32.96935540683335,0,bad
9000001092-1,2020-12-27,9.0,44.21052631578948,0,bad
9000001092-1,2020-12-27,10.0,59.44954128440368,0,bad
9000001092-1,2020-12-27,11.0,102.10909090909107,0,bad
9000001092-1,2020-12-27,12.0,94.80812641083516,0,bad
9000001092-1,2020-12-27,13.0,67.61211192027595,0,bad
9000001092-1,2020-12-27,14.0,66.0426806439536,0,bad
9000001092-1,2020-12-27,15.0,69.05201032829216,0,bad
9000001092-1,2020-12-28,8.0,100.22451728783116,1,bad
9000001092-1,2020-12-28,9.0,149.06559179186561,1,bad
9000001092-1,2020-12-28,10.0,142.9508196721306,1,bad
9000001092-1,2020-12-28,11.0,141.07208872458452,1,bad
9000001092-1,2020-12-28,12.0,138.8684790595153,1,bad
9000001092-1,2020-12-28,13.0,160.2414183327042,1,bad
9000001092-1,2020-12-28,14.0,107.14285714285711,1,bad
9000001092-1,2020-12-28,15.0,118.6072631973048,1,bad
9000001092-1,2020-12-29,8.0,78.35377918480418,1,bad
9000001092-1,2020-12-29,9.0,147.15719063545208,1,bad
9000001092-1,2020-12-29,10.0,133.38323353293458,1,bad
9000001092-1,2020-12-29,11.0,148.782287822878,1,bad
9000001092-1,2020-12-29,12.0,119.4444444444447,1,bad
9000001092-1,2020-12-29,13.0,176.3097949886106,1,bad
9000001092-1,2020-12-29,14.0,129.889859475883,1,bad
9000001092-1,2020-12-29,15.0,138.1578947368418,1,bad
9000001092-1,2020-12-30,8.0,125.37313432835771,1,bad
9000001092-1,2020-12-30,9.0,154.37837837837802,1,bad
9000001092-1,2020-12-30,10.0,166.2569832402234,1,bad
9000001092-1,2020-12-30,11.0,150.3847563209967,1,bad
9000001092-1,2020-12-30,12.0,161.97975253093432,1,bad
9000001092-1,2020-12-30,13.0,184.92688413948292,1,bad
9000001092-1,2020-12-30,14.0,163.81651376146752,1,bad
9000001092-1,2020-12-30,15.0,172.5111441307579,1,bad
9000001092-1,2020-12-31,8.0,132.4456902592851,1,bad
9000001092-1,2020-12-31,9.0,191.9828203292774,1,bad
9000001092-1,2020-12-31,10.0,202.32052211747592,1,bad
9000001092-1,2020-12-31,11.0,189.12319644839044,1,bad
9000001092-1,2020-12-31,12.0,167.10526315789525,1,bad
9000001092-1,2020-12-31,13.0,162.00663961637756,1,bad
9000001092-1,2020-12-31,14.0,149.3449781659394,1,bad
9000001092-1,2020-12-31,15.0,132.83637718971252,1,bad
9000001092-1,2021-01-01,8.0,12.067039106145199,1,bad
9000001092-1,2021-01-01,9.0,29.445234708392583,1,bad
9000001092-1,2021-01-01,10.0,31.001076426264802,1,bad
9000001092-1,2021-01-01,11.0,49.03225806451615,1,bad
9000001092-1,2021-01-01,12.0,56.599634369287024,1,bad
9000001092-1,2021-01-01,13.0,50.25716385011026,1,bad
9000001092-1,2021-01-01,14.0,44.41121495327103,1,bad
9000001092-1,2021-01-01,15.0,56.14556256962486,1,bad
9000001092-1,2021-01-02,8.0,24.554039874081802,0,bad
9000001092-1,2021-01-02,9.0,37.68953068592055,0,bad
9000001092-1,2021-01-02,10.0,56.16835994194484,0,bad
9000001092-1,2021-01-02,11.0,92.77676950998182,0,bad
9000001092-1,2021-01-02,12.0,56.77806984603832,0,bad
9000001092-1,2021-01-02,13.0,59.06040268456369,0,bad
9000001092-1,2021-01-02,14.0,63.77325066430475,0,bad
9000001092-1,2021-01-03,8.0,35.555555555555586,0,bad
9000001092-1,2021-01-03,9.0,53.579021970233896,0,bad
9000001092-1,2021-01-03,10.0,77.80219780219777,0,bad
9000001092-1,2021-01-03,11.0,76.1410018552875,0,bad
9000001092-1,2021-01-03,12.0,72.51025736665416,0,bad
9000001092-1,2021-01-03,13.0,50.62713797035347,0,bad
9000001092-1,2021-01-03,14.0,84.05691353520616,0,bad
9000001092-1,2021-01-03,15.0,68.328991440268,0,bad
9000001092-1,2021-01-04,8.0,90.46669325887514,1,bad
9000001092-1,2021-01-04,9.0,115.4939846882974,1,bad
9000001092-1,2021-01-04,10.0,152.1676300578036,1,bad
9000001092-1,2021-01-04,11.0,165.5629139072845,1,bad
9000001092-1,2021-01-04,12.0,169.23655509590068,1,bad
9000001092-1,2021-01-04,13.0,134.1281669150523,1,bad
9000001092-1,2021-01-04,14.0,144.16320362674722,1,bad
9000001092-1,2021-01-04,15.0,139.4509213990221,1,bad
9000001092-1,2021-01-05,8.0,108.07719799857051,1,bad
9000001092-1,2021-01-05,9.0,123.33213126577729,1,bad
9000001092-1,2021-01-05,10.0,139.31283905967422,1,bad
9000001092-1,2021-01-05,11.0,107.4626865671643,1,bad
9000001092-1,2021-01-05,12.0,137.9005524861879,1,bad
9000001092-1,2021-01-05,13.0,132.04890700259327,1,bad
9000001092-1,2021-01-05,14.0,114.63229719484464,1,bad
9000001092-1,2021-01-05,15.0,148.9013356311936,1,bad
9000001092-1,2021-01-06,8.0,95.181236673774,1,bad
9000001092-1,2021-01-06,9.0,112.8242074927953,1,bad
9000001092-1,2021-01-06,10.0,142.0533430763613,1,bad
9000001092-1,2021-01-06,11.0,124.37101013894151,1,bad
9000001092-1,2021-01-06,12.0,129.16030534351202,1,bad
9000001092-1,2021-01-06,13.0,124.8787765759044,1,bad
9000001092-1,2021-01-06,14.0,97.55725190839709,1,bad
9000001092-1,2021-01-06,15.0,103.3232628398791,1,bad
9000001092-1,2021-01-07,8.0,105.92389172224401,1,bad
9000001092-1,2021-01-07,9.0,135.2899069434507,1,bad
9000001092-1,2021-01-07,10.0,146.08695652173841,1,bad
9000001092-1,2021-01-07,11.0,151.3711151736753,1,bad
9000001092-1,2021-01-07,12.0,138.61532765642337,1,bad
9000001092-1,2021-01-07,13.0,133.1807780320363,1,bad
9000001092-1,2021-01-07,14.0,154.06954528085578,1,bad
9000001092-1,2021-01-07,15.0,162.6064420584967,1,bad
9000001092-1,2021-01-07,16.0,144.1558441558447,1,bad
9000001092-1,2021-01-08,8.0,148.1902058197303,1,bad
9000001092-1,2021-01-08,9.0,106.190823015295,1,bad
9000001092-1,2021-01-08,10.0,131.75600739371507,1,bad
9000001092-1,2021-01-08,11.0,141.7007055328627,1,bad
9000001092-1,2021-01-08,12.0,151.1244377811093,1,bad
9000001092-1,2021-01-08,13.0,155.2671755725193,1,bad
9000001092-1,2021-01-08,14.0,139.43661971831028,1,bad
9000001092-1,2021-01-08,15.0,147.8547854785472,1,bad
9000001092-1,2021-01-08,16.0,147.79116465863422,1,bad
9000001092-1,2021-01-09,8.0,79.00884955752211,0,bad
9000001092-1,2021-01-09,9.0,117.84172661870497,0,bad
9000001092-1,2021-01-09,10.0,142.6788990825692,0,bad
9000001092-1,2021-01-09,11.0,145.18297236743902,0,bad
9000001092-1,2021-01-09,12.0,127.46925083861365,0,bad
9000001092-1,2021-01-09,13.0,123.26951399116363,0,bad
9000001092-1,2021-01-09,14.0,108.16023738872377,0,bad
9000001092-1,2021-01-09,15.0,121.5303825956486,0,bad
9000001092-1,2021-01-09,16.0,111.11111111111126,0,bad
9000001092-1,2021-01-10,8.0,26.75159235668794,0,bad
9000001092-1,2021-01-10,9.0,52.38268461258636,0,bad
9000001092-1,2021-01-10,10.0,85.55758683729441,0,bad
9000001092-1,2021-01-10,11.0,86.52585579024037,0,bad
9000001092-1,2021-01-10,12.0,87.18330849478376,0,bad
9000001092-1,2021-01-10,13.0,70.14705882352942,0,bad
9000001092-1,2021-01-10,14.0,67.32673267326724,0,bad
9000001092-1,2021-01-10,15.0,93.4718100890207,0,bad
9000001092-1,2021-01-10,16.0,73.04347826086953,0,bad
9000001092-1,2021-01-11,8.0,108.0260303687636,1,bad
9000001092-1,2021-01-11,9.0,151.3157894736839,1,bad
9000001092-1,2021-01-11,10.0,128.3763277693472,1,bad
9000001092-1,2021-01-11,11.0,152.7922561429639,1,bad
9000001092-1,2021-01-11,12.0,132.9815303430084,1,bad
9000001092-1,2021-01-11,13.0,176.0492876395842,1,bad
9000001092-1,2021-01-11,14.0,167.4096848578023,1,bad
9000001092-1,2021-01-11,15.0,94.945054945055,1,bad
9000001092-1,2021-01-11,16.0,185.05338078291788,1,bad
9000001092-1,2021-01-12,8.0,163.1654676258986,1,bad
9000001092-1,2021-01-12,9.0,127.16354645001789,1,bad
9000001092-1,2021-01-12,10.0,136.7431365174875,1,bad
9000001092-1,2021-01-12,11.0,153.19148936170168,1,bad
9000001092-1,2021-01-12,12.0,144.9487554904829,1,bad
9000001092-1,2021-01-12,13.0,149.5508982035928,1,bad
9000001092-1,2021-01-12,14.0,155.30973451327438,1,bad
9000001092-1,2021-01-12,15.0,160.65451840833032,1,bad
9000001092-1,2021-01-12,16.0,149.13294797687885,1,bad
9000001092-1,2021-01-13,8.0,146.78111587982812,1,bad
9000001092-1,2021-01-13,9.0,120.98677154093609,1,bad
9000001092-1,2021-01-13,10.0,122.2591362126244,1,bad
9000001092-1,2021-01-13,11.0,130.68862275449135,1,bad
9000001092-1,2021-01-13,12.0,157.09570957095718,1,bad
9000001092-1,2021-01-13,13.0,192.832893247831,1,bad
9000001092-1,2021-01-13,14.0,154.16666666666669,1,bad
9000001092-1,2021-01-13,15.0,111.4348142753095,1,bad
9000001092-1,2021-01-13,16.0,147.4698795180723,1,bad
9000001092-1,2021-01-14,8.0,131.64373642288152,1,bad
9000001092-1,2021-01-14,9.0,126.8778924884296,1,bad
9000001092-1,2021-01-14,10.0,140.9921671018277,1,bad
9000001092-1,2021-01-14,11.0,147.5841874084915,1,bad
9000001092-1,2021-01-14,12.0,143.8401775804664,1,bad
9000001092-1,2021-01-14,13.0,161.5557217651455,1,bad
9000001092-1,2021-01-14,14.0,133.18077803203636,1,bad
9000001092-1,2021-01-14,15.0,124.18348623853221,1,bad
9000001092-1,2021-01-14,16.0,195.4562957258378,1,bad
9000001092-1,2021-01-15,8.0,140.2931712549161,1,bad
9000001092-1,2021-01-15,9.0,135.92233009708718,1,bad
9000001092-1,2021-01-15,10.0,139.66101694915258,1,bad
9000001092-1,2021-01-15,11.0,146.3299131807417,1,bad
9000001092-1,2021-01-15,12.0,150.44378698224895,1,bad
9000001092-1,2021-01-15,13.0,178.7624140565315,1,bad
9000001092-1,2021-01-15,14.0,162.3747108712414,1,bad
9000001092-1,2021-01-15,15.0,161.09467455621348,1,bad
9000001092-1,2021-01-15,16.0,191.0887253002711,1,bad
9000001092-1,2021-01-16,8.0,96.39414494823271,0,bad
9000001092-1,2021-01-16,9.0,120.72779165180202,0,bad
9000001092-1,2021-01-16,10.0,170.22534170668595,0,bad
9000001092-1,2021-01-16,11.0,162.25723708318085,0,bad
9000001092-1,2021-01-16,12.0,143.4102755026064,0,bad
9000001092-1,2021-01-16,13.0,122.35649546827821,0,bad
9000001092-1,2021-01-16,14.0,115.51528878822138,0,bad
9000001092-1,2021-01-16,15.0,103.2304900181488,0,bad
9000001092-1,2021-01-16,16.0,115.9887233185658,0,bad
9000001092-1,2021-01-17,8.0,34.40707964601772,0,bad
9000001092-1,2021-01-17,9.0,88.88888888888883,0,bad
9000001092-1,2021-01-17,10.0,105.72878897751998,0,bad
9000001092-1,2021-01-17,11.0,97.4753018660811,0,bad
9000001092-1,2021-01-17,12.0,108.20037105751382,0,bad
9000001092-1,2021-01-17,13.0,99.29183749534099,0,bad
9000001092-1,2021-01-17,14.0,116.51342405296103,0,bad
9000001092-1,2021-01-17,15.0,85.9977949283351,0,bad
9000001092-1,2021-01-17,16.0,105.07960576194105,0,bad
9000001092-1,2021-01-18,8.0,140.97543609825598,1,bad
9000001092-1,2021-01-18,9.0,145.4812637766343,1,bad
9000001092-1,2021-01-18,10.0,148.493543758967,1,bad
9000001092-1,2021-01-18,11.0,154.22922006590952,1,bad
9000001092-1,2021-01-18,12.0,158.150289017341,1,bad
9000001092-1,2021-01-18,13.0,184.73684210526324,1,bad
9000001092-1,2021-01-18,14.0,129.7420333839151,1,bad
9000001092-1,2021-01-18,15.0,144.4239970555763,1,bad
9000001092-1,2021-01-18,16.0,194.19642857142867,1,bad
9000001092-1,2021-01-19,8.0,138.2645803698437,1,bad
9000001092-1,2021-01-19,9.0,121.79487179487239,1,bad
9000001092-1,2021-01-19,10.0,161.54688070047428,1,bad
9000001092-1,2021-01-19,11.0,122.0788794692226,1,bad
9000001092-1,2021-01-19,12.0,122.40272006044589,1,bad
9000001092-1,2021-01-19,13.0,171.93631988152492,1,bad
9000001092-1,2021-01-19,14.0,147.6718403547666,1,bad
9000001092-1,2021-01-19,15.0,147.3214285714287,1,bad
9000001092-1,2021-01-19,16.0,190.31541537094606,1,bad
9000001092-1,2021-01-20,8.0,125.4929577464791,1,bad
9000001092-1,2021-01-20,9.0,141.3304252998908,1,bad
9000001092-1,2021-01-20,10.0,145.85635359116029,1,bad
9000001092-1,2021-01-20,11.0,139.1375101708703,1,bad
9000001092-1,2021-01-20,12.0,138.5148133897651,1,bad
9000001092-1,2021-01-20,13.0,167.1087533156497,1,bad
9000001092-1,2021-01-20,14.0,140.448430493274,1,bad
9000001092-1,2021-01-20,15.0,162.0320855614976,1,bad
9000001092-1,2021-01-21,8.0,110.84128360797908,1,bad
9000001092-1,2021-01-21,9.0,135.8490566037741,1,bad
9000001092-1,2021-01-21,10.0,148.94366197183132,1,bad
9000001092-1,2021-01-21,11.0,163.3451957295374,1,bad
9000001092-1,2021-01-21,12.0,128.66817155756252,1,bad
9000001092-1,2021-01-21,13.0,156.8034557235418,1,bad
9000001092-1,2021-01-21,14.0,147.20700985761252,1,bad
9000001092-1,2021-01-21,15.0,170.7244212098588,1,bad
9000001092-1,2021-01-21,16.0,163.5662237462492,1,bad
9000001092-1,2021-01-22,8.0,123.37595907928369,1,bad
9000001092-1,2021-01-22,9.0,158.9403973509932,1,bad
9000001092-1,2021-01-22,10.0,176.29906542056062,1,bad
9000001092-1,2021-01-22,11.0,155.1142750093668,1,bad
9000001092-1,2021-01-22,12.0,150.8982035928148,1,bad
9000001092-1,2021-01-22,13.0,191.05779716466822,1,bad
9000001092-1,2021-01-22,14.0,172.0637273064098,1,bad
9000001092-1,2021-01-22,15.0,156.8131049888313,1,bad
9000001092-1,2021-01-23,8.0,88.65096359743042,0,bad
9000001092-1,2021-01-23,9.0,112.0521172638439,0,bad
9000001092-1,2021-01-23,10.0,156.2339095255611,0,bad
9000001092-1,2021-01-23,11.0,173.00073367571488,0,bad
9000001092-1,2021-01-23,12.0,153.7555228276876,0,bad
9000001092-1,2021-01-23,13.0,132.23388305847135,0,bad
9000001092-1,2021-01-23,14.0,102.1370670596905,0,bad
9000001092-1,2021-01-23,15.0,111.9940029985009,0,bad
9000001092-1,2021-01-24,8.0,34.41926345609065,0,bad
9000001092-1,2021-01-24,9.0,76.10175564313872,0,bad
9000001092-1,2021-01-24,10.0,87.7729257641921,0,bad
9000001092-1,2021-01-24,11.0,103.15560391730128,0,bad
9000001092-1,2021-01-24,12.0,94.4606413994168,0,bad
9000001092-1,2021-01-24,13.0,72.68722466960352,0,bad
9000001092-1,2021-01-24,14.0,55.20262869660466,0,bad
9000001092-1,2021-01-24,15.0,83.1188493565481,0,bad
9000001092-1,2021-01-24,16.0,74.1701640595193,0,bad
9000001092-1,2021-01-25,8.0,116.99999999999969,1,bad
9000001092-1,2021-01-25,9.0,141.69096209912473,1,bad
9000001092-1,2021-01-25,10.0,162.96846011131748,1,bad
9000001092-1,2021-01-25,11.0,153.5608308605336,1,bad
9000001092-1,2021-01-25,12.0,162.13841083852031,1,bad
9000001092-1,2021-01-25,14.0,157.9063767047551,1,bad
9000001092-1,2021-01-25,15.0,153.2765642354689,1,bad
9000001092-1,2021-01-25,16.0,161.73285198555928,1,bad
9000001092-1,2021-01-26,8.0,164.3952907599001,1,bad
9000001092-1,2021-01-26,9.0,123.7379162191194,1,bad
9000001092-1,2021-01-26,10.0,129.7658862876256,1,bad
9000001092-1,2021-01-26,11.0,137.96561604584545,1,bad
9000001092-1,2021-01-26,12.0,171.1222301644033,1,bad
9000001092-1,2021-01-26,13.0,166.216216216216,1,bad
9000001092-1,2021-01-26,14.0,145.2145214521453,1,bad
9000001092-1,2021-01-26,15.0,192.7641099855278,1,bad
9000001092-1,2021-01-26,16.0,162.7269359021855,1,bad
9000001092-1,2021-01-27,8.0,130.2881236823606,1,bad
9000001092-1,2021-01-27,9.0,145.8587307278596,1,bad
9000001092-1,2021-01-27,10.0,132.5478645066276,1,bad
9000001092-1,2021-01-27,11.0,167.6003028009085,1,bad
9000001092-1,2021-01-27,12.0,181.3953488372091,1,bad
9000001092-1,2021-01-27,14.0,170.414201183432,1,bad
9000001092-1,2021-01-27,15.0,208.0468178493058,1,bad
9000001092-1,2021-01-27,16.0,189.7570093457947,1,bad
9000001092-1,2021-01-28,8.0,159.74025974025992,1,bad
9000001092-1,2021-01-28,9.0,131.9913731128681,1,bad
9000001092-1,2021-01-28,10.0,143.6276320650168,1,bad
9000001092-1,2021-01-28,11.0,140.6676783004549,1,bad
9000001092-1,2021-01-28,12.0,178.5234899328857,1,bad
9000001092-1,2021-01-28,13.0,200.0,1,bad
9000001092-1,2021-01-28,14.0,179.12457912457953,1,bad
9000001092-1,2021-01-28,15.0,200.21953896816638,1,bad
9000001092-1,2021-01-28,16.0,198.7402741756211,1,bad
9000001092-1,2021-01-29,8.0,178.4037558685448,1,bad
9000001092-1,2021-01-29,9.0,146.26647144948768,1,bad
9000001092-1,2021-01-29,10.0,192.3360353721443,1,bad
9000001092-1,2021-01-29,11.0,165.10067114093923,1,bad
9000001092-1,2021-01-29,12.0,167.5353685778107,1,bad
9000001092-1,2021-01-29,13.0,196.1708394698087,1,bad
9000001092-1,2021-01-29,14.0,188.20014936519777,1,bad
9000001092-1,2021-01-29,15.0,217.90168745414476,1,bad
9000001092-1,2021-01-29,16.0,187.76180698151967,1,bad
9000001092-1,2021-01-30,8.0,98.2978723404256,0,bad
9000001092-1,2021-01-30,9.0,134.8017621145375,0,bad
9000001092-1,2021-01-30,10.0,173.44611989702108,0,bad
9000001092-1,2021-01-30,11.0,172.19730941703997,0,bad
9000001092-1,2021-01-30,12.0,126.05421686746979,0,bad
9000001092-1,2021-01-30,13.0,149.83425414364638,0,bad
9000001092-1,2021-01-30,14.0,124.78568766306351,0,bad
9000001092-1,2021-01-30,15.0,109.090909090909,0,bad
9000001092-1,2021-01-30,16.0,118.076779724189,0,bad
9000001092-1,2021-01-31,8.0,33.26226012793179,0,bad
9000001092-1,2021-01-31,9.0,75.00000000000007,0,bad
9000001092-1,2021-01-31,10.0,76.95652173913038,0,bad
9000001092-1,2021-01-31,11.0,91.20521172638435,0,bad
9000001092-1,2021-01-31,12.0,97.6181751557347,0,bad
9000001092-1,2021-01-31,13.0,70.17285766826042,0,bad
9000001092-1,2021-01-31,14.0,76.1329305135952,0,bad
9000001092-1,2021-01-31,15.0,61.46022520886302,0,bad
9000001092-1,2021-01-31,16.0,76.65399239543721,0,bad
9000001092-1,2021-02-01,8.0,118.8801148600144,1,bad
9000001092-1,2021-02-01,9.0,128.8037585833032,1,bad
9000001092-1,2021-02-01,10.0,150.4994450610431,1,bad
9000001092-1,2021-02-01,11.0,113.00448430493289,1,bad
9000001092-1,2021-02-01,12.0,136.52951699463375,1,bad
9000001092-1,2021-02-01,14.0,164.1741988496303,1,bad
9000001092-1,2021-02-01,15.0,152.8691660290741,1,bad
9000001092-1,2021-02-01,16.0,186.55651520841224,1,bad
9000001092-1,2021-02-02,8.0,116.9675090252708,1,bad
9000001092-1,2021-02-02,9.0,138.31238779174132,1,bad
9000001092-1,2021-02-02,10.0,146.80382072005818,1,bad
9000001092-1,2021-02-02,11.0,133.9111592632724,1,bad
9000001092-1,2021-02-02,12.0,150.5325443786983,1,bad
9000001092-1,2021-02-02,13.0,182.2106438407147,1,bad
9000001092-1,2021-02-02,14.0,150.6198347107436,1,bad
9000001092-1,2021-02-02,15.0,144.15726246814688,1,bad
9000001092-1,2021-02-02,16.0,188.9014722536808,1,bad
9000001092-1,2021-02-03,8.0,113.34525939177121,1,good
9000001092-1,2021-02-03,9.0,155.7116451016636,1,good
9000001092-1,2021-02-03,10.0,159.7671880683883,1,good
9000001092-1,2021-02-03,11.0,150.6055045871563,1,good
9000001092-1,2021-02-03,12.0,136.2307980517051,1,good
9000001092-1,2021-02-03,13.0,153.9823008849558,1,good
9000001092-1,2021-02-03,14.0,153.76545522667658,1,good
9000001092-1,2021-02-03,15.0,156.5794323626977,1,good
9000001092-1,2021-02-03,16.0,164.8428405122231,1,good
9000001092-1,2021-02-04,8.0,128.3842794759824,1,good
9000001092-1,2021-02-04,9.0,142.3654339069941,1,good
9000001092-1,2021-02-04,10.0,185.19615099925932,1,good
9000001092-1,2021-02-04,11.0,119.45080091533181,1,good
9000001092-1,2021-02-04,12.0,133.6273428886436,1,good
9000001092-1,2021-02-04,13.0,157.62523191094658,1,good
9000001092-1,2021-02-04,14.0,147.4223034734918,1,good
9000001092-1,2021-02-04,15.0,158.33022735743515,1,good
9000001092-1,2021-02-04,16.0,186.3216266173753,1,good
9000001092-1,2021-02-05,8.0,138.5117967332126,1,good
9000001092-1,2021-02-05,9.0,144.48160535117108,1,good
9000001092-1,2021-02-05,10.0,173.21894815367432,1,good
9000001092-1,2021-02-05,11.0,199.5535714285714,1,good
9000001092-1,2021-02-05,12.0,190.16874541452688,1,good
9000001092-1,2021-02-05,13.0,183.9705882352942,1,good
9000001092-1,2021-02-05,14.0,163.87860843819362,1,good
9000001092-1,2021-02-05,15.0,215.7602663706994,1,good
9000001092-1,2021-02-05,16.0,215.60073937153516,1,good
9000001092-1,2021-02-06,8.0,100.85106382978726,0,good
9000001092-1,2021-02-06,9.0,135.6254572055597,0,good
9000001092-1,2021-02-06,10.0,193.8461538461535,0,good
9000001092-1,2021-02-06,11.0,155.9471365638762,0,good
9000001092-1,2021-02-06,12.0,203.5242290748898,0,good
9000001092-1,2021-02-06,13.0,160.26936026936045,0,good
9000001092-1,2021-02-06,14.0,110.93176815847387,0,good
9000001092-1,2021-02-06,15.0,136.281859070465,0,good
9000001092-1,2021-02-06,16.0,138.2987063896506,0,good
9000001092-1,2021-02-07,8.0,51.211801896733334,0,bad
9000001092-1,2021-02-07,9.0,72.39488117001822,0,bad
9000001092-1,2021-02-07,10.0,102.66910420475334,0,bad
9000001092-1,2021-02-07,11.0,96.0175374497624,0,bad
9000001092-1,2021-02-07,12.0,98.6301369863015,0,bad
9000001092-1,2021-02-07,13.0,71.54950312845052,0,bad
9000001092-1,2021-02-07,14.0,77.01954998155661,0,bad
9000001092-1,2021-02-07,15.0,64.2140468227425,0,bad
9000001092-1,2021-02-07,16.0,52.30460921843683,0,bad
9000001092-1,2021-02-08,8.0,73.0699528814788,1,bad
9000001092-1,2021-02-08,9.0,77.82333209094298,1,bad
9000001092-1,2021-02-08,10.0,121.1090573012935,1,bad
9000001092-1,2021-02-08,11.0,111.2434847356664,1,bad
9000001092-1,2021-02-08,12.0,122.4672897196259,1,bad
9000001092-1,2021-02-08,13.0,120.74016962220571,1,bad
9000001092-1,2021-02-08,14.0,113.96913335971533,1,bad
9000001092-1,2021-02-08,15.0,146.9387755102041,1,bad
9000001092-1,2021-02-08,16.0,162.8140703517591,1,bad
9000001092-1,2021-02-09,8.0,156.83168316831637,1,bad
9000001092-1,2021-02-09,9.0,109.65824665676078,1,bad
9000001092-1,2021-02-09,10.0,141.94517461509622,1,bad
9000001092-1,2021-02-09,11.0,165.7289002557543,1,bad
9000001092-1,2021-02-09,12.0,162.12624584717634,1,bad
9000001092-1,2021-02-09,13.0,145.9080280592361,1,bad
9000001092-1,2021-02-09,14.0,160.0896860986548,1,bad
9000001092-1,2021-02-09,15.0,177.4458551157588,1,bad
9000001092-1,2021-02-09,16.0,174.0221402214019,1,bad
9000001092-1,2021-02-10,8.0,159.7090909090916,1,bad
9000001092-1,2021-02-10,9.0,144.05286343612292,1,bad
9000001092-1,2021-02-10,10.0,154.7085201793721,1,bad
9000001092-1,2021-02-10,11.0,160.48356630147333,1,bad
9000001092-1,2021-02-10,12.0,138.3582089552244,1,bad
9000001092-1,2021-02-10,13.0,176.1304670126023,1,bad
9000001092-1,2021-02-10,14.0,175.3203954595389,1,bad
9000001092-1,2021-02-10,15.0,161.6926503340762,1,bad
9000001092-1,2021-02-10,16.0,172.96089385474832,1,bad
9000001092-1,2021-02-11,7.0,147.78042959427148,1,bad
9000001092-1,2021-02-11,8.0,173.3041575492346,1,bad
9000001092-1,2021-02-11,9.0,136.70886075949358,1,bad
9000001092-1,2021-02-11,10.0,135.9477124183002,1,bad
9000001092-1,2021-02-11,11.0,162.0915032679732,1,bad
9000001092-1,2021-02-11,12.0,164.5940014630577,1,bad
9000001092-1,2021-02-11,13.0,167.0442089879433,1,bad
9000001092-1,2021-02-11,14.0,173.6207526488854,1,bad
9000001092-1,2021-02-11,15.0,145.3457943925236,1,bad
9000001092-1,2021-02-11,16.0,182.432432432433,1,bad
9000001092-1,2021-02-12,7.0,148.49819783740483,1,bad
9000001092-1,2021-02-12,8.0,169.7749196141482,1,bad
9000001092-1,2021-02-12,9.0,180.0000000000001,1,bad
9000001092-1,2021-02-12,10.0,160.5511240029004,1,bad
9000001092-1,2021-02-12,11.0,152.5423728813556,1,bad
9000001092-1,2021-02-12,12.0,185.5472901168974,1,bad
9000001092-1,2021-02-12,14.0,184.8998459167944,1,bad
9000001092-1,2021-02-12,15.0,185.2647167715655,1,bad
9000001092-1,2021-02-12,16.0,219.0369540873459,1,bad
9000001092-1,2021-02-13,7.0,79.53890489913536,0,bad
9000001092-1,2021-02-13,8.0,89.16008614501087,0,bad
9000001092-1,2021-02-13,9.0,115.6204379562038,0,bad
9000001092-1,2021-02-13,10.0,137.7344336084026,0,bad
9000001092-1,2021-02-13,11.0,108.61504907306427,0,bad
9000001092-1,2021-02-13,12.0,174.73138199333124,0,bad
9000001092-1,2021-02-13,13.0,107.92005921539584,0,bad
9000001092-1,2021-02-13,14.0,136.6100469822912,0,bad
9000001092-1,2021-02-13,15.0,109.7722263041881,0,bad
9000001092-1,2021-02-13,16.0,98.6842105263158,0,bad
9000001092-1,2021-02-14,7.0,17.5229853975122,0,bad
9000001092-1,2021-02-14,8.0,50.85114089098153,0,bad
9000001092-1,2021-02-14,9.0,92.67585206671497,0,bad
9000001092-1,2021-02-14,10.0,97.97719749908057,0,bad
9000001092-1,2021-02-14,11.0,77.6599634369287,0,bad
9000001092-1,2021-02-14,12.0,119.86970684039042,0,bad
9000001092-1,2021-02-14,13.0,104.4436283510833,0,bad
9000001092-1,2021-02-14,14.0,75.77548005908423,0,bad
9000001092-1,2021-02-14,15.0,97.9680696661829,0,bad
9000001092-1,2021-02-14,16.0,88.2162162162162,0,bad
9000001092-1,2021-02-15,7.0,168.7912087912089,1,bad
9000001092-1,2021-02-15,8.0,188.10810810810742,1,bad
9000001092-1,2021-02-15,9.0,145.1080982044711,1,bad
9000001092-1,2021-02-15,10.0,153.13531353135292,1,bad
9000001092-1,2021-02-15,11.0,139.52468007312623,1,bad
9000001092-1,2021-02-15,12.0,171.0031903580285,1,bad
9000001092-1,2021-02-15,13.0,177.7615215801025,1,bad
9000001092-1,2021-02-15,14.0,190.02169197397012,1,bad
9000001092-1,2021-02-15,15.0,188.30366872502688,1,bad
9000001092-1,2021-02-15,16.0,131.6270566727605,1,bad
9000001092-1,2021-02-16,7.0,195.7703927492443,1,bad
9000001092-1,2021-02-16,8.0,167.5324675324682,1,bad
9000001092-1,2021-02-16,9.0,155.4516012954303,1,bad
9000001092-1,2021-02-16,10.0,161.5050651230101,1,bad
9000001092-1,2021-02-16,11.0,144.87962630255115,1,bad
9000001092-1,2021-02-16,12.0,193.52082591669608,1,bad
9000001092-1,2021-02-16,13.0,184.2468239564429,1,bad
9000001092-1,2021-02-16,15.0,181.2817904374361,1,bad
9000001092-1,2021-02-16,16.0,182.0074349442382,1,bad
9000001092-1,2021-02-17,8.0,161.84519155590263,1,bad
9000001092-1,2021-02-17,9.0,159.13043478260832,1,bad
9000001092-1,2021-02-17,10.0,137.0794824399259,1,bad
9000001092-1,2021-02-17,11.0,162.06642066420682,1,bad
9000001092-1,2021-02-17,12.0,161.3144137415989,1,bad
9000001092-1,2021-02-17,13.0,178.0073800738,1,bad
9000001092-1,2021-02-17,14.0,140.4682274247495,1,bad
9000001092-1,2021-02-17,15.0,172.5752508361201,1,bad
9000001092-1,2021-02-17,16.0,195.0278293135435,1,bad
9000001092-1,2021-02-18,7.0,171.3563605728725,1,good
9000001092-1,2021-02-18,8.0,181.56748911465863,1,good
9000001092-1,2021-02-18,9.0,137.40458015267168,1,good
9000001092-1,2021-02-18,10.0,170.5471905986043,1,good
9000001092-1,2021-02-18,11.0,136.7921081476064,1,good
9000001092-1,2021-02-18,12.0,163.7593984962404,1,good
9000001092-1,2021-02-18,13.0,167.77981651376152,1,good
9000001092-1,2021-02-18,14.0,176.4705882352937,1,good
9000001092-1,2021-02-18,15.0,161.25273124544842,1,good
9000001092-1,2021-02-18,16.0,186.3945578231294,1,good
9000001092-1,2021-02-19,8.0,171.49138878710122,1,bad
9000001092-1,2021-02-19,9.0,151.42648134601347,1,bad
9000001092-1,2021-02-19,10.0,153.5858771607211,1,bad
9000001092-1,2021-02-19,11.0,178.42565597667618,1,bad
9000001092-1,2021-02-19,12.0,188.41121495327138,1,bad
9000001092-1,2021-02-19,13.0,193.0224017627616,1,bad
9000001092-1,2021-02-19,14.0,182.1943110454373,1,bad
9000001092-1,2021-02-19,15.0,166.0096690219415,1,bad
9000001092-1,2021-02-19,16.0,184.20467185761908,1,bad
9000001092-1,2021-02-20,7.0,81.40703517587949,0,good
9000001092-1,2021-02-20,8.0,122.1428571428569,0,good
9000001092-1,2021-02-20,9.0,159.05172413793105,0,good
9000001092-1,2021-02-20,10.0,190.8592321755031,0,good
9000001092-1,2021-02-20,11.0,176.3802559414994,0,good
9000001092-1,2021-02-20,12.0,175.08896797152988,0,good
9000001092-1,2021-02-20,15.0,120.10820559062219,0,good
9000001092-1,2021-02-20,16.0,122.9526257803892,0,good
9000001092-1,2021-02-20,17.0,135.1299326275264,0,good
9000001092-1,2021-02-21,7.0,23.1030577576444,0,good
9000001092-1,2021-02-21,8.0,59.93485342019541,0,good
9000001092-1,2021-02-21,9.0,88.37545126353784,0,good
9000001092-1,2021-02-21,10.0,118.56731165088527,0,good
9000001092-1,2021-02-21,11.0,95.72649572649564,0,good
9000001092-1,2021-02-21,12.0,106.85920577617355,0,good
9000001092-1,2021-02-21,13.0,84.43782576321667,0,good
9000001092-1,2021-02-21,14.0,84.60955269143288,0,good
9000001092-1,2021-02-21,16.0,95.43446244477181,0,good
9000001092-1,2021-02-21,17.0,104.6979865771811,0,good
9000001092-1,2021-02-22,7.0,118.07887543928175,1,good
9000001092-1,2021-02-22,8.0,159.0942293644993,1,good
9000001092-1,2021-02-22,9.0,160.3448275862066,1,good
9000001092-1,2021-02-22,10.0,133.2365747460086,1,good
9000001092-1,2021-02-22,11.0,113.32357247437768,1,good
9000001092-1,2021-02-22,12.0,145.0018308311971,1,good
9000001092-1,2021-02-22,13.0,162.53731343283584,1,good
9000001092-1,2021-02-22,14.0,164.9057997783518,1,good
9000001092-1,2021-02-22,15.0,174.34380776340151,1,good
9000001092-1,2021-02-22,16.0,175.60975609756068,1,good
9000001092-1,2021-02-23,7.0,134.09350057012563,1,good
9000001092-1,2021-02-23,8.0,118.72480762183989,1,good
9000001092-1,2021-02-23,9.0,145.3496755587598,1,good
9000001092-1,2021-02-23,10.0,145.8227848101272,1,good
9000001092-1,2021-02-23,11.0,174.1297178453644,1,good
9000001092-1,2021-02-23,12.0,162.09797130133632,1,good
9000001092-1,2021-02-23,13.0,153.0558015943307,1,good
9000001092-1,2021-02-23,16.0,143.52159468438552,1,good
9000001092-1,2021-02-23,17.0,172.7315914489315,1,good
9000001092-1,2021-02-24,7.0,122.31759656652301,1,good
9000001092-1,2021-02-24,8.0,162.16216216216148,1,good
9000001092-1,2021-02-24,9.0,136.8421052631579,1,good
9000001092-1,2021-02-24,10.0,128.0116110304785,1,good
9000001092-1,2021-02-24,11.0,128.61690838344512,1,good
9000001092-1,2021-02-24,12.0,140.5251951738822,1,good
9000001092-1,2021-02-24,13.0,153.3834586466169,1,good
9000001092-1,2021-02-24,15.0,183.6938435940101,1,good
9000001092-1,2021-02-24,16.0,170.6034801925214,1,good
9000001092-1,2021-02-24,17.0,154.1147132169574,1,good
9000001092-1,2021-02-25,7.0,109.2466976079973,1,good
9000001092-1,2021-02-25,8.0,164.9454545454547,1,good
9000001092-1,2021-02-25,9.0,136.44314868804602,1,good
9000001092-1,2021-02-25,10.0,154.979934330536,1,good
9000001092-1,2021-02-25,11.0,112.6186291739892,1,good
9000001092-1,2021-02-25,12.0,173.96825396825352,1,good
9000001092-1,2021-02-25,13.0,145.64983888292198,1,good
9000001092-1,2021-02-25,16.0,161.9469026548675,1,good
9000001092-1,2021-02-25,17.0,159.5294117647053,1,good
9000001092-1,2021-02-26,7.0,113.6706135629712,1,good
9000001092-1,2021-02-26,8.0,162.8140703517588,1,good
9000001092-1,2021-02-26,9.0,143.7386569872959,1,good
9000001092-1,2021-02-26,10.0,169.4424330195509,1,good
9000001092-1,2021-02-26,11.0,149.2494639027883,1,good
9000001092-1,2021-02-26,12.0,163.4635691657867,1,good
9000001092-1,2021-02-26,13.0,189.54154727793642,1,good
9000001092-1,2021-02-26,14.0,178.8273615635181,1,good
9000001092-1,2021-02-26,16.0,177.75993576876738,1,good
9000001092-1,2021-02-26,17.0,203.7481259370313,1,good
9000001092-1,2021-02-27,7.0,69.90291262135922,0,good
9000001092-1,2021-02-27,8.0,111.15147112241215,0,good
9000001092-1,2021-02-27,9.0,189.1970802919701,0,good
9000001092-1,2021-02-27,10.0,154.0740740740738,0,good
9000001092-1,2021-02-27,11.0,129.94652406417154,0,good
9000001092-1,2021-02-27,12.0,146.72489082969435,0,good
9000001092-1,2021-02-27,13.0,150.43988269794684,0,good
9000001092-1,2021-02-27,14.0,120.24144869215301,0,good
9000001092-1,2021-02-27,16.0,127.12049508554779,0,good
9000001092-1,2021-02-27,17.0,130.90909090909082,0,good
9000001092-1,2021-02-28,7.0,22.752808988764,0,bad
9000001092-1,2021-02-28,8.0,38.10218978102189,0,bad
9000001092-1,2021-02-28,9.0,72.74063188831741,0,bad
9000001092-1,2021-02-28,10.0,73.36050389032974,0,bad
9000001092-1,2021-02-28,11.0,81.19316114950891,0,bad
9000001092-1,2021-02-28,12.0,91.29975343430766,0,bad
9000001092-1,2021-02-28,13.0,98.48812095032393,0,bad
9000001092-1,2021-02-28,14.0,80.43243243243239,0,bad
9000001092-1,2021-02-28,16.0,86.33720930232559,0,bad
9000001092-1,2021-02-28,17.0,91.27516778523491,0,bad
9000001092-1,2021-03-01,7.0,166.054054054054,1,good
9000001092-1,2021-03-01,8.0,149.2780451684562,1,good
9000001092-1,2021-03-01,9.0,142.22544400144972,1,good
9000001092-1,2021-03-01,10.0,96.05263157894737,1,good
9000001092-1,2021-03-01,11.0,118.43817787418662,1,good
9000001092-1,2021-03-01,12.0,146.1018155927376,1,good
9000001092-1,2021-03-01,13.0,172.3054439166969,1,good
9000001092-1,2021-03-01,14.0,166.2356852604362,1,good
9000001092-1,2021-03-01,16.0,156.8685376661743,1,good
9000001092-1,2021-03-01,17.0,171.4939024390248,1,good
9000001092-1,2021-03-02,7.0,172.8412755284851,1,good
9000001092-1,2021-03-02,8.0,172.4863883847545,1,good
9000001092-1,2021-03-02,9.0,117.67241379310342,1,good
9000001092-1,2021-03-02,10.0,101.40845070422553,1,good
9000001092-1,2021-03-02,11.0,122.23016440314537,1,good
9000001092-1,2021-03-02,12.0,160.9228550829129,1,good
9000001092-1,2021-03-02,13.0,157.47579777698138,1,good
9000001092-1,2021-03-02,14.0,197.4148061104581,1,good
9000001092-1,2021-03-02,16.0,177.662337662338,1,good
9000001092-1,2021-03-02,17.0,126.38580931263832,1,good
9000001092-1,2021-03-03,7.0,160.5995717344756,1,good
9000001092-1,2021-03-03,8.0,166.6666666666663,1,good
9000001092-1,2021-03-03,9.0,137.7414561664184,1,good
9000001092-1,2021-03-03,10.0,117.8841309823675,1,good
9000001092-1,2021-03-03,11.0,106.93069306930704,1,good
9000001092-1,2021-03-03,12.0,165.3710247349821,1,good
9000001092-1,2021-03-03,13.0,175.6414889772321,1,good
9000001092-1,2021-03-03,14.0,163.83233532934088,1,good
9000001092-1,2021-03-03,16.0,189.6846011131727,1,good
9000001092-1,2021-03-03,17.0,177.5121404557332,1,good
9000001092-1,2021-03-04,7.0,182.535211267606,1,good
9000001092-1,2021-03-04,8.0,180.12958963282898,1,good
9000001092-1,2021-03-04,9.0,161.23253314224328,1,good
9000001092-1,2021-03-04,10.0,108.15450643776809,1,good
9000001092-1,2021-03-04,11.0,132.02933985330029,1,good
9000001092-1,2021-03-04,12.0,168.2719546742205,1,good
9000001092-1,2021-03-04,13.0,171.6781943938839,1,good
9000001092-1,2021-03-04,14.0,131.9034852546919,1,good
9000001092-1,2021-03-04,16.0,173.01293900184828,1,good
9000001092-1,2021-03-04,17.0,181.3432835820901,1,good
9000001092-1,2021-03-05,7.0,165.9528130671507,1,bad
9000001092-1,2021-03-05,8.0,187.7461706783367,1,bad
9000001092-1,2021-03-05,9.0,127.480634452232,1,bad
9000001092-1,2021-03-05,10.0,163.3369923161361,1,bad
9000001092-1,2021-03-05,11.0,159.7269624573376,1,bad
9000001092-1,2021-03-05,12.0,196.5023847376792,1,bad
9000001092-1,2021-03-05,13.0,194.0119760479037,1,bad
9000001092-1,2021-03-05,15.0,198.9511899959661,1,bad
9000001092-1,2021-03-05,16.0,203.7230081906181,1,bad
9000001092-1,2021-03-05,17.0,215.73529411764702,1,bad
9000001092-1,2021-03-06,7.0,90.76704545454555,0,bad
9000001092-1,2021-03-06,8.0,155.6614144375226,0,bad
9000001092-1,2021-03-06,9.0,159.94173343044412,0,bad
9000001092-1,2021-03-06,10.0,127.95261014439069,0,bad
9000001092-1,2021-03-06,11.0,159.57926371149452,0,bad
9000001092-1,2021-03-06,12.0,147.2022955523674,0,bad
9000001092-1,2021-03-06,13.0,132.9885482083484,0,bad
9000001092-1,2021-03-06,14.0,117.11645101663575,0,bad
9000001092-1,2021-03-06,16.0,122.0111731843575,0,bad
9000001092-1,2021-03-06,17.0,126.4081931236282,0,bad
9000001092-1,2021-03-07,7.0,26.837060702875398,0,bad
9000001092-1,2021-03-07,8.0,58.78084179970973,0,bad
9000001092-1,2021-03-07,9.0,73.41587764020386,0,bad
9000001092-1,2021-03-07,10.0,45.78488372093022,0,bad
9000001092-1,2021-03-07,11.0,101.59189580318377,0,bad
9000001092-1,2021-03-07,12.0,122.81449893390173,0,bad
9000001092-1,2021-03-07,13.0,84.62929475587703,0,bad
9000001092-1,2021-03-07,14.0,76.9115442278861,0,bad
9000001092-1,2021-03-07,16.0,100.25650421399772,0,bad
9000001092-1,2021-03-07,17.0,110.13638039071131,0,bad
9000001092-1,2021-03-08,7.0,169.81132075471692,1,good
9000001092-1,2021-03-08,8.0,188.92128279883318,1,good
9000001092-1,2021-03-08,9.0,120.13057671381961,1,good
9000001092-1,2021-03-08,10.0,119.9565374864178,1,good
9000001092-1,2021-03-08,11.0,147.0967741935485,1,good
9000001092-1,2021-03-08,12.0,157.0172353148079,1,good
9000001092-1,2021-03-08,13.0,170.9352517985607,1,good
9000001092-1,2021-03-08,14.0,184.8726114649679,1,good
9000001092-1,2021-03-08,16.0,143.5784851811191,1,good
9000001092-1,2021-03-08,17.0,197.99331103678978,1,good
9000001092-1,2021-03-09,7.0,158.2132564841499,1,bad
9000001092-1,2021-03-09,8.0,180.6545454545456,1,bad
9000001092-1,2021-03-09,9.0,118.73867343240339,1,bad
9000001092-1,2021-03-09,10.0,103.7353255069371,1,bad
9000001092-1,2021-03-09,11.0,155.12820512820508,1,bad
9000001092-1,2021-03-09,12.0,172.5766654917173,1,bad
9000001092-1,2021-03-09,13.0,197.2779369627503,1,bad
9000001092-1,2021-03-09,14.0,163.93442622950852,1,bad
9000001092-1,2021-03-09,16.0,167.1333824613116,1,bad
9000001092-1,2021-03-09,17.0,179.13108057927923,1,bad
9000001092-1,2021-03-10,7.0,162.4060150375939,1,bad
9000001092-1,2021-03-10,8.0,206.5789473684209,1,bad
9000001092-1,2021-03-10,9.0,138.9610389610396,1,bad
9000001092-1,2021-03-10,10.0,75.96566523605145,1,bad
9000001092-1,2021-03-10,11.0,165.9344616492617,1,bad
9000001092-1,2021-03-10,12.0,174.7826086956525,1,bad
9000001092-1,2021-03-10,13.0,198.27213822894132,1,bad
9000001092-1,2021-03-10,14.0,177.6795580110497,1,bad
9000001092-1,2021-03-10,16.0,199.24184988627724,1,bad
9000001092-1,2021-03-10,17.0,191.3305691669813,1,bad
9000001092-1,2021-03-11,7.0,198.6206896551722,1,bad
9000001092-1,2021-03-11,8.0,181.1816192560175,1,bad
9000001092-1,2021-03-11,9.0,133.8722716248993,1,bad
9000001092-1,2021-03-11,13.0,182.0580474934042,1,bad
9000001092-1,2021-03-11,14.0,184.2046718576195,1,bad
9000001092-1,2021-03-11,15.0,179.01279707495488,1,bad
9000001092-1,2021-03-11,16.0,223.994038748137,1,bad
9000001092-1,2021-03-11,17.0,204.88977955911798,1,bad
9000001092-1,2021-03-12,7.0,165.7289002557543,1,bad
9000001092-1,2021-03-12,8.0,219.1419141914192,1,bad
9000001092-1,2021-03-12,9.0,150.96335474121642,1,bad
9000001092-1,2021-03-12,10.0,164.8854961832066,1,bad
9000001092-1,2021-03-12,11.0,191.6451016635859,1,bad
9000001092-1,2021-03-12,12.0,194.3757030371204,1,bad
9000001092-1,2021-03-12,13.0,222.74916635790998,1,bad
9000001092-1,2021-03-12,14.0,209.63045912653925,1,bad
9000001092-1,2021-03-12,15.0,212.0765832106045,1,bad
9000001092-1,2021-03-12,16.0,248.18383988139303,1,bad
9000001092-1,2021-03-12,17.0,213.54764638346802,1,bad
9000001092-1,2021-03-13,7.0,97.09013484740962,0,bad
9000001092-1,2021-03-13,8.0,136.758321273517,0,bad
9000001092-1,2021-03-13,9.0,186.40776699029124,0,bad
9000001092-1,2021-03-13,10.0,150.53254437869805,0,bad
9000001092-1,2021-03-13,11.0,149.24829157175373,0,bad
9000001092-1,2021-03-13,12.0,173.29700272479602,0,bad
9000001092-1,2021-03-13,13.0,139.2070484581495,0,bad
9000001092-1,2021-03-13,16.0,113.42835708927241,0,bad
9000001092-1,2021-03-13,17.0,123.08823529411751,0,bad
9000001092-1,2021-03-14,7.0,22.02231018351925,0,bad
9000001092-1,2021-03-14,8.0,43.294460641399375,0,bad
9000001092-1,2021-03-14,9.0,75.29751172015865,0,bad
9000001092-1,2021-03-14,10.0,88.09349890430978,0,bad
9000001092-1,2021-03-14,11.0,115.61461794019924,0,bad
9000001092-1,2021-03-14,12.0,118.1648638567701,0,bad
9000001092-1,2021-03-14,13.0,59.471365638766514,0,bad
9000001092-1,2021-03-14,14.0,59.624585940375496,0,bad
9000001092-1,2021-03-14,15.0,75.3926701570681,0,bad
9000001092-1,2021-03-14,16.0,78.8897005113221,0,bad
9000001092-1,2021-03-14,17.0,80.26565464895633,0,bad
9000001092-1,2021-03-15,7.0,177.47391147894928,1,good
9000001092-1,2021-03-15,8.0,190.254872563718,1,good
9000001092-1,2021-03-15,9.0,99.67213114754091,1,good
9000001092-1,2021-03-15,10.0,126.03938730853409,1,good
9000001092-1,2021-03-15,11.0,142.88864388092622,1,good
9000001092-1,2021-03-15,12.0,169.1009174311927,1,good
9000001092-1,2021-03-15,13.0,198.54862119012995,1,good
9000001092-1,2021-03-15,14.0,172.4863883847547,1,good
9000001092-1,2021-03-15,16.0,177.4001699235339,1,good
9000001092-1,2021-03-15,17.0,202.24719101123546,1,good
9000001092-1,2021-03-16,6.0,144.5856634468735,1,good
9000001092-1,2021-03-16,7.0,183.3572453371596,1,good
9000001092-1,2021-03-16,8.0,179.8687089715539,1,good
9000001092-1,2021-03-16,9.0,129.23760177646201,1,good
9000001092-1,2021-03-16,10.0,106.54827968923472,1,good
9000001092-1,2021-03-16,11.0,153.2193524918153,1,good
9000001092-1,2021-03-16,12.0,174.1176470588231,1,good
9000001092-1,2021-03-16,14.0,139.9339933993398,1,good
9000001092-1,2021-03-16,15.0,207.3578595317733,1,good
9000001092-1,2021-03-16,16.0,178.4514543219989,1,good
9000001092-1,2021-03-16,17.0,202.7601641178664,1,good
9000001092-1,2021-03-17,6.0,123.65217391304304,1,bad
9000001092-1,2021-03-17,7.0,185.31317494600398,1,bad
9000001092-1,2021-03-17,8.0,188.77887788778852,1,bad
9000001092-1,2021-03-17,9.0,102.81995661605211,1,bad
9000001092-1,2021-03-17,10.0,112.3760558207859,1,bad
9000001092-1,2021-03-17,11.0,154.5121056493034,1,bad
9000001092-1,2021-03-17,12.0,151.085383502171,1,bad
9000001092-1,2021-03-17,13.0,180.436540016168,1,bad
9000001092-1,2021-03-17,14.0,163.9941690962098,1,bad
9000001092-1,2021-03-17,16.0,168.28721017202682,1,bad
9000001092-1,2021-03-17,17.0,121.56561780506523,1,bad
9000001092-1,2021-03-18,6.0,121.42517814726847,1,bad
9000001092-1,2021-03-18,7.0,190.28571428571462,1,bad
9000001092-1,2021-03-18,8.0,202.62664165103232,1,bad
9000001092-1,2021-03-18,9.0,122.43125904486219,1,bad
9000001092-1,2021-03-18,10.0,134.5310815666546,1,bad
9000001092-1,2021-03-18,11.0,147.6923076923077,1,bad
9000001092-1,2021-03-18,12.0,157.7749683944377,1,bad
9000001092-1,2021-03-18,13.0,189.39984411535514,1,bad
9000001092-1,2021-03-18,14.0,163.7636080870916,1,bad
9000001092-1,2021-03-18,15.0,199.592335915206,1,bad
9000001092-1,2021-03-18,16.0,212.47216035634762,1,bad
9000001092-1,2021-03-18,17.0,200.44843049327372,1,bad
9000001092-1,2021-03-19,6.0,119.07216494845397,1,bad
9000001092-1,2021-03-19,7.0,163.5193133047207,1,bad
9000001092-1,2021-03-19,8.0,199.2668621700871,1,bad
9000001092-1,2021-03-19,9.0,88.90527091780315,1,bad
9000001092-1,2021-03-19,10.0,150.9296390812974,1,bad
9000001092-1,2021-03-19,11.0,168.6059275521403,1,bad
9000001092-1,2021-03-19,12.0,193.6496077698915,1,bad
9000001092-1,2021-03-19,13.0,239.2623895505193,1,bad
9000001092-1,2021-03-19,14.0,202.40963855421654,1,bad
9000001092-1,2021-03-19,15.0,222.8782287822872,1,bad
9000001092-1,2021-03-19,16.0,155.1063829787235,1,bad
9000001092-1,2021-03-19,17.0,182.05980066445193,1,bad
9000001092-1,2021-03-20,6.0,50.832072617246624,0,bad
9000001092-1,2021-03-20,7.0,91.81034482758615,0,bad
9000001092-1,2021-03-20,8.0,149.4440326167535,0,bad
9000001092-1,2021-03-20,9.0,106.19082301529505,0,bad
9000001092-1,2021-03-20,10.0,145.81581964080956,0,bad
9000001092-1,2021-03-20,11.0,189.97005988024003,0,bad
9000001092-1,2021-03-20,12.0,137.70491803278637,0,bad
9000001092-1,2021-03-20,13.0,115.70003694126291,0,bad
9000001092-1,2021-03-20,14.0,127.0903010033447,0,bad
9000001092-1,2021-03-20,16.0,86.3654538184727,0,bad
9000001092-1,2021-03-20,17.0,89.45783132530109,0,bad
9000001092-1,2021-03-21,6.0,10.9215017064846,0,bad
9000001092-1,2021-03-21,7.0,30.06535947712422,0,bad
9000001092-1,2021-03-21,8.0,60.3351955307262,0,bad
9000001092-1,2021-03-21,9.0,57.683903860160164,0,bad
9000001092-1,2021-03-21,10.0,87.8048780487806,0,bad
9000001092-1,2021-03-21,11.0,103.01003344481646,0,bad
9000001092-1,2021-03-21,12.0,109.764065335753,0,bad
9000001092-1,2021-03-21,13.0,79.2660550458716,0,bad
9000001092-1,2021-03-21,14.0,91.20715350223541,0,bad
9000001092-1,2021-03-21,16.0,92.7557879014191,0,bad
9000001092-1,2021-03-21,17.0,81.69440242057499,0,bad
9000001092-1,2021-03-22,6.0,113.67061356297116,1,good
9000001092-1,2021-03-22,7.0,197.5850713501644,1,good
9000001092-1,2021-03-22,8.0,209.8774600816929,1,good
9000001092-1,2021-03-22,9.0,90.0326205146792,1,good
9000001092-1,2021-03-22,10.0,136.7088607594937,1,good
9000001092-1,2021-03-22,11.0,205.5576703464029,1,good
9000001092-1,2021-03-22,12.0,144.7761194029847,1,good
9000001092-1,2021-03-22,13.0,193.474088291747,1,good
9000001092-1,2021-03-22,14.0,173.4782608695652,1,good
9000001092-1,2021-03-22,15.0,192.4752475247526,1,good
9000001092-1,2021-03-22,16.0,181.4323607427063,1,good
9000001092-1,2021-03-22,17.0,172.7896066402021,1,good
9000001092-1,2021-03-23,6.0,106.74196964348732,1,good
9000001092-1,2021-03-23,7.0,185.72996706915438,1,good
9000001092-1,2021-03-23,8.0,189.68023255813972,1,good
9000001092-1,2021-03-23,9.0,87.23327305605787,1,good
9000001092-1,2021-03-23,10.0,156.8656169901132,1,good
9000001092-1,2021-03-23,11.0,195.55231498359498,1,good
9000001092-1,2021-03-23,12.0,192.973560304238,1,good
9000001092-1,2021-03-23,13.0,177.3722627737219,1,good
9000001092-1,2021-03-23,14.0,173.2330827067672,1,good
9000001092-1,2021-03-23,17.0,159.4095940959408,1,good
9000001092-1,2021-03-24,6.0,121.40575079872147,1,good
9000001092-1,2021-03-24,7.0,199.9274047186931,1,good
9000001092-1,2021-03-24,8.0,180.9176984705032,1,good
9000001092-1,2021-03-24,9.0,101.31578947368419,1,good
9000001092-1,2021-03-24,10.0,110.62569418733823,1,good
9000001092-1,2021-03-24,11.0,153.7459283387625,1,good
9000001092-1,2021-03-24,12.0,160.2026049204049,1,good
9000001092-1,2021-03-24,13.0,190.6501095690281,1,good
9000001092-1,2021-03-24,14.0,157.1055576277509,1,good
9000001092-1,2021-03-24,16.0,106.6235864297253,1,good
9000001092-1,2021-03-24,17.0,141.30841121495308,1,good
9000001092-1,2021-03-25,6.0,129.2553191489365,1,good
9000001092-1,2021-03-25,7.0,162.3478883321404,1,good
9000001092-1,2021-03-25,8.0,200.23174971031352,1,good
9000001092-1,2021-03-25,9.0,112.78034887860451,1,good
9000001092-1,2021-03-25,10.0,146.2333825701618,1,good
9000001092-1,2021-03-25,11.0,173.4939759036145,1,good
9000001092-1,2021-03-25,12.0,159.4192377495457,1,good
9000001092-1,2021-03-25,13.0,205.790645879733,1,good
9000001092-1,2021-03-25,14.0,202.7798098024877,1,good
9000001092-1,2021-03-25,16.0,151.24572545188119,1,good
9000001092-1,2021-03-25,17.0,164.30426716141056,1,good
9000001092-1,2021-03-26,6.0,104.45151033386358,1,good
9000001092-1,2021-03-26,7.0,159.7359735973595,1,good
9000001092-1,2021-03-26,8.0,190.728476821192,1,good
9000001092-1,2021-03-26,9.0,111.32686084142418,1,good
9000001092-1,2021-03-26,10.0,161.90127970749597,1,good
9000001092-1,2021-03-26,11.0,167.9300291545188,1,good
9000001092-1,2021-03-26,12.0,206.46098003629743,1,good
9000001092-1,2021-03-26,13.0,214.39532334672938,1,good
9000001092-1,2021-03-26,14.0,202.1714713590415,1,good
9000001092-1,2021-03-26,16.0,151.4805194805198,1,good
9000001092-1,2021-03-26,17.0,117.4793698424612,1,good
9000001092-1,2021-03-27,6.0,48.894062863795156,0,bad
9000001092-1,2021-03-27,7.0,84.44604835799353,0,bad
9000001092-1,2021-03-27,8.0,127.33118971061059,0,bad
9000001092-1,2021-03-27,9.0,170.007209805335,0,bad
9000001092-1,2021-03-27,10.0,197.17083786724726,0,bad
9000001092-1,2021-03-27,11.0,168.52718761253232,0,bad
9000001092-1,2021-03-27,12.0,187.9083740142698,0,bad
9000001092-1,2021-03-27,13.0,127.3058694859646,0,bad
9000001092-1,2021-03-27,14.0,134.32835820895588,0,bad
9000001092-1,2021-03-27,15.0,107.97366495976596,0,bad
9000001092-1,2021-03-27,16.0,122.51308900523543,0,bad
9000001092-1,2021-03-27,17.0,125.10166358595177,0,bad
9000001092-1,2021-03-28,7.0,21.309655937846827,0,bad
9000001092-1,2021-03-28,8.0,35.46151039766508,0,bad
9000001092-1,2021-03-28,9.0,55.506607929515404,0,bad
9000001092-1,2021-03-28,10.0,107.50279955207166,0,bad
9000001092-1,2021-03-28,11.0,127.49631087063396,0,bad
9000001092-1,2021-03-28,12.0,110.01472754050064,0,bad
9000001092-1,2021-03-28,13.0,61.86029137093758,0,bad
9000001092-1,2021-03-28,14.0,78.58487015430931,0,bad
9000001092-1,2021-03-28,15.0,122.8178998670805,0,bad
9000001092-1,2021-03-28,17.0,88.0692510350018,0,bad
9000001092-1,2021-03-28,18.0,98.0132450331126,0,bad
9000001092-1,2021-03-29,7.0,149.01960784313695,1,good
9000001092-1,2021-03-29,8.0,149.2906511458709,1,good
9000001092-1,2021-03-29,9.0,124.00146573836571,1,good
9000001092-1,2021-03-29,10.0,116.002896451846,1,good
9000001092-1,2021-03-29,11.0,152.8662420382162,1,good
9000001092-1,2021-03-29,12.0,134.28981348637058,1,good
9000001092-1,2021-03-29,13.0,185.1203501094093,1,good
9000001092-1,2021-03-29,14.0,141.6481069042313,1,good
9000001092-1,2021-03-29,15.0,152.5650557620822,1,good
9000001092-1,2021-03-29,16.0,192.43140964995268,1,good
9000001092-1,2021-03-29,18.0,74.30888315517873,1,good
9000001092-1,2021-03-30,7.0,180.640569395017,1,good
9000001092-1,2021-03-30,8.0,190.2439024390248,1,good
9000001092-1,2021-03-30,9.0,152.77475516866159,1,good
9000001092-1,2021-03-30,10.0,122.36135957066222,1,good
9000001092-1,2021-03-30,11.0,142.6512968299708,1,good
9000001092-1,2021-03-30,12.0,169.42675159235648,1,good
9000001092-1,2021-03-30,13.0,193.7861271676294,1,good
9000001092-1,2021-03-30,14.0,184.7883102285505,1,good
9000001092-1,2021-03-30,15.0,188.5714285714283,1,good
9000001092-1,2021-03-30,16.0,210.34482758620652,1,good
9000001092-1,2021-03-30,18.0,105.88235294117649,1,good
9000001092-1,2021-03-30,19.0,92.8649835345774,1,good
9000001092-1,2021-03-31,7.0,159.2920353982301,1,good
9000001092-1,2021-03-31,8.0,156.1793656580384,1,good
9000001092-1,2021-03-31,9.0,141.381818181818,1,good
9000001092-1,2021-03-31,10.0,85.9893048128341,1,good
9000001092-1,2021-03-31,11.0,145.2338450553368,1,good
9000001092-1,2021-03-31,12.0,149.0003507541217,1,good
9000001092-1,2021-03-31,13.0,172.9887149617764,1,good
9000001092-1,2021-03-31,14.0,167.5353685778108,1,good
9000001092-1,2021-03-31,15.0,167.5953079178878,1,good
9000001092-1,2021-03-31,16.0,168.0636604774535,1,good
9000001092-1,2021-03-31,18.0,91.72821270310192,1,good
9000001092-1,2021-03-31,19.0,139.3675027262812,1,good
9000001092-1,2021-04-01,7.0,106.14886731391576,1,good
9000001092-1,2021-04-01,8.0,139.9200871776244,1,good
9000001092-1,2021-04-01,9.0,139.2700729927002,1,good
9000001092-1,2021-04-01,10.0,125.89191098551723,1,good
9000001092-1,2021-04-01,11.0,148.56300663227708,1,good
9000001092-1,2021-04-01,12.0,164.41988950276308,1,good
9000001092-1,2021-04-01,13.0,157.8720345075481,1,good
9000001092-1,2021-04-01,14.0,160.9970674486799,1,good
9000001092-1,2021-04-01,15.0,128.6671630677588,1,good
9000001092-1,2021-04-01,16.0,138.5813148788929,1,good
9000001092-1,2021-04-01,18.0,104.54206999255402,1,good
9000001092-1,2021-04-02,7.0,145.67307692307648,1,good
9000001092-1,2021-04-02,8.0,149.7029702970297,1,good
9000001092-1,2021-04-02,9.0,173.15748642358452,1,good
9000001092-1,2021-04-02,10.0,216.4026095060578,1,good
9000001092-1,2021-04-02,12.0,208.5445329471397,1,good
9000001092-1,2021-04-02,13.0,161.99330606173328,1,good
9000001092-1,2021-04-02,14.0,174.33849226160785,1,good
9000001092-1,2021-04-02,15.0,162.34177215189848,1,good
9000001092-1,2021-04-02,16.0,173.53198948290952,1,good
9000001092-1,2021-04-02,18.0,61.016949152542395,1,good
9000001092-1,2021-04-02,19.0,135.7438016528923,1,good
9000001092-1,2021-04-03,7.0,52.96017222820231,0,bad
9000001092-1,2021-04-03,8.0,95.8380202474691,0,bad
9000001092-1,2021-04-03,9.0,112.28070175438592,0,bad
9000001092-1,2021-04-03,10.0,105.9633027522935,0,bad
9000001092-1,2021-04-03,11.0,156.21019108280285,0,bad
9000001092-1,2021-04-03,12.0,139.40480458945922,0,bad
9000001092-1,2021-04-03,13.0,108.10419681620859,0,bad
9000001092-1,2021-04-03,14.0,109.6916299559474,0,bad
9000001092-1,2021-04-03,15.0,108.31139526137662,0,bad
9000001092-1,2021-04-03,16.0,84.1870824053452,0,bad
9000001092-1,2021-04-03,18.0,109.50570342205333,0,bad
9000001092-1,2021-04-03,19.0,57.457347275729305,0,bad
9000001092-1,2021-04-04,7.0,15.12605042016807,0,good
9000001092-1,2021-04-04,8.0,41.76939811457579,0,good
9000001092-1,2021-04-04,9.0,43.56435643564352,0,good
9000001092-1,2021-04-04,10.0,48.40116279069764,0,good
9000001092-1,2021-04-04,11.0,78.5257615644979,0,good
9000001092-1,2021-04-04,12.0,87.88576692768311,0,good
9000001092-1,2021-04-04,13.0,63.90532544378699,0,good
9000001092-1,2021-04-04,14.0,53.7513997760359,0,good
9000001092-1,2021-04-04,15.0,72.98193881312194,0,good
9000001092-1,2021-04-04,16.0,75.820170109356,0,good
9000001092-1,2021-04-04,18.0,40.19352437662821,0,good
9000001092-1,2021-04-04,19.0,77.10351861295266,0,good
9000001092-1,2021-04-05,7.0,29.15492957746475,1,bad
9000001092-1,2021-04-05,8.0,46.88856729377713,1,bad
9000001092-1,2021-04-05,9.0,58.67439333574786,1,bad
9000001092-1,2021-04-05,10.0,71.69274537695597,1,bad
9000001092-1,2021-04-05,11.0,71.17181883537032,1,bad
9000001092-1,2021-04-05,12.0,62.11267605633795,1,bad
9000001092-1,2021-04-05,13.0,72.30443974630015,1,bad
9000001092-1,2021-04-05,14.0,80.5194805194805,1,bad
9000001092-1,2021-04-05,15.0,68.5098743267504,1,bad
9000001092-1,2021-04-05,16.0,52.4271844660194,1,bad
9000001092-1,2021-04-05,17.0,82.8856485034535,1,bad
9000001092-1,2021-04-05,18.0,80.94218415417551,1,bad
9000001092-1,2021-04-05,19.0,74.01159725882977,1,bad
9000001092-1,2021-04-06,7.0,140.79207920792052,1,bad
9000001092-1,2021-04-06,8.0,127.1991166728011,1,bad
9000001092-1,2021-04-06,9.0,111.7845117845117,1,bad
9000001092-1,2021-04-06,10.0,118.84272997032639,1,bad
9000001092-1,2021-04-06,11.0,125.2405625462621,1,bad
9000001092-1,2021-04-07,7.0,103.6247334754799,1,bad
9000001092-1,2021-04-07,8.0,125.4046446164677,1,bad
9000001092-1,2021-04-07,9.0,80.95756256800864,1,bad
9000001092-1,2021-04-07,10.0,108.4625609215772,1,bad
9000001092-1,2021-04-07,11.0,182.72138228941702,1,bad
9000001092-1,2021-04-07,12.0,113.27305605786665,1,bad
9000001092-1,2021-04-07,13.0,150.35460992907758,1,bad
9000001092-1,2021-04-07,14.0,128.69735553379002,1,bad
9000001092-1,2021-04-07,15.0,169.9115044247788,1,bad
9000001092-1,2021-04-07,16.0,127.1523178807949,1,bad
9000001092-1,2021-04-07,17.0,130.7150796591329,1,bad
9000001092-1,2021-04-07,18.0,98.29351535836176,1,bad
9000001092-1,2021-04-07,19.0,83.26530612244896,1,bad
9000001092-1,2021-04-08,7.0,121.2903225806458,1,bad
9000001092-1,2021-04-08,8.0,133.28493647912848,1,bad
9000001092-1,2021-04-08,9.0,85.43263964950717,1,bad
9000001092-1,2021-04-08,10.0,125.34099066762425,1,bad
9000001092-1,2021-04-08,11.0,151.9823788546254,1,bad
9000001092-1,2021-04-08,12.0,146.3101604278075,1,bad
9000001092-1,2021-04-08,13.0,132.22902412675543,1,bad
9000001092-1,2021-04-08,14.0,131.6586627262648,1,bad
9000001092-1,2021-04-08,15.0,143.1516936671579,1,bad
9000001092-1,2021-04-08,16.0,179.68476357267951,1,bad
9000001092-1,2021-04-08,18.0,38.76717415521721,1,bad
9000001092-1,2021-04-08,19.0,114.6689019279135,1,bad
9000001092-1,2021-04-09,7.0,111.64803461954574,1,good
9000001092-1,2021-04-09,8.0,131.29884629698572,1,good
9000001092-1,2021-04-09,9.0,98.63013698630141,1,good
9000001092-1,2021-04-09,10.0,94.8051948051948,1,good
9000001092-1,2021-04-09,11.0,130.0558659217872,1,good
9000001092-1,2021-04-09,12.0,158.8431590656286,1,good
9000001092-1,2021-04-09,13.0,150.59502344031674,1,good
9000001092-1,2021-04-09,14.0,159.2920353982298,1,good
9000001092-1,2021-04-09,15.0,169.7497279651791,1,good
9000001092-1,2021-04-09,16.0,203.71352785145922,1,good
9000001092-1,2021-04-09,17.0,177.019568489714,1,good
9000001092-1,2021-04-09,18.0,134.56464379947238,1,good
9000001092-1,2021-04-09,19.0,118.39671120246629,1,good
9000001092-1,2021-04-10,7.0,70.2376729336644,0,good
9000001092-1,2021-04-10,8.0,108.62619808306698,0,good
9000001092-1,2021-04-10,9.0,132.22902412675592,0,good
9000001092-1,2021-04-10,11.0,127.97783933518039,0,good
9000001092-1,2021-04-10,12.0,160.70147469111143,0,good
9000001092-1,2021-04-10,13.0,150.42185616713536,0,good
9000001092-1,2021-04-10,14.0,105.37236013338278,0,good
9000001092-1,2021-04-10,15.0,113.64148816234561,0,good
9000001092-1,2021-04-10,16.0,89.04593639575981,0,good
9000001092-1,2021-04-10,17.0,97.20176730486011,0,good
9000001092-1,2021-04-10,18.0,122.57586972612901,0,good
9000001092-1,2021-04-10,19.0,83.3908329226219,0,good
9000001092-1,2021-04-11,7.0,15.940959409594141,0,bad
9000001092-1,2021-04-11,8.0,34.02399127589973,0,bad
9000001092-1,2021-04-11,9.0,58.95196506550214,0,bad
9000001092-1,2021-04-11,10.0,82.0549927641099,0,bad
9000001092-1,2021-04-11,11.0,72.66055045871565,0,bad
9000001092-1,2021-04-11,12.0,69.45337620578776,0,bad
9000001092-1,2021-04-11,13.0,52.903225806451594,0,bad
9000001092-1,2021-04-11,14.0,73.68043087971274,0,bad
9000001092-1,2021-04-11,15.0,49.386281588447595,0,bad
9000001092-1,2021-04-11,16.0,79.26605504587167,0,bad
9000001092-1,2021-04-11,17.0,79.1788856304986,0,bad
9000001092-1,2021-04-11,18.0,81.18299445471341,0,bad
9000001092-1,2021-04-12,7.0,185.36226553880107,1,bad
9000001092-1,2021-04-12,8.0,183.6330275229362,1,bad
9000001092-1,2021-04-12,9.0,118.14409656733308,1,bad
9000001092-1,2021-04-12,10.0,137.9513633014003,1,bad
9000001092-1,2021-04-12,11.0,137.142857142857,1,bad
9000001092-1,2021-04-12,12.0,154.28571428571428,1,bad
9000001092-1,2021-04-12,13.0,164.8351648351644,1,bad
9000001092-1,2021-04-12,14.0,167.7514792899412,1,bad
9000001092-1,2021-04-12,15.0,171.8120805369131,1,bad
9000001092-1,2021-04-12,16.0,165.2721214365049,1,bad
9000001092-1,2021-04-12,17.0,127.70724421209889,1,bad
9000001092-1,2021-04-12,18.0,123.3685745534082,1,bad
9000001092-1,2021-04-13,7.0,201.4630577907829,1,bad
9000001092-1,2021-04-13,8.0,184.30939226519348,1,bad
9000001092-1,2021-04-13,9.0,172.162740899358,1,bad
9000001092-1,2021-04-13,10.0,152.9411764705879,1,bad
9000001092-1,2021-04-13,11.0,160.1147776183644,1,bad
9000001092-1,2021-04-13,12.0,170.9276844411983,1,bad
9000001092-1,2021-04-13,13.0,163.93442622950872,1,bad
9000001092-1,2021-04-13,15.0,199.6327579875133,1,bad
9000001092-1,2021-04-13,16.0,205.3283302063796,1,bad
9000001092-1,2021-04-13,17.0,170.1525865277261,1,bad
9000001092-1,2021-04-13,18.0,150.55514433752742,1,bad
9000001092-1,2021-04-13,19.0,86.8802106186924,1,bad
9000001092-1,2021-04-14,7.0,143.4782608695654,1,good
9000001092-1,2021-04-14,8.0,149.0817428880086,1,good
9000001092-1,2021-04-14,9.0,101.16788321167871,1,good
9000001092-1,2021-04-14,10.0,135.338345864662,1,good
9000001092-1,2021-04-14,11.0,159.85321100917417,1,good
9000001092-1,2021-04-14,12.0,179.01279707495488,1,good
9000001092-1,2021-04-14,13.0,160.42165788212688,1,good
9000001092-1,2021-04-14,15.0,183.09648466716598,1,good
9000001092-1,2021-04-14,16.0,182.7782290820469,1,good
9000001092-1,2021-04-14,19.0,123.18339100346049,1,good
9000001092-1,2021-04-15,7.0,176.94253704373008,1,good
9000001092-1,2021-04-15,8.0,179.5413178012377,1,good
9000001092-1,2021-04-15,9.0,88.31929696082027,1,good
9000001092-1,2021-04-15,10.0,153.96882928597353,1,good
9000001092-1,2021-04-15,11.0,166.82242990654163,1,good
9000001092-1,2021-04-15,12.0,154.5454545454547,1,good
9000001092-1,2021-04-15,13.0,190.0946831755286,1,good
9000001092-1,2021-04-15,14.0,211.52993348115368,1,good
9000001092-1,2021-04-15,15.0,179.5979151154128,1,good
9000001092-1,2021-04-15,16.0,179.07619423608378,1,good
9000001092-1,2021-04-15,18.0,55.054084296904115,1,good
9000001092-1,2021-04-15,19.0,127.8106508875741,1,good
9000001092-1,2021-04-16,7.0,154.641427011285,1,good
9000001092-1,2021-04-16,8.0,186.8108108108104,1,good
9000001092-1,2021-04-16,9.0,109.2091007583967,1,good
9000001092-1,2021-04-16,10.0,134.33799784714742,1,good
9000001092-1,2021-04-16,11.0,165.3663871673354,1,good
9000001092-1,2021-04-16,12.0,191.9289152165862,1,good
9000001092-1,2021-04-16,13.0,223.512123438648,1,good
9000001092-1,2021-04-16,14.0,236.13193403298328,1,good
9000001092-1,2021-04-16,15.0,225.5805381496506,1,good
9000001092-1,2021-04-16,16.0,257.7092511013215,1,good
9000001092-1,2021-04-16,18.0,52.45628642797671,1,good
9000001092-1,2021-04-16,19.0,134.5921450151054,1,good
9000001092-1,2021-04-17,6.0,39.94452149791951,0,good
9000001092-1,2021-04-17,7.0,60.327868852459034,0,good
9000001092-1,2021-04-17,8.0,133.6697909156457,0,good
9000001092-1,2021-04-17,9.0,95.18290474465766,0,good
9000001092-1,2021-04-17,10.0,151.8072289156628,0,good
9000001092-1,2021-04-17,11.0,184.74882544271807,0,good
9000001092-1,2021-04-17,12.0,159.97109826589562,0,good
9000001092-1,2021-04-17,13.0,150.81256771397662,0,good
9000001092-1,2021-04-17,14.0,152.5758129338688,0,good
9000001092-1,2021-04-17,15.0,119.1964285714287,0,good
9000001092-1,2021-04-17,16.0,110.5263157894737,0,good
9000001092-1,2021-04-17,19.0,133.8289962825286,0,good
9000001092-1,2021-04-18,6.0,5.29152376286134,0,bad
9000001092-1,2021-04-18,7.0,27.87750791974657,0,bad
9000001092-1,2021-04-18,8.0,46.088193456614505,0,bad
9000001092-1,2021-04-18,9.0,94.3287867910984,0,bad
9000001092-1,2021-04-18,10.0,91.48174659985685,0,bad
9000001092-1,2021-04-18,11.0,124.09335727109544,0,bad
9000001092-1,2021-04-18,12.0,95.07959479015916,0,bad
9000001092-1,2021-04-18,13.0,81.43626570915619,0,bad
9000001092-1,2021-04-18,14.0,81.61582852431982,0,bad
9000001092-1,2021-04-18,16.0,78.4029038112522,0,bad
9000001092-1,2021-04-18,17.0,89.87743985474357,0,bad
9000001092-1,2021-04-18,18.0,87.4815905743741,0,bad
9000001092-1,2021-04-18,19.0,58.4269662921348,0,bad
9000001092-1,2021-04-19,6.0,148.74476987447707,1,bad
9000001092-1,2021-04-19,7.0,162.27912008654837,1,bad
9000001092-1,2021-04-19,8.0,187.86084381939318,1,bad
9000001092-1,2021-04-19,9.0,171.93240264511428,1,bad
9000001092-1,2021-04-19,11.0,136.595107338992,1,bad
9000001092-1,2021-04-19,12.0,172.7036072889548,1,bad
9000001092-1,2021-04-19,13.0,136.8325791855199,1,bad
9000001092-1,2021-04-19,14.0,183.07400379506672,1,bad
9000001092-1,2021-04-19,15.0,175.0803858520903,1,bad
9000001092-1,2021-04-19,16.0,184.532374100719,1,bad
9000001092-1,2021-04-19,17.0,176.2611275964395,1,bad
9000001092-1,2021-04-19,18.0,142.76094276094258,1,bad
9000001092-1,2021-04-19,19.0,119.5366795366799,1,bad
9000001092-1,2021-04-20,7.0,162.1157969978556,1,bad
9000001092-1,2021-04-20,8.0,205.33333333333331,1,bad
9000001092-1,2021-04-20,9.0,143.1072210065645,1,bad
9000001092-1,2021-04-20,10.0,159.57446808510662,1,bad
9000001092-1,2021-04-20,11.0,188.6685552407929,1,bad
9000001092-1,2021-04-20,12.0,187.50000000000017,1,bad
9000001092-1,2021-04-20,13.0,198.7012987012986,1,bad
9000001092-1,2021-04-20,14.0,171.7431192660547,1,bad
9000001092-1,2021-04-20,16.0,224.43243243243148,1,bad
9000001092-1,2021-04-20,18.0,147.2966390647829,1,bad
9000001092-1,2021-04-20,19.0,138.666666666666,1,bad
9000001092-1,2021-04-21,6.0,111.42529614061857,1,bad
9000001092-1,2021-04-21,7.0,178.0219780219775,1,bad
9000001092-1,2021-04-21,8.0,192.74164570607292,1,bad
9000001092-1,2021-04-21,9.0,109.56521739130474,1,bad
9000001092-1,2021-04-21,10.0,123.84341637010694,1,bad
9000001092-1,2021-04-21,11.0,168.9034369885432,1,bad
9000001092-1,2021-04-21,12.0,203.6199095022626,1,bad
9000001092-1,2021-04-21,13.0,181.395348837209,1,bad
9000001092-1,2021-04-21,14.0,136.21621621621603,1,bad
9000001092-1,2021-04-21,15.0,165.8318425760289,1,bad
9000001092-1,2021-04-21,16.0,203.64333652924253,1,bad
9000001092-1,2021-04-21,18.0,164.41988950276289,1,bad
9000001092-1,2021-04-21,19.0,124.23208191126301,1,bad
9000001092-1,2021-04-22,6.0,135.49234135667402,1,good
9000001092-1,2021-04-22,7.0,188.6575735821966,1,good
9000001092-1,2021-04-22,8.0,173.38235294117638,1,good
9000001092-1,2021-04-22,9.0,110.68814055636909,1,good
9000001092-1,2021-04-22,10.0,161.30055511498782,1,good
9000001092-1,2021-04-22,11.0,175.9108444063434,1,good
9000001092-1,2021-04-22,13.0,209.75029726516013,1,good
9000001092-1,2021-04-22,14.0,217.2890025575441,1,good
9000001092-1,2021-04-22,15.0,215.86592178771036,1,good
9000001092-1,2021-04-22,16.0,215.9118727050181,1,good
9000001092-1,2021-04-22,17.0,200.8113590263697,1,good
9000001092-1,2021-04-22,19.0,147.40796393688922,1,good
9000001092-1,2021-04-23,6.0,123.89791183294605,1,good
9000001092-1,2021-04-23,7.0,168.236582694414,1,good
9000001092-1,2021-04-23,8.0,207.51208627742682,1,good
9000001092-1,2021-04-23,9.0,145.1507446422091,1,good
9000001092-1,2021-04-23,10.0,175.54679096450337,1,good
9000001092-1,2021-04-23,11.0,215.5611330225887,1,good
9000001092-1,2021-04-23,12.0,220.1104972375698,1,good
9000001092-1,2021-04-23,13.0,241.2371134020627,1,good
9000001092-1,2021-04-23,14.0,255.6213017751491,1,good
9000001092-1,2021-04-23,15.0,264.000000000001,1,good
9000001092-1,2021-04-23,16.0,258.1621621621612,1,good
9000001092-1,2021-04-23,17.0,173.66702937976038,1,good
9000001092-1,2021-04-23,19.0,173.14095449500527,1,good
9000001092-1,2021-04-24,6.0,51.607298001737576,0,good
9000001092-1,2021-04-24,7.0,61.78047908473359,0,good
9000001092-1,2021-04-24,8.0,160.31860970311385,0,good
9000001092-1,2021-04-24,9.0,111.20689655172359,0,good
9000001092-1,2021-04-24,10.0,187.64726883256006,0,good
9000001092-1,2021-04-24,11.0,172.10132001427033,0,good
9000001092-1,2021-04-24,12.0,188.7931034482758,0,good
9000001092-1,2021-04-24,13.0,154.39882697947138,0,good
9000001092-1,2021-04-24,14.0,138.2059800664454,0,good
9000001092-1,2021-04-24,15.0,125.8460394198583,0,good
9000001092-1,2021-04-24,16.0,147.3834104663581,0,good
9000001092-1,2021-04-24,17.0,118.8248095756255,0,good
9000001092-1,2021-04-24,19.0,106.31775700934573,0,good
9000001092-1,2021-04-25,6.0,19.2444761225944,0,good
9000001092-1,2021-04-25,7.0,21.95121951219511,0,good
9000001092-1,2021-04-25,8.0,67.97482413920775,0,good
9000001092-1,2021-04-25,9.0,76.37540453074428,0,good
9000001092-1,2021-04-25,10.0,122.77087033747806,0,good
9000001092-1,2021-04-25,11.0,138.31098223994178,0,good
9000001092-1,2021-04-25,12.0,136.31446087270118,0,good
9000001092-1,2021-04-25,13.0,100.62522986392061,0,good
9000001092-1,2021-04-25,14.0,98.46827133479218,0,good
9000001092-1,2021-04-25,15.0,86.3787375415282,0,good
9000001092-1,2021-04-25,16.0,83.30366678533284,0,good
9000001092-1,2021-04-25,17.0,97.47060919130739,0,good
9000001092-1,2021-04-25,19.0,94.31027425296757,0,good
9000001092-1,2021-04-26,6.0,82.6930693069307,1,bad
9000001092-1,2021-04-26,7.0,136.57458563535891,1,bad
9000001092-1,2021-04-26,8.0,173.6901620806633,1,bad
9000001092-1,2021-04-26,9.0,185.92923952826402,1,bad
9000001092-1,2021-04-26,10.0,192.73680269561982,1,bad
9000001092-1,2021-04-26,11.0,192.61992619926198,1,bad
9000001092-1,2021-04-26,12.0,161.79775280898863,1,bad
9000001092-1,2021-04-26,14.0,183.0238726790447,1,bad
9000001092-1,2021-04-26,16.0,201.7937219730943,1,bad
9000001092-1,2021-04-26,17.0,187.2527472527471,1,bad
9000001092-1,2021-04-26,18.0,165.9479553903348,1,bad
9000001092-1,2021-04-26,19.0,134.93044822256573,1,bad
9000001092-1,2021-04-27,7.0,48.356309650053035,1,bad
9000001092-1,2021-04-27,8.0,102.5234318673397,1,bad
9000001092-1,2021-04-27,9.0,139.3128390596747,1,bad
9000001092-1,2021-04-27,10.0,144.10293066476075,1,bad
9000001092-1,2021-04-27,11.0,139.3128390596749,1,bad
9000001092-1,2021-04-27,12.0,173.91936069742124,1,bad
9000001092-1,2021-04-27,14.0,137.1718882303135,1,bad
9000001092-1,2021-04-27,15.0,135.7744415964851,1,bad
9000001092-1,2021-04-27,16.0,155.5886736214602,1,bad
9000001092-1,2021-04-27,17.0,187.11566617862408,1,bad
9000001092-1,2021-04-27,18.0,128.3803863298661,1,bad
9000001092-1,2021-04-27,19.0,120.00000000000033,1,bad
9000001092-1,2021-04-28,6.0,81.01265822784805,1,good
9000001092-1,2021-04-28,7.0,142.27240649259002,1,good
9000001092-1,2021-04-28,8.0,168.89209671598658,1,good
9000001092-1,2021-04-28,9.0,120.6486486486484,1,good
9000001092-1,2021-04-28,10.0,177.6789684304133,1,good
9000001092-1,2021-04-28,11.0,206.8803752931975,1,good
9000001092-1,2021-04-28,12.0,157.98561151079068,1,good
9000001092-1,2021-04-28,13.0,144.931703810208,1,good
9000001092-1,2021-04-28,14.0,184.251968503937,1,good
9000001092-1,2021-04-28,17.0,204.54545454545388,1,good
9000001092-1,2021-04-28,18.0,185.18788763225058,1,good
9000001092-1,2021-04-28,19.0,154.88215488215508,1,good
9000001092-1,2021-04-29,7.0,129.7415362213324,1,good
9000001092-1,2021-04-29,8.0,202.6845637583895,1,good
9000001092-1,2021-04-29,9.0,201.8566654288898,1,good
9000001092-1,2021-04-29,10.0,189.68761761385042,1,good
9000001092-1,2021-04-29,11.0,227.76572668112843,1,good
9000001092-1,2021-04-29,12.0,216.17433414043498,1,good
9000001092-1,2021-04-29,13.0,179.2207792207795,1,good
9000001092-1,2021-04-29,15.0,233.2674832082177,1,good
9000001092-1,2021-04-29,16.0,225.18043303929483,1,good
9000001092-1,2021-04-29,17.0,219.1073404647724,1,good
9000001092-1,2021-04-29,18.0,170.98674521354948,1,good
9000001092-1,2021-04-30,6.0,112.24944320712717,1,bad
9000001092-1,2021-04-30,7.0,152.6184538653359,1,bad
9000001092-1,2021-04-30,8.0,188.2179675994107,1,bad
9000001092-1,2021-04-30,9.0,196.79999999999998,1,bad
9000001092-1,2021-04-30,13.0,253.29815303430166,1,bad
9000001092-1,2021-04-30,14.0,284.97316636851536,1,bad
9000001092-1,2021-04-30,15.0,236.67180277349732,1,bad
9000001092-1,2021-04-30,16.0,284.1158841158848,1,bad
9000001092-1,2021-04-30,18.0,257.3353293413178,1,bad
9000001092-1,2021-04-30,19.0,179.8031352533724,1,bad
9000001092-1,2021-05-01,6.0,9.203798392987581,0,good
9000001092-1,2021-05-01,7.0,39.77191732002852,0,good
9000001092-1,2021-05-01,8.0,70.94231458258695,0,good
9000001092-1,2021-05-01,9.0,83.82726502963583,0,good
9000001092-1,2021-05-01,10.0,126.17568766637078,0,good
9000001092-1,2021-05-01,11.0,108.00000000000014,0,good
9000001092-1,2021-05-01,12.0,122.74211099020644,0,good
9000001092-1,2021-05-01,13.0,120.25862068965532,0,good
9000001092-1,2021-05-01,14.0,89.47368421052633,0,good
9000001092-1,2021-05-01,16.0,88.0678981527709,0,good
9000001092-1,2021-05-01,17.0,88.05544231553203,0,good
9000001092-1,2021-05-01,18.0,105.75625248114308,0,good
9000001092-1,2021-05-01,19.0,105.48748002131065,0,good
9000001092-1,2021-05-02,7.0,22.881355932203366,0,bad
9000001092-1,2021-05-02,8.0,39.97134670487109,0,bad
9000001092-1,2021-05-02,9.0,79.70961887477311,0,bad
9000001092-1,2021-05-02,10.0,131.88248095756205,0,bad
9000001092-1,2021-05-02,11.0,117.64705882352932,0,bad
9000001092-1,2021-05-02,15.0,84.68954878519084,0,bad
9000001092-1,2021-05-02,16.0,82.82003710575138,0,bad
9000001092-1,2021-05-02,17.0,79.8994974874372,0,bad
9000001092-1,2021-05-02,18.0,59.415996614473194,0,bad
9000001092-1,2021-05-02,19.0,95.12467435802,0,bad
9000001092-1,2021-05-03,6.0,108.57142857142829,1,good
9000001092-1,2021-05-03,7.0,181.59057437408,1,good
9000001092-1,2021-05-03,8.0,175.0639853747715,1,good
9000001092-1,2021-05-03,9.0,91.26365054602184,1,good
9000001092-1,2021-05-03,10.0,140.15861571737543,1,good
9000001092-1,2021-05-03,11.0,142.7256637168149,1,good
9000001092-1,2021-05-03,12.0,161.59600997506152,1,good
9000001092-1,2021-05-03,13.0,180.3243243243236,1,good
9000001092-1,2021-05-03,14.0,140.8695652173916,1,good
9000001092-1,2021-05-03,15.0,185.8730727859454,1,good
9000001092-1,2021-05-03,16.0,160.8409986859399,1,good
9000001092-1,2021-05-03,17.0,138.8888888888889,1,good
9000001092-1,2021-05-03,19.0,147.98788403288637,1,good
9000001092-1,2021-05-04,6.0,89.69594594594602,1,good
9000001092-1,2021-05-04,7.0,166.41643619122829,1,good
9000001092-1,2021-05-04,8.0,156.079170593779,1,good
9000001092-1,2021-05-04,9.0,132.2511747116618,1,good
9000001092-1,2021-05-04,10.0,165.86222027204926,1,good
9000001092-1,2021-05-04,11.0,163.4241245136182,1,good
9000001092-1,2021-05-04,12.0,152.27926078028702,1,good
9000001092-1,2021-05-04,13.0,191.85441941074478,1,good
9000001092-1,2021-05-04,14.0,197.5813953488373,1,good
9000001092-1,2021-05-04,15.0,192.76887871853586,1,good
9000001092-1,2021-05-04,16.0,156.96202531645568,1,good
9000001092-1,2021-05-04,19.0,145.50408719346018,1,good
9000001092-1,2021-05-05,6.0,96.72544080604531,1,bad
9000001092-1,2021-05-05,7.0,191.958041958042,1,bad
9000001092-1,2021-05-05,8.0,161.48618033529675,1,bad
9000001092-1,2021-05-05,10.0,138.33485818847183,1,bad
9000001092-1,2021-05-05,11.0,137.0138017565875,1,bad
9000001092-1,2021-05-05,12.0,171.8073353954925,1,bad
9000001092-1,2021-05-05,14.0,197.3112719751813,1,bad
9000001092-1,2021-05-05,16.0,194.44153120083928,1,bad
9000001092-1,2021-05-05,17.0,162.3430962343092,1,bad
9000001092-1,2021-05-05,18.0,143.38549075391228,1,bad
9000001092-1,2021-05-05,19.0,117.89667896678931,1,bad
9000001092-1,2021-05-06,6.0,119.52191235059783,1,bad
9000001092-1,2021-05-06,7.0,199.9999999999997,1,bad
9000001092-1,2021-05-06,8.0,201.80831826401428,1,bad
9000001092-1,2021-05-06,9.0,168.6424474187384,1,bad
9000001092-1,2021-05-06,10.0,170.3588143525745,1,bad
9000001092-1,2021-05-06,13.0,174.40758293838857,1,bad
9000001092-1,2021-05-06,14.0,208.2334549244401,1,bad
9000001092-1,2021-05-06,15.0,208.1118881118885,1,bad
9000001092-1,2021-05-06,19.0,141.05075690115814,1,bad
9000001092-1,2021-05-07,7.0,222.24168126094588,1,bad
9000001092-1,2021-05-07,8.0,229.1054739652874,1,bad
9000001092-1,2021-05-07,9.0,200.3773584905666,1,bad
9000001092-1,2021-05-07,10.0,218.47826086956547,1,bad
9000001092-1,2021-05-07,11.0,213.77672209026142,1,bad
9000001092-1,2021-05-07,12.0,221.9621962196213,1,bad
9000001092-1,2021-05-07,13.0,214.7859922178987,1,bad
9000001092-1,2021-05-07,14.0,183.4797891036912,1,bad
9000001092-1,2021-05-07,15.0,199.33554817275774,1,bad
9000001092-1,2021-05-07,17.0,235.0877192982447,1,bad
9000001092-1,2021-05-07,18.0,165.64920273348523,1,bad
9000001092-1,2021-05-07,19.0,112.5000000000001,1,bad
9000001092-1,2021-05-08,6.0,30.894308943089403,0,good
9000001092-1,2021-05-08,7.0,82.49703674436975,0,good
9000001092-1,2021-05-08,8.0,120.1096892138941,0,good
9000001092-1,2021-05-08,9.0,175.7503001200474,0,good
9000001092-1,2021-05-08,10.0,193.1995083981983,0,good
9000001092-1,2021-05-08,11.0,175.3993610223641,0,good
9000001092-1,2021-05-08,12.0,172.3862729449325,0,good
9000001092-1,2021-05-08,13.0,173.8880918220944,0,good
9000001092-1,2021-05-08,14.0,154.57063711911337,0,good
9000001092-1,2021-05-08,16.0,139.15211970074813,0,good
9000001092-1,2021-05-08,17.0,109.0909090909091,0,good
9000001092-1,2021-05-08,18.0,38.730500268961805,0,good
9000001092-1,2021-05-09,6.0,19.762122598353155,0,good
9000001092-1,2021-05-09,7.0,32.28699551569507,0,good
9000001092-1,2021-05-09,8.0,58.89261744966436,0,good
9000001092-1,2021-05-09,9.0,93.6241610738254,0,good
9000001092-1,2021-05-09,10.0,136.76470588235313,0,good
9000001092-1,2021-05-09,11.0,140.06163328197187,0,good
9000001092-1,2021-05-09,12.0,129.4964028776974,0,good
9000001092-1,2021-05-09,13.0,99.47368421052639,0,good
9000001092-1,2021-05-09,14.0,104.54332552693212,0,good
9000001092-1,2021-05-09,15.0,108.38351088466882,0,good
9000001092-1,2021-05-09,16.0,87.62064624422989,0,good
9000001092-1,2021-05-09,17.0,91.6527545909849,0,good
9000001092-1,2021-05-09,18.0,24.311688311688343,0,good
9000001092-1,2021-05-10,6.0,117.32418524871363,1,good
9000001092-1,2021-05-10,7.0,137.44250229990791,1,good
9000001092-1,2021-05-10,8.0,132.93258909403164,1,good
9000001092-1,2021-05-10,9.0,120.79470198675487,1,good
9000001092-1,2021-05-10,10.0,184.5762711864411,1,good
9000001092-1,2021-05-10,11.0,159.2215833701901,1,good
9000001092-1,2021-05-10,12.0,180.2271771140095,1,good
9000001092-1,2021-05-10,13.0,170.8146821844219,1,good
9000001092-1,2021-05-10,14.0,143.4198746642788,1,good
9000001092-1,2021-05-10,15.0,182.5033647375502,1,good
9000001092-1,2021-05-10,16.0,177.6508972267539,1,good
9000001092-1,2021-05-10,17.0,146.78515420805022,1,good
9000001092-1,2021-05-10,19.0,128.5714285714286,1,good
9000001092-1,2021-05-11,6.0,96.90444145356648,1,good
9000001092-1,2021-05-11,7.0,177.3539928486293,1,good
9000001092-1,2021-05-11,8.0,214.80484522207271,1,good
9000001092-1,2021-05-11,9.0,107.83750512925735,1,good
9000001092-1,2021-05-11,10.0,161.08062473617548,1,good
9000001092-1,2021-05-11,11.0,185.231062410672,1,good
9000001092-1,2021-05-11,12.0,174.92407809110588,1,good
9000001092-1,2021-05-11,13.0,213.4770889487867,1,good
9000001092-1,2021-05-11,14.0,193.9553219448096,1,good
9000001092-1,2021-05-11,15.0,229.2376681614346,1,good
9000001092-1,2021-05-11,16.0,218.65509761388287,1,good
9000001092-1,2021-05-11,17.0,247.9245283018876,1,good
9000001092-1,2021-05-11,18.0,155.8303886925795,1,good
9000001092-1,2021-05-12,7.0,186.5041358293424,1,good
9000001092-1,2021-05-12,8.0,185.46458141674333,1,good
9000001092-1,2021-05-12,9.0,167.51677852348968,1,good
9000001092-1,2021-05-12,10.0,152.2058823529411,1,good
9000001092-1,2021-05-12,11.0,163.1324241091073,1,good
9000001092-1,2021-05-12,12.0,187.9895561357703,1,good
9000001092-1,2021-05-12,13.0,186.3216266173747,1,good
9000001092-1,2021-05-12,14.0,192.189817103312,1,good
9000001092-1,2021-05-12,15.0,167.559943582511,1,good
9000001092-1,2021-05-12,17.0,197.16381418092908,1,good
9000001092-1,2021-05-12,18.0,174.45585215605698,1,good
9000001092-1,2021-05-12,19.0,136.4852809991082,1,good
9000001092-1,2021-05-13,6.0,111.89189189189173,1,good
9000001092-1,2021-05-13,7.0,180.6020066889635,1,good
9000001092-1,2021-05-13,8.0,194.86238532110082,1,good
9000001092-1,2021-05-13,9.0,150.6008010680904,1,good
9000001092-1,2021-05-13,10.0,202.6643747314142,1,good
9000001092-1,2021-05-13,13.0,180.0750312630264,1,good
9000001092-1,2021-05-13,15.0,251.16279069767398,1,good
9000001092-1,2021-05-13,16.0,227.76801405975442,1,good
9000001092-1,2021-05-13,17.0,209.6505823627293,1,good
9000001092-1,2021-05-13,18.0,157.45856353591108,1,good
9000001092-1,2021-05-13,19.0,138.3363471971061,1,good
9000001092-1,2021-05-14,6.0,107.18685831622184,1,bad
9000001092-1,2021-05-14,7.0,195.9981386691486,1,bad
9000001092-1,2021-05-14,8.0,210.2425876010781,1,bad
9000001092-1,2021-05-14,9.0,186.6546438232642,1,bad
9000001092-1,2021-05-14,10.0,160.14525646845271,1,bad
9000001092-1,2021-05-14,11.0,210.83223249669751,1,bad
9000001092-1,2021-05-14,13.0,228.85572139303517,1,bad
9000001092-1,2021-05-14,14.0,212.0460584588126,1,bad
9000001092-1,2021-05-14,15.0,235.51401869158812,1,bad
9000001092-1,2021-05-14,18.0,148.8970588235294,1,bad
9000001092-1,2021-05-14,19.0,147.00544464609746,1,bad
9000001092-1,2021-05-15,6.0,50.899742930591344,0,good
9000001092-1,2021-05-15,7.0,90.3225806451612,0,good
9000001092-1,2021-05-15,8.0,113.26949384404931,0,good
9000001092-1,2021-05-15,9.0,119.396984924623,0,good
9000001092-1,2021-05-15,13.0,158.9041095890405,0,good
9000001092-1,2021-05-15,14.0,170.4982733103104,0,good
9000001092-1,2021-05-15,15.0,172.0019111323456,0,good
9000001092-1,2021-05-15,16.0,155.05245720596378,0,good
9000001092-1,2021-05-15,18.0,153.59539789069987,0,good
9000001092-1,2021-05-15,19.0,109.71731448763285,0,good
9000001092-1,2021-05-16,6.0,26.1699227623807,0,good
9000001092-1,2021-05-16,7.0,43.70503597122305,0,good
9000001092-1,2021-05-16,8.0,51.96850393700791,0,good
9000001092-1,2021-05-16,9.0,99.6336996336996,0,good
9000001092-1,2021-05-16,10.0,138.941890719861,0,good
9000001092-1,2021-05-16,11.0,120.25450689289531,0,good
9000001092-1,2021-05-16,14.0,109.9678456591641,0,good
9000001092-1,2021-05-16,15.0,97.3808501502792,0,good
9000001092-1,2021-05-16,16.0,78.45766974015095,0,good
9000001092-1,2021-05-16,17.0,107.5345519393669,0,good
9000001092-1,2021-05-16,18.0,104.88570147915748,0,good
9000001092-1,2021-05-16,19.0,93.304535637149,0,good
9000001092-1,2021-05-17,6.0,132.5831202046036,1,good
9000001092-1,2021-05-17,7.0,183.82978723404318,1,good
9000001092-1,2021-05-17,8.0,127.17852096090479,1,good
9000001092-1,2021-05-17,9.0,142.2103861517974,1,good
9000001092-1,2021-05-17,10.0,168.65148861646242,1,good
9000001092-1,2021-05-17,11.0,106.41282565130254,1,good
9000001092-1,2021-05-17,13.0,179.32330827067668,1,good
9000001092-1,2021-05-17,14.0,155.64147627416529,1,good
9000001092-1,2021-05-17,15.0,157.1777855396434,1,good
9000001092-1,2021-05-17,16.0,186.07856650585822,1,good
9000001092-1,2021-05-17,20.0,94.73684210526312,1,good
9000001092-1,2021-05-18,6.0,96.1228968544257,1,good
9000001092-1,2021-05-18,7.0,158.6885245901638,1,good
9000001092-1,2021-05-18,8.0,194.04255319148982,1,good
9000001092-1,2021-05-18,9.0,174.1935483870966,1,good
9000001092-1,2021-05-18,10.0,193.4252386002126,1,good
9000001092-2,2020-12-03,9.0,34.9302607640995,1,bad
9000001092-2,2020-12-10,9.0,131.276297335203,1,bad
9000001092-2,2020-12-10,14.0,163.21070234113702,1,bad
9000001092-2,2020-12-10,15.0,183.456425406204,1,bad
9000001092-2,2020-12-11,8.0,140.683879972087,1,bad
9000001092-2,2020-12-11,9.0,142.816297355254,1,bad
9000001092-2,2020-12-11,10.0,154.99276410998502,1,bad
9000001092-2,2020-12-11,11.0,172.779369627507,1,bad
9000001092-2,2020-12-11,12.0,164.401294498382,1,bad
9000001092-2,2020-12-11,13.0,124.004305705059,1,bad
9000001092-2,2020-12-11,14.0,173.893805309734,1,bad
9000001092-2,2020-12-11,15.0,214.68505404398,1,bad
9000001092-2,2020-12-12,8.0,79.6068796068796,0,bad
9000001092-2,2020-12-12,9.0,110.39830807190701,0,bad
9000001092-2,2020-12-12,10.0,153.57917570498898,0,bad
9000001092-2,2020-12-12,11.0,130.813953488372,0,bad
9000001092-2,2020-12-12,12.0,166.353790613718,0,bad
9000001092-2,2020-12-12,13.0,156.980578966654,0,bad
9000001092-2,2020-12-12,14.0,119.474835886215,0,bad
9000001092-2,2020-12-12,15.0,102.318623784592,0,bad
9000001092-2,2020-12-13,8.0,25.0260688216893,0,bad
9000001092-2,2020-12-13,9.0,62.842892768079786,0,bad
9000001092-2,2020-12-13,10.0,79.9999999999999,0,bad
9000001092-2,2020-12-13,11.0,56.475738781466596,0,bad
9000001092-2,2020-12-13,12.0,75.70409312805108,0,bad
9000001092-2,2020-12-13,13.0,67.8200692041523,0,bad
9000001092-2,2020-12-13,14.0,61.7679970160388,0,bad
9000001092-2,2020-12-13,15.0,85.71428571428571,0,bad
9000001092-2,2020-12-14,8.0,137.059028990569,1,bad
9000001092-2,2020-12-14,9.0,162.54812740636999,1,bad
9000001092-2,2020-12-14,10.0,144.578313253012,1,bad
9000001092-2,2020-12-14,11.0,100.82585278276501,1,bad
9000001092-2,2020-12-14,12.0,119.463087248322,1,bad
9000001092-2,2020-12-14,13.0,114.415437003405,1,bad
9000001092-2,2020-12-14,14.0,147.51879699248101,1,bad
9000001092-2,2020-12-14,15.0,161.311475409836,1,bad
9000001092-2,2020-12-15,8.0,141.752394466123,1,bad
9000001092-2,2020-12-15,9.0,142.675159235669,1,bad
9000001092-2,2020-12-15,10.0,138.060781476121,1,bad
9000001092-2,2020-12-15,11.0,150.381402106793,1,bad
9000001092-2,2020-12-15,12.0,154.00365630713,1,bad
9000001092-2,2020-12-15,13.0,149.249463902788,1,bad
9000001092-2,2020-12-15,14.0,174.362709395485,1,bad
9000001092-2,2020-12-15,15.0,188.49557522123902,1,bad
9000001092-2,2020-12-16,8.0,123.873714083008,1,bad
9000001092-2,2020-12-16,9.0,124.048815506102,1,bad
9000001092-2,2020-12-16,10.0,149.089610853267,1,bad
9000001092-2,2020-12-16,11.0,158.384421204471,1,bad
9000001092-2,2020-12-16,12.0,155.555555555555,1,bad
9000001092-2,2020-12-16,13.0,153.498542274052,1,bad
9000001092-2,2020-12-16,14.0,167.411679884643,1,bad
9000001092-2,2020-12-16,15.0,211.532846715328,1,bad
9000001092-2,2020-12-17,8.0,143.689320388349,1,bad
9000001092-2,2020-12-17,9.0,166.032210834554,1,bad
9000001092-2,2020-12-17,10.0,159.144385026738,1,bad
9000001092-2,2020-12-17,11.0,151.61987041036699,1,bad
9000001092-2,2020-12-17,12.0,170.75098814229202,1,bad
9000001092-2,2020-12-17,13.0,141.609527246481,1,bad
9000001092-2,2020-12-17,14.0,178.03636363636397,1,bad
9000001092-2,2020-12-17,15.0,215.553121577218,1,bad
9000001092-2,2020-12-18,8.0,144.0,1,bad
9000001092-2,2020-12-18,9.0,153.493371551416,1,bad
9000001092-2,2020-12-18,10.0,165.957446808511,1,bad
9000001092-2,2020-12-18,11.0,161.653599429793,1,bad
9000001092-2,2020-12-18,12.0,188.856729377713,1,bad
9000001092-2,2020-12-18,13.0,158.28488372093,1,bad
9000001092-2,2020-12-18,14.0,195.227765726682,1,bad
9000001092-2,2020-12-18,15.0,225.590994371483,1,bad
9000001092-2,2020-12-19,8.0,128.1635530489953,0,bad
9000001092-2,2020-12-19,9.0,150.9677419354838,0,bad
9000001092-2,2020-12-19,10.0,173.52517985611487,0,bad
9000001092-2,2020-12-19,11.0,192.5551138417061,0,bad
9000001092-2,2020-12-19,12.0,199.06035417419608,0,bad
9000001092-2,2020-12-19,13.0,133.18965517241347,0,bad
9000001092-2,2020-12-19,14.0,142.53541590991702,0,bad
9000001092-2,2020-12-19,15.0,121.33381140193605,0,bad
9000001092-2,2020-12-20,9.0,64.30868167202573,0,bad
9000001092-2,2020-12-20,10.0,78.86089813800653,0,bad
9000001092-2,2020-12-20,11.0,82.17391304347821,0,bad
9000001092-2,2020-12-20,12.0,68.5714285714286,0,bad
9000001092-2,2020-12-20,13.0,82.91233283803861,0,bad
9000001092-2,2020-12-20,14.0,79.23697725605282,0,bad
9000001092-2,2020-12-20,15.0,93.08084486525854,0,bad
9000001092-2,2020-12-21,8.0,137.3211963589076,1,bad
9000001092-2,2020-12-21,9.0,177.35294117647038,1,bad
9000001092-2,2020-12-21,10.0,170.9276844411985,1,bad
9000001092-2,2020-12-21,11.0,183.1414779056815,1,bad
9000001092-2,2020-12-21,12.0,175.25622254758431,1,bad
9000001092-2,2020-12-21,13.0,148.98419864559858,1,bad
9000001092-2,2020-12-21,14.0,187.8721058434404,1,bad
9000001092-2,2020-12-21,15.0,198.4461709211991,1,bad
9000001092-2,2020-12-22,8.0,120.425029515939,1,bad
9000001092-2,2020-12-22,9.0,144.0000000000001,1,bad
9000001092-2,2020-12-22,10.0,153.6105032822761,1,bad
9000001092-2,2020-12-22,11.0,159.33983495874,1,bad
9000001092-2,2020-12-22,12.0,171.92854538826097,1,bad
9000001092-2,2020-12-22,13.0,149.775112443778,1,bad
9000001092-2,2020-12-22,14.0,155.8899082568803,1,bad
9000001092-2,2020-12-22,15.0,228.12148481439863,1,bad
9000001092-2,2020-12-23,9.0,167.9566003616639,1,good
9000001092-2,2020-12-23,10.0,177.95679238374234,1,good
9000001092-2,2020-12-23,11.0,198.4564498346199,1,good
9000001092-2,2020-12-23,12.0,169.0268837561526,1,good
9000001092-2,2020-12-23,13.0,143.63438520130543,1,good
9000001092-2,2020-12-23,14.0,180.1354401805872,1,good
9000001092-2,2020-12-23,15.0,196.62522202486687,1,good
9000001092-2,2020-12-24,8.0,114.79820627802678,1,bad
9000001092-2,2020-12-24,9.0,157.82608695652118,1,bad
9000001092-2,2020-12-24,10.0,195.86507072905297,1,bad
9000001092-2,2020-12-24,11.0,180.9244314013204,1,bad
9000001092-2,2020-12-24,12.0,177.4647887323947,1,bad
9000001092-2,2020-12-24,13.0,166.15384615384622,1,bad
9000001092-2,2020-12-24,14.0,160.97560975609724,1,bad
9000001092-2,2020-12-24,15.0,165.1250947687638,1,bad
9000001092-2,2020-12-25,8.0,10.6877783275606,1,bad
9000001092-2,2020-12-25,9.0,28.664495114006513,1,bad
9000001092-2,2020-12-25,10.0,43.168604651162795,1,bad
9000001092-2,2020-12-25,11.0,53.88828039430451,1,bad
9000001092-2,2020-12-25,12.0,83.44802607750813,1,bad
9000001092-2,2020-12-25,13.0,52.7279384840718,1,bad
9000001092-2,2020-12-25,14.0,48.41875681570336,1,bad
9000001092-2,2020-12-25,15.0,48.6486486486486,1,bad
9000001092-2,2020-12-26,8.0,24.1354975299929,0,bad
9000001092-2,2020-12-26,9.0,46.43496954496594,0,bad
9000001092-2,2020-12-26,10.0,81.66849615806798,0,bad
9000001092-2,2020-12-26,11.0,81.9383259911894,0,bad
9000001092-2,2020-12-26,12.0,68.84884148584045,0,bad
9000001092-2,2020-12-26,13.0,46.33385335413419,0,bad
9000001092-2,2020-12-26,14.0,71.3414634146342,0,bad
9000001092-2,2020-12-26,15.0,61.8371919342794,0,bad
9000001092-2,2020-12-27,8.0,27.897146882705197,0,bad
9000001092-2,2020-12-27,9.0,60.63157894736844,0,bad
9000001092-2,2020-12-27,10.0,95.11926605504598,0,bad
9000001092-2,2020-12-27,11.0,61.52727272727284,0,bad
9000001092-2,2020-12-27,12.0,75.84650112866817,0,bad
9000001092-2,2020-12-27,13.0,86.9298581832119,0,bad
9000001092-2,2020-12-27,14.0,61.99925121677281,0,bad
9000001092-2,2020-12-27,15.0,67.7240870527481,0,bad
9000001092-2,2020-12-28,8.0,106.69061517736867,1,bad
9000001092-2,2020-12-28,9.0,121.36313668010271,1,bad
9000001092-2,2020-12-28,10.0,154.75409836065538,1,bad
9000001092-2,2020-12-28,11.0,130.4251386321628,1,bad
9000001092-2,2020-12-28,12.0,115.06245407788352,1,bad
9000001092-2,2020-12-28,13.0,137.1557902678238,1,bad
9000001092-2,2020-12-28,14.0,120.5357142857144,1,bad
9000001092-2,2020-12-28,15.0,145.56345937851032,1,bad
9000001092-2,2020-12-29,8.0,91.17530668777205,1,bad
9000001092-2,2020-12-29,9.0,137.7926421404687,1,bad
9000001092-2,2020-12-29,10.0,146.8562874251501,1,bad
9000001092-2,2020-12-29,11.0,126.19926199262031,1,bad
9000001092-2,2020-12-29,12.0,137.4999999999996,1,bad
9000001092-2,2020-12-29,13.0,127.10706150341687,1,bad
9000001092-2,2020-12-29,14.0,170.9077098366886,1,bad
9000001092-2,2020-12-29,15.0,161.8421052631582,1,bad
9000001092-2,2020-12-30,8.0,128.3582089552237,1,bad
9000001092-2,2020-12-30,9.0,167.35135135135098,1,bad
9000001092-2,2020-12-30,10.0,185.0279329608944,1,bad
9000001092-2,2020-12-30,11.0,175.4488823744957,1,bad
9000001092-2,2020-12-30,12.0,171.4285714285719,1,bad
9000001092-2,2020-12-30,13.0,149.83127109111433,1,bad
9000001092-2,2020-12-30,14.0,196.84403669724685,1,bad
9000001092-2,2020-12-30,15.0,169.836552748886,1,bad
9000001092-2,2020-12-31,8.0,123.61597757533335,1,bad
9000001092-2,2020-12-31,9.0,182.963493199714,1,bad
9000001092-2,2020-12-31,10.0,197.09934735315488,1,bad
9000001092-2,2020-12-31,11.0,187.79134295227513,1,bad
9000001092-2,2020-12-31,12.0,163.15789473684225,1,bad
9000001092-2,2020-12-31,13.0,162.00663961637747,1,bad
9000001092-2,2020-12-31,14.0,151.9650655021839,1,bad
9000001092-2,2020-12-31,15.0,139.545285128587,1,bad
9000001092-2,2021-01-01,8.0,8.04469273743017,1,bad
9000001092-2,2021-01-01,9.0,12.80227596017067,1,bad
9000001092-2,2021-01-01,10.0,40.043057050592026,1,bad
9000001092-2,2021-01-01,11.0,47.74193548387097,1,bad
9000001092-2,2021-01-01,12.0,60.54844606946981,1,bad
9000001092-2,2021-01-01,13.0,37.03159441587074,1,bad
9000001092-2,2021-01-01,14.0,41.71962616822433,1,bad
9000001092-2,2021-01-01,15.0,56.14556256962488,1,bad
9000001092-2,2021-01-02,8.0,18.88772298006299,0,bad
9000001092-2,2021-01-02,9.0,38.98916967509031,0,bad
9000001092-2,2021-01-02,10.0,64.00580551523949,0,bad
9000001092-2,2021-01-02,11.0,74.48275862068965,0,bad
9000001092-2,2021-01-02,12.0,78.40781073976721,0,bad
9000001092-2,2021-01-02,13.0,61.744966442953015,0,bad
9000001092-2,2021-01-02,14.0,52.61293179805135,0,bad
9000001092-2,2021-01-03,8.0,35.55555555555555,0,bad
9000001092-2,2021-01-03,9.0,54.85471296952523,0,bad
9000001092-2,2021-01-03,10.0,51.428571428571466,0,bad
9000001092-2,2021-01-03,11.0,77.47680890538028,0,bad
9000001092-2,2021-01-03,12.0,83.2525177172697,0,bad
9000001092-2,2021-01-03,13.0,71.15165336374004,0,bad
9000001092-2,2021-01-03,14.0,102.44436337103248,0,bad
9000001092-2,2021-01-03,15.0,69.66877558615555,0,bad
9000001092-2,2021-01-04,8.0,103.39050658157154,1,bad
9000001092-2,2021-01-04,9.0,120.7437112650382,1,bad
9000001092-2,2021-01-04,10.0,140.4624277456646,1,bad
9000001092-2,2021-01-04,11.0,160.2649006622522,1,bad
9000001092-2,2021-01-04,12.0,139.4509213990223,1,bad
9000001092-2,2021-01-04,13.0,132.7868852459012,1,bad
9000001092-2,2021-01-04,14.0,136.00302228938406,1,bad
9000001092-2,2021-01-04,15.0,167.88266265513332,1,bad
9000001092-2,2021-01-05,8.0,92.63759828448903,1,bad
9000001092-2,2021-01-05,9.0,122.0338983050847,1,bad
9000001092-2,2021-01-05,10.0,115.8770343580471,1,bad
9000001092-2,2021-01-05,11.0,128.9552238805976,1,bad
9000001092-2,2021-01-05,12.0,129.94475138121553,1,bad
9000001092-2,2021-01-05,13.0,124.04594294183062,1,bad
9000001092-2,2021-01-05,14.0,129.64366944655063,1,bad
9000001092-2,2021-01-05,15.0,148.901335631194,1,bad
9000001092-2,2021-01-06,8.0,81.36460554371,1,bad
9000001092-2,2021-01-06,9.0,114.12103746397689,1,bad
9000001092-2,2021-01-06,10.0,134.1614906832297,1,bad
9000001092-2,2021-01-06,11.0,131.1303041682314,1,bad
9000001092-2,2021-01-06,12.0,142.9007633587787,1,bad
9000001092-2,2021-01-06,13.0,110.10816859380851,1,bad
9000001092-2,2021-01-06,14.0,125.03816793893188,1,bad
9000001092-2,2021-01-06,15.0,142.74924471299138,1,bad
9000001092-2,2021-01-07,8.0,112.9854845037267,1,bad
9000001092-2,2021-01-07,9.0,131.4244810307804,1,bad
9000001092-2,2021-01-07,10.0,139.5652173913037,1,bad
9000001092-2,2021-01-07,11.0,144.78976234003665,1,bad
9000001092-2,2021-01-07,12.0,137.28248796741937,1,bad
9000001092-2,2021-01-07,13.0,149.65675057208242,1,bad
9000001092-2,2021-01-07,14.0,149.94268246083323,1,bad
9000001092-2,2021-01-07,15.0,165.2721214365049,1,bad
9000001092-2,2021-01-07,16.0,150.00000000000068,1,bad
9000001092-2,2021-01-08,8.0,125.19517388218631,1,bad
9000001092-2,2021-01-08,9.0,136.3437727603785,1,bad
9000001092-2,2021-01-08,10.0,157.0425138632165,1,bad
9000001092-2,2021-01-08,11.0,137.69030820646128,1,bad
9000001092-2,2021-01-08,12.0,156.52173913043436,1,bad
9000001092-2,2021-01-08,13.0,147.02290076335933,1,bad
9000001092-2,2021-01-08,14.0,100.00000000000011,1,bad
9000001092-2,2021-01-08,15.0,161.0561056105604,1,bad
9000001092-2,2021-01-08,16.0,163.85542168674672,1,bad
9000001092-2,2021-01-09,8.0,66.26548672566365,0,bad
9000001092-2,2021-01-09,9.0,103.59712230215796,0,bad
9000001092-2,2021-01-09,10.0,145.32110091743095,0,bad
9000001092-2,2021-01-09,11.0,137.11725168035895,0,bad
9000001092-2,2021-01-09,12.0,122.10212448751363,0,bad
9000001092-2,2021-01-09,13.0,92.78350515463912,0,bad
9000001092-2,2021-01-09,14.0,85.45994065281899,0,bad
9000001092-2,2021-01-09,15.0,125.58139534883759,0,bad
9000001092-2,2021-01-09,16.0,94.4444444444444,0,bad
9000001092-2,2021-01-10,8.0,24.203821656051,0,bad
9000001092-2,2021-01-10,9.0,49.763550381957074,0,bad
9000001092-2,2021-01-10,10.0,67.12979890310781,0,bad
9000001092-2,2021-01-10,11.0,81.28186453022573,0,bad
9000001092-2,2021-01-10,12.0,95.23099850968701,0,bad
9000001092-2,2021-01-10,13.0,79.4117647058823,0,bad
9000001092-2,2021-01-10,14.0,68.64686468646858,0,bad
9000001092-2,2021-01-10,15.0,85.459940652819,0,bad
9000001092-2,2021-01-10,16.0,88.69565217391303,0,bad
9000001092-2,2021-01-11,8.0,121.0412147505426,1,bad
9000001092-2,2021-01-11,9.0,159.21052631578922,1,bad
9000001092-2,2021-01-11,10.0,161.15326251896863,1,bad
9000001092-2,2021-01-11,11.0,138.0491437081158,1,bad
9000001092-2,2021-01-11,12.0,127.55371277798773,1,bad
9000001092-2,2021-01-11,13.0,124.75933769734287,1,bad
9000001092-2,2021-01-11,14.0,105.14988470407357,1,bad
9000001092-2,2021-01-11,15.0,175.3846153846149,1,bad
9000001092-2,2021-01-11,16.0,166.5480427046259,1,bad
9000001092-2,2021-01-12,8.0,141.15107913669078,1,bad
9000001092-2,2021-01-12,9.0,133.52172377251878,1,bad
9000001092-2,2021-01-12,10.0,152.9898458066946,1,bad
9000001092-2,2021-01-12,11.0,116.9092945128782,1,bad
9000001092-2,2021-01-12,12.0,147.5841874084919,1,bad
9000001092-2,2021-01-12,13.0,149.55089820359268,1,bad
9000001092-2,2021-01-12,14.0,168.5840707964603,1,bad
9000001092-2,2021-01-12,15.0,182.0751208627745,1,bad
9000001092-2,2021-01-12,16.0,197.68786127167698,1,bad
9000001092-2,2021-01-13,8.0,121.03004291845471,1,bad
9000001092-2,2021-01-13,9.0,136.43189131211938,1,bad
9000001092-2,2021-01-13,10.0,140.86378737541548,1,bad
9000001092-2,2021-01-13,11.0,136.0778443113771,1,bad
9000001092-2,2021-01-13,12.0,135.97359735973527,1,bad
9000001092-2,2021-01-13,13.0,107.2802715956248,1,bad
9000001092-2,2021-01-13,14.0,111.111111111111,1,bad
9000001092-2,2021-01-13,15.0,192.7166788055354,1,bad
9000001092-2,2021-01-13,16.0,148.9156626506028,1,bad
9000001092-2,2021-01-14,8.0,127.73352643012319,1,bad
9000001092-2,2021-01-14,9.0,152.50978996083998,1,bad
9000001092-2,2021-01-14,10.0,142.33494964565432,1,bad
9000001092-2,2021-01-14,11.0,148.90190336749595,1,bad
9000001092-2,2021-01-14,12.0,137.18091009988913,1,bad
9000001092-2,2021-01-14,13.0,119.82049364248344,1,bad
9000001092-2,2021-01-14,14.0,100.22883295194498,1,bad
9000001092-2,2021-01-14,15.0,175.7064220183488,1,bad
9000001092-2,2021-01-14,16.0,196.8425105891416,1,bad
9000001092-2,2021-01-15,8.0,133.85770468358962,1,bad
9000001092-2,2021-01-15,9.0,148.8673139158573,1,bad
9000001092-2,2021-01-15,10.0,130.16949152542315,1,bad
9000001092-2,2021-01-15,11.0,160.5367008681927,1,bad
9000001092-2,2021-01-15,12.0,137.1301775147927,1,bad
9000001092-2,2021-01-15,13.0,143.0099312452253,1,bad
9000001092-2,2021-01-15,14.0,158.2112567463378,1,bad
9000001092-2,2021-01-15,15.0,209.0236686390538,1,bad
9000001092-2,2021-01-15,16.0,199.45757458349416,1,bad
9000001092-2,2021-01-16,8.0,91.25312388432701,0,bad
9000001092-2,2021-01-16,9.0,132.2868355333575,0,bad
9000001092-2,2021-01-16,10.0,140.96786110084943,0,bad
9000001092-2,2021-01-16,11.0,110.80982044705,0,bad
9000001092-2,2021-01-16,12.0,130.00744601638138,0,bad
9000001092-2,2021-01-16,13.0,108.7613293051354,0,bad
9000001092-2,2021-01-16,14.0,111.43827859569599,0,bad
9000001092-2,2021-01-16,15.0,88.85662431941921,0,bad
9000001092-2,2021-01-16,16.0,129.0374546919046,0,bad
9000001092-2,2021-01-17,8.0,44.601769911504405,0,bad
9000001092-2,2021-01-17,9.0,92.81045751633981,0,bad
9000001092-2,2021-01-17,10.0,92.67585206671497,0,bad
9000001092-2,2021-01-17,11.0,82.98572996706908,0,bad
9000001092-2,2021-01-17,12.0,106.86456400742154,0,bad
9000001092-2,2021-01-17,13.0,76.48155050316818,0,bad
9000001092-2,2021-01-17,14.0,72.82089003310044,0,bad
9000001092-2,2021-01-17,15.0,91.289966923925,0,bad
9000001092-2,2021-01-17,16.0,88.70356330553444,0,bad
9000001092-2,2021-01-18,8.0,157.6361694553221,1,bad
9000001092-2,2021-01-18,9.0,152.0940484937546,1,bad
9000001092-2,2021-01-18,10.0,156.2410329985654,1,bad
9000001092-2,2021-01-18,11.0,156.8656169901139,1,bad
9000001092-2,2021-01-18,12.0,160.9248554913299,1,bad
9000001092-2,2021-01-18,13.0,175.2631578947367,1,bad
9000001092-2,2021-01-18,14.0,172.07890743550868,1,bad
9000001092-2,2021-01-18,15.0,178.8737578211263,1,bad
9000001092-2,2021-01-18,16.0,187.5000000000004,1,bad
9000001092-2,2021-01-19,8.0,128.0227596017068,1,bad
9000001092-2,2021-01-19,9.0,133.3333333333338,1,bad
9000001092-2,2021-01-19,10.0,140.53265231667316,1,bad
9000001092-2,2021-01-19,11.0,145.9638776262443,1,bad
9000001092-2,2021-01-19,12.0,156.4034756327915,1,bad
9000001092-2,2021-01-19,13.0,127.95261014439089,1,bad
9000001092-2,2021-01-19,14.0,160.97560975609727,1,bad
9000001092-2,2021-01-19,15.0,182.1428571428571,1,bad
9000001092-2,2021-01-19,16.0,190.3154153709458,1,bad
9000001092-2,2021-01-20,8.0,125.4929577464792,1,bad
9000001092-2,2021-01-20,9.0,128.24427480916,1,bad
9000001092-2,2021-01-20,10.0,148.50828729281767,1,bad
9000001092-2,2021-01-20,11.0,142.06672091130972,1,bad
9000001092-2,2021-01-20,12.0,150.98114659484418,1,bad
9000001092-2,2021-01-20,13.0,128.9124668435017,1,bad
9000001092-2,2021-01-20,14.0,129.14798206278,1,bad
9000001092-2,2021-01-20,15.0,200.534759358289,1,bad
9000001092-2,2021-01-21,8.0,106.15784908933206,1,bad
9000001092-2,2021-01-21,9.0,161.509433962264,1,bad
9000001092-2,2021-01-21,10.0,126.7605633802813,1,bad
9000001092-2,2021-01-21,11.0,148.9323843416369,1,bad
9000001092-2,2021-01-21,12.0,165.2370203160268,1,bad
9000001092-2,2021-01-21,13.0,147.73218142548632,1,bad
9000001092-2,2021-01-21,14.0,144.578313253012,1,bad
9000001092-2,2021-01-21,15.0,173.4129947722188,1,bad
9000001092-2,2021-01-21,16.0,183.6262323189028,1,bad
9000001092-2,2021-01-22,8.0,156.52173913043532,1,bad
9000001092-2,2021-01-22,9.0,147.0198675496687,1,bad
9000001092-2,2021-01-22,10.0,169.5700934579439,1,bad
9000001092-2,2021-01-22,11.0,145.67253653053518,1,bad
9000001092-2,2021-01-22,12.0,153.5928143712579,1,bad
9000001092-2,2021-01-22,13.0,151.79934569247598,1,bad
9000001092-2,2021-01-22,14.0,185.4020007410152,1,bad
9000001092-2,2021-01-22,15.0,180.9381980640353,1,bad
9000001092-2,2021-01-23,8.0,73.23340471092072,0,bad
9000001092-2,2021-01-23,9.0,132.89902280130244,0,bad
9000001092-2,2021-01-23,10.0,156.2339095255611,0,bad
9000001092-2,2021-01-23,11.0,162.4358033749084,0,bad
9000001092-2,2021-01-23,12.0,139.17525773195894,0,bad
9000001092-2,2021-01-23,13.0,111.994002998501,0,bad
9000001092-2,2021-01-23,14.0,96.83124539425204,0,bad
9000001092-2,2021-01-23,15.0,91.75412293853084,0,bad
9000001092-2,2021-01-24,8.0,42.06798866855524,0,bad
9000001092-2,2021-01-24,9.0,64.49301325689723,0,bad
9000001092-2,2021-01-24,10.0,96.94323144104807,0,bad
9000001092-2,2021-01-24,11.0,87.48639825897703,0,bad
9000001092-2,2021-01-24,12.0,70.84548104956261,0,bad
9000001092-2,2021-01-24,13.0,63.43612334801759,0,bad
9000001092-2,2021-01-24,14.0,64.4030668127054,0,bad
9000001092-2,2021-01-24,15.0,79.03103709311141,0,bad
9000001092-2,2021-01-24,16.0,75.54368561617706,0,bad
9000001092-2,2021-01-25,8.0,137.57142857142912,1,bad
9000001092-2,2021-01-25,9.0,137.7551020408165,1,bad
9000001092-2,2021-01-25,10.0,156.2894248608536,1,bad
9000001092-2,2021-01-25,11.0,141.5430267062314,1,bad
9000001092-2,2021-01-25,12.0,152.9110216038077,1,bad
9000001092-2,2021-01-25,14.0,164.54109841503936,1,bad
9000001092-2,2021-01-25,15.0,194.5945945945939,1,bad
9000001092-2,2021-01-25,16.0,183.39350180505465,1,bad
9000001092-2,2021-01-26,8.0,157.97359971459204,1,bad
9000001092-2,2021-01-26,9.0,118.5821697099889,1,bad
9000001092-2,2021-01-26,10.0,128.4280936454851,1,bad
9000001092-2,2021-01-26,11.0,144.4126074498563,1,bad
9000001092-2,2021-01-26,12.0,108.07719799857074,1,bad
9000001092-2,2021-01-26,13.0,147.2972972972972,1,bad
9000001092-2,2021-01-26,14.0,153.13531353135258,1,bad
9000001092-2,2021-01-26,15.0,190.1591895803179,1,bad
9000001092-2,2021-01-26,16.0,146.7210077806597,1,bad
9000001092-2,2021-01-27,8.0,160.6465214335912,1,bad
9000001092-2,2021-01-27,9.0,147.1495159555396,1,bad
9000001092-2,2021-01-27,10.0,155.0810014727538,1,bad
9000001092-2,2021-01-27,11.0,133.53520060560186,1,bad
9000001092-2,2021-01-27,12.0,153.4883720930238,1,bad
9000001092-2,2021-01-27,14.0,158.4319526627217,1,bad
9000001092-2,2021-01-27,15.0,226.4813460131675,1,bad
9000001092-2,2021-01-27,16.0,170.91588785046682,1,bad
9000001092-2,2021-01-28,8.0,135.06493506493538,1,bad
9000001092-2,2021-01-28,9.0,124.22717469446401,1,bad
9000001092-2,2021-01-28,10.0,164.9057997783518,1,bad
9000001092-2,2021-01-28,11.0,174.81031866464346,1,bad
9000001092-2,2021-01-28,12.0,165.1006711409394,1,bad
9000001092-2,2021-01-28,13.0,164.47368421052622,1,bad
9000001092-2,2021-01-28,14.0,165.6565656565652,1,bad
9000001092-2,2021-01-28,15.0,183.0954994511528,1,bad
9000001092-2,2021-01-28,16.0,152.0563171545013,1,bad
9000001092-2,2021-01-29,8.0,165.2582159624412,1,bad
9000001092-2,2021-01-29,9.0,122.5475841874089,1,bad
9000001092-2,2021-01-29,10.0,171.11274871039018,1,bad
9000001092-2,2021-01-29,11.0,177.18120805369108,1,bad
9000001092-2,2021-01-29,12.0,152.7922561429638,1,bad
9000001092-2,2021-01-29,13.0,182.9160530191453,1,bad
9000001092-2,2021-01-29,14.0,170.72442120985872,1,bad
9000001092-2,2021-01-29,15.0,216.5810711665444,1,bad
9000001092-2,2021-01-29,16.0,172.9774127310057,1,bad
9000001092-2,2021-01-30,8.0,97.02127659574467,0,bad
9000001092-2,2021-01-30,9.0,125.5506607929512,0,bad
9000001092-2,2021-01-30,10.0,145.64178006620105,0,bad
9000001092-2,2021-01-30,11.0,156.05381165919312,0,bad
9000001092-2,2021-01-30,12.0,146.38554216867482,0,bad
9000001092-2,2021-01-30,13.0,145.85635359116029,0,bad
9000001092-2,2021-01-30,14.0,106.00074543421543,0,bad
9000001092-2,2021-01-30,15.0,114.41241685144111,0,bad
9000001092-2,2021-01-30,16.0,100.63361908311592,0,bad
9000001092-2,2021-01-31,8.0,31.982942430703627,0,bad
9000001092-2,2021-01-31,9.0,71.12068965517244,0,bad
9000001092-2,2021-01-31,10.0,70.43478260869564,0,bad
9000001092-2,2021-01-31,11.0,104.23452768729625,0,bad
9000001092-2,2021-01-31,12.0,72.5540491022352,0,bad
9000001092-2,2021-01-31,13.0,71.49687385068044,0,bad
9000001092-2,2021-01-31,14.0,57.0996978851964,0,bad
9000001092-2,2021-01-31,15.0,56.22956774427889,0,bad
9000001092-2,2021-01-31,16.0,78.02281368821284,0,bad
9000001092-2,2021-02-01,8.0,160.229720028715,1,bad
9000001092-2,2021-02-01,9.0,137.9110950487892,1,bad
9000001092-2,2021-02-01,10.0,214.4284128745835,1,bad
9000001092-2,2021-02-01,11.0,172.1973094170405,1,bad
9000001092-2,2021-02-01,12.0,122.36135957066263,1,bad
9000001092-2,2021-02-01,14.0,150.8627773212814,1,bad
9000001092-2,2021-02-01,15.0,187.2991583779642,1,bad
9000001092-2,2021-02-01,16.0,181.1490799849799,1,bad
9000001092-2,2021-02-02,8.0,162.4548736462099,1,bad
9000001092-2,2021-02-02,9.0,162.8725314183126,1,bad
9000001092-2,2021-02-02,10.0,144.1587068332103,1,bad
9000001092-2,2021-02-02,11.0,146.91224268689112,1,bad
9000001092-2,2021-02-02,12.0,143.43195266272232,1,bad
9000001092-2,2021-02-02,13.0,146.0364719017487,1,bad
9000001092-2,2021-02-02,14.0,146.9008264462814,1,bad
9000001092-2,2021-02-02,15.0,229.3410993811429,1,bad
9000001092-2,2021-02-02,16.0,202.49150622876545,1,bad
9000001092-2,2021-02-03,8.0,141.6815742397136,1,good
9000001092-2,2021-02-03,9.0,150.3881700554531,1,good
9000001092-2,2021-02-03,10.0,145.3619497999272,1,good
9000001092-2,2021-02-03,11.0,141.3577981651379,1,good
9000001092-2,2021-02-03,12.0,163.20719370550708,1,good
9000001092-2,2021-02-03,13.0,134.0707964601772,1,good
9000001092-2,2021-02-03,14.0,136.2307980517049,1,good
9000001092-2,2021-02-03,15.0,213.6380390711391,1,good
9000001092-2,2021-02-03,16.0,188.5913853317809,1,good
9000001092-2,2021-02-04,8.0,149.3449781659393,1,good
9000001092-2,2021-02-04,9.0,158.18381545221553,1,good
9000001092-2,2021-02-04,10.0,167.8756476683939,1,good
9000001092-2,2021-02-04,11.0,175.74370709382168,1,good
9000001092-2,2021-02-04,12.0,140.242557883131,1,good
9000001092-2,2021-02-04,13.0,161.6326530612249,1,good
9000001092-2,2021-02-04,14.0,164.53382084095128,1,good
9000001092-2,2021-02-04,15.0,212.00149086843038,1,good
9000001092-2,2021-02-04,16.0,187.6524953789282,1,good
9000001092-2,2021-02-05,8.0,159.4192377495464,1,good
9000001092-2,2021-02-05,9.0,156.5217391304353,1,good
9000001092-2,2021-02-05,10.0,167.8478179783665,1,good
9000001092-2,2021-02-05,11.0,186.16071428571462,1,good
9000001092-2,2021-02-05,12.0,145.2677916360972,1,good
9000001092-2,2021-02-05,13.0,169.4117647058822,1,good
9000001092-2,2021-02-05,14.0,181.19911176906,1,good
9000001092-2,2021-02-05,15.0,186.45948945616038,1,good
9000001092-2,2021-02-05,16.0,232.9020332717199,1,good
9000001092-2,2021-02-06,8.0,100.85106382978731,0,good
9000001092-2,2021-02-06,9.0,159.3269934162398,0,good
9000001092-2,2021-02-06,10.0,171.4285714285714,0,good
9000001092-2,2021-02-06,11.0,181.057268722467,0,good
9000001092-2,2021-02-06,12.0,158.59030837004372,0,good
9000001092-2,2021-02-06,13.0,142.7609427609425,0,good
9000001092-2,2021-02-06,14.0,114.89361702127651,0,good
9000001092-2,2021-02-06,15.0,120.089955022489,0,good
9000001092-2,2021-02-06,16.0,125.59780478243819,0,good
9000001092-2,2021-02-07,8.0,45.5216016859852,0,bad
9000001092-2,2021-02-07,9.0,78.97623400365622,0,bad
9000001092-2,2021-02-07,10.0,86.873857404022,0,bad
9000001092-2,2021-02-07,11.0,94.702228717574,0,bad
9000001092-2,2021-02-07,12.0,74.6390225842281,0,bad
9000001092-2,2021-02-07,13.0,64.92454913507545,0,bad
9000001092-2,2021-02-07,14.0,73.0357801549244,0,bad
9000001092-2,2021-02-07,15.0,61.53846153846154,0,bad
9000001092-2,2021-02-07,16.0,66.73346693386773,0,bad
9000001092-2,2021-02-08,8.0,126.5675969554187,1,bad
9000001092-2,2021-02-08,9.0,93.92471114424157,1,bad
9000001092-2,2021-02-08,10.0,141.0720887245842,1,bad
9000001092-2,2021-02-08,11.0,156.8131049888309,1,bad
9000001092-2,2021-02-08,12.0,131.88785046728938,1,bad
9000001092-2,2021-02-08,13.0,124.9036237471088,1,bad
9000001092-2,2021-02-08,14.0,101.14760585674708,1,bad
9000001092-2,2021-02-08,15.0,122.8942486085347,1,bad
9000001092-2,2021-02-08,16.0,112.7174333204486,1,bad
9000001092-2,2021-02-09,8.0,188.91089108910901,1,bad
9000001092-2,2021-02-09,9.0,152.45170876671648,1,bad
9000001092-2,2021-02-09,10.0,163.57491550882452,1,bad
9000001092-2,2021-02-09,11.0,161.7829740591889,1,bad
9000001092-2,2021-02-09,12.0,150.1661129568106,1,bad
9000001092-2,2021-02-09,13.0,147.310989867498,1,bad
9000001092-2,2021-02-09,14.0,166.8161434977583,1,bad
9000001092-2,2021-02-09,15.0,215.0858849887979,1,bad
9000001092-2,2021-02-09,16.0,207.23247232472278,1,bad
9000001092-2,2021-02-10,8.0,158.40000000000032,1,bad
9000001092-2,2021-02-10,9.0,145.37444933920702,1,bad
9000001092-2,2021-02-10,10.0,153.3632286995516,1,bad
9000001092-2,2021-02-10,11.0,155.0434454098978,1,bad
9000001092-2,2021-02-10,12.0,112.83582089552276,1,bad
9000001092-2,2021-02-10,13.0,162.787249814678,1,bad
9000001092-2,2021-02-10,14.0,191.1387770047599,1,bad
9000001092-2,2021-02-10,15.0,211.135857461025,1,bad
9000001092-2,2021-02-10,16.0,187.70949720670382,1,bad
9000001092-2,2021-02-11,7.0,190.7398568019089,1,bad
9000001092-2,2021-02-11,8.0,211.3785557986868,1,bad
9000001092-2,2021-02-11,9.0,158.8426763110312,1,bad
9000001092-2,2021-02-11,10.0,186.9281045751635,1,bad
9000001092-2,2021-02-11,11.0,137.2549019607845,1,bad
9000001092-2,2021-02-11,12.0,135.6254572055594,1,bad
9000001092-2,2021-02-11,13.0,153.891121666058,1,bad
9000001092-2,2021-02-11,14.0,189.4044574351483,1,bad
9000001092-2,2021-02-11,15.0,184.37383177570052,1,bad
9000001092-2,2021-02-11,16.0,182.4324324324325,1,bad
9000001092-2,2021-02-12,7.0,168.6824189026827,1,bad
9000001092-2,2021-02-12,8.0,192.9260450160768,1,bad
9000001092-2,2021-02-12,9.0,161.7391304347823,1,bad
9000001092-2,2021-02-12,10.0,161.8564176939809,1,bad
9000001092-2,2021-02-12,11.0,153.99515738498738,1,bad
9000001092-2,2021-02-12,12.0,177.89585547290142,1,bad
9000001092-2,2021-02-12,14.0,205.23882896764212,1,bad
9000001092-2,2021-02-12,15.0,213.2543502406512,1,bad
9000001092-2,2021-02-12,16.0,154.5352743561033,1,bad
9000001092-2,2021-02-13,7.0,72.62247838616703,0,bad
9000001092-2,2021-02-13,8.0,108.54271356783926,0,bad
9000001092-2,2021-02-13,9.0,168.1751824817519,0,bad
9000001092-2,2021-02-13,10.0,189.0472618154543,0,bad
9000001092-2,2021-02-13,11.0,180.58887677208318,0,bad
9000001092-2,2021-02-13,12.0,98.70322341608009,0,bad
9000001092-2,2021-02-13,13.0,134.56698741672886,0,bad
9000001092-2,2021-02-13,14.0,120.9974701843151,0,bad
9000001092-2,2021-02-13,15.0,138.8684790595151,0,bad
9000001092-2,2021-02-13,16.0,97.3684210526317,0,bad
9000001092-2,2021-02-14,7.0,29.2049756625203,0,bad
9000001092-2,2021-02-14,8.0,45.635639261137214,0,bad
9000001092-2,2021-02-14,9.0,83.53879622915154,0,bad
9000001092-2,2021-02-14,10.0,116.51342405296103,0,bad
9000001092-2,2021-02-14,11.0,101.35283363802561,0,bad
9000001092-2,2021-02-14,12.0,66.4495114006515,0,bad
9000001092-2,2021-02-14,13.0,115.02019831068684,0,bad
9000001092-2,2021-02-14,14.0,112.99852289512586,0,bad
9000001092-2,2021-02-14,15.0,114.94920174165438,0,bad
9000001092-2,2021-02-14,16.0,68.7567567567567,0,bad
9000001092-2,2021-02-15,7.0,193.8461538461531,1,bad
9000001092-2,2021-02-15,8.0,194.59459459459418,1,bad
9000001092-2,2021-02-15,9.0,203.1513374862585,1,bad
9000001092-2,2021-02-15,10.0,145.2145214521446,1,bad
9000001092-2,2021-02-15,11.0,150.05484460694746,1,bad
9000001092-2,2021-02-15,12.0,95.71074087203125,1,bad
9000001092-2,2021-02-15,13.0,160.6437454279441,1,bad
9000001092-2,2021-02-15,14.0,188.7201735357925,1,bad
9000001092-2,2021-02-15,15.0,249.7638939338901,1,bad
9000001092-2,2021-02-15,16.0,152.6873857404022,1,bad
9000001092-2,2021-02-16,7.0,188.0017263703059,1,bad
9000001092-2,2021-02-16,8.0,212.9870129870134,1,bad
9000001092-2,2021-02-16,9.0,165.8150413817918,1,bad
9000001092-2,2021-02-16,10.0,184.94934876989808,1,bad
9000001092-2,2021-02-16,11.0,168.16385195831845,1,bad
9000001092-2,2021-02-16,12.0,98.68280526877892,1,bad
9000001092-2,2021-02-16,13.0,167.2595281306717,1,bad
9000001092-2,2021-02-16,15.0,236.2156663275686,1,bad
9000001092-2,2021-02-16,16.0,169.96282527881067,1,bad
9000001092-2,2021-02-17,8.0,185.7701329163401,1,bad
9000001092-2,2021-02-17,9.0,156.52173913043433,1,bad
9000001092-2,2021-02-17,10.0,151.71903881700558,1,bad
9000001092-2,2021-02-17,11.0,163.394833948339,1,bad
9000001092-2,2021-02-17,12.0,164.0029873039589,1,bad
9000001092-2,2021-02-17,13.0,168.7084870848709,1,bad
9000001092-2,2021-02-17,14.0,181.93979933110427,1,bad
9000001092-2,2021-02-17,15.0,232.7759197324421,1,bad
9000001092-2,2021-02-17,16.0,213.72912801484216,1,bad
9000001092-2,2021-02-18,7.0,189.5534962089296,1,good
9000001092-2,2021-02-18,8.0,208.9985486211891,1,good
9000001092-2,2021-02-18,9.0,145.2562704471108,1,good
9000001092-2,2021-02-18,10.0,198.31068674256298,1,good
9000001092-2,2021-02-18,11.0,149.9451954694924,1,good
9000001092-2,2021-02-18,12.0,135.3383458646617,1,good
9000001092-2,2021-02-18,13.0,151.9266055045869,1,good
9000001092-2,2021-02-18,14.0,196.8325791855204,1,good
9000001092-2,2021-02-18,15.0,221.55863073561582,1,good
9000001092-2,2021-02-18,16.0,223.12925170068104,1,good
9000001092-2,2021-02-19,8.0,171.4913887871018,1,bad
9000001092-2,2021-02-19,9.0,169.86100950987588,1,bad
9000001092-2,2021-02-19,10.0,181.39021699154108,1,bad
9000001092-2,2021-02-19,11.0,163.9941690962095,1,bad
9000001092-2,2021-02-19,12.0,170.91588785046739,1,bad
9000001092-2,2021-02-19,13.0,193.0224017627613,1,bad
9000001092-2,2021-02-19,14.0,206.13224972293983,1,bad
9000001092-2,2021-02-19,15.0,262.40238006693977,1,bad
9000001092-2,2021-02-19,16.0,222.9143492769742,1,bad
9000001092-2,2021-02-20,7.0,87.86791098348897,0,good
9000001092-2,2021-02-20,8.0,106.7142857142858,0,good
9000001092-2,2021-02-20,9.0,151.2931034482755,0,good
9000001092-2,2021-02-20,10.0,179.0127970749547,0,good
9000001092-2,2021-02-20,11.0,188.2266910420478,0,good
9000001092-2,2021-02-20,12.0,185.05338078291794,0,good
9000001092-2,2021-02-20,15.0,115.23895401262399,0,good
9000001092-2,2021-02-20,16.0,118.986412045538,0,good
9000001092-2,2021-02-20,17.0,154.1867179980757,0,good
9000001092-2,2021-02-21,7.0,19.026047565118894,0,good
9000001092-2,2021-02-21,8.0,49.511400651465834,0,good
9000001092-2,2021-02-21,9.0,85.7761732851985,0,good
9000001092-2,2021-02-21,10.0,93.37175792507196,0,good
9000001092-2,2021-02-21,11.0,121.3675213675217,0,good
9000001092-2,2021-02-21,12.0,106.85920577617355,0,good
9000001092-2,2021-02-21,13.0,83.09754281459418,0,good
9000001092-2,2021-02-21,14.0,111.90295678544354,0,good
9000001092-2,2021-02-21,16.0,86.1561119293078,0,good
9000001092-2,2021-02-21,17.0,114.36241610738256,0,good
9000001092-2,2021-02-22,7.0,213.66653650917587,1,good
9000001092-2,2021-02-22,8.0,157.77940102264418,1,good
9000001092-2,2021-02-22,9.0,170.68965517241378,1,good
9000001092-2,2021-02-22,10.0,184.179970972423,1,good
9000001092-2,2021-02-22,11.0,167.3499267935577,1,good
9000001092-2,2021-02-22,12.0,155.5474185280121,1,good
9000001092-2,2021-02-22,13.0,165.22388059701498,1,good
9000001092-2,2021-02-22,14.0,198.1529368304393,1,good
9000001092-2,2021-02-22,15.0,195.6377079482448,1,good
9000001092-2,2021-02-22,16.0,180.93126385809342,1,good
9000001092-2,2021-02-23,7.0,214.8232611174458,1,good
9000001092-2,2021-02-23,8.0,189.95969219494302,1,good
9000001092-2,2021-02-23,9.0,160.92285508291283,1,good
9000001092-2,2021-02-23,10.0,161.4466546112117,1,good
9000001092-2,2021-02-23,11.0,172.8105533162328,1,good
9000001092-2,2021-02-23,12.0,181.69223156853022,1,good
9000001092-2,2021-02-23,13.0,168.99911426040745,1,good
9000001092-2,2021-02-23,16.0,151.49501661129568,1,good
9000001092-2,2021-02-23,17.0,184.70308788598632,1,good
9000001092-2,2021-02-24,7.0,176.3948497854077,1,good
9000001092-2,2021-02-24,8.0,154.3783783783783,1,good
9000001092-2,2021-02-24,9.0,152.6315789473683,1,good
9000001092-2,2021-02-24,10.0,151.5239477503628,1,good
9000001092-2,2021-02-24,11.0,131.16377785638429,1,good
9000001092-2,2021-02-24,12.0,123.9176721078782,1,good
9000001092-2,2021-02-24,13.0,139.2051557465094,1,good
9000001092-2,2021-02-24,15.0,181.6971713810312,1,good
9000001092-2,2021-02-24,16.0,89.3002591632729,1,good
9000001092-2,2021-02-24,17.0,194.51371571072337,1,good
9000001092-2,2021-02-25,7.0,192.78828989646578,1,good
9000001092-2,2021-02-25,8.0,159.70909090909072,1,good
9000001092-2,2021-02-25,9.0,167.9300291545188,1,good
9000001092-2,2021-02-25,10.0,185.1878876322504,1,good
9000001092-2,2021-02-25,11.0,113.8840070298766,1,good
9000001092-2,2021-02-25,12.0,93.9682539682539,1,good
9000001092-2,2021-02-25,13.0,155.96133190118138,1,good
9000001092-2,2021-02-25,16.0,104.8672566371682,1,good
9000001092-2,2021-02-25,17.0,199.05882352941123,1,good
9000001092-2,2021-02-26,7.0,188.5898815931105,1,good
9000001092-2,2021-02-26,8.0,153.7688442211053,1,good
9000001092-2,2021-02-26,9.0,209.07441016333934,1,good
9000001092-2,2021-02-26,10.0,191.60028964518423,1,good
9000001092-2,2021-02-26,11.0,124.80343102215916,1,good
9000001092-2,2021-02-26,12.0,89.96832101372758,1,good
9000001092-2,2021-02-26,13.0,168.91117478509992,1,good
9000001092-2,2021-02-26,14.0,203.7459283387628,1,good
9000001092-2,2021-02-26,16.0,127.17784022480939,1,good
9000001092-2,2021-02-26,17.0,192.95352323838034,1,good
9000001092-2,2021-02-27,7.0,90.61488673139146,0,good
9000001092-2,2021-02-27,8.0,122.9204504177262,0,good
9000001092-2,2021-02-27,9.0,177.37226277372235,0,good
9000001092-2,2021-02-27,10.0,210.37037037037078,0,good
9000001092-2,2021-02-27,11.0,163.6363636363638,0,good
9000001092-2,2021-02-27,12.0,106.11353711790382,0,good
9000001092-2,2021-02-27,13.0,135.92375366568922,0,good
9000001092-2,2021-02-27,14.0,114.446680080483,0,good
9000001092-2,2021-02-27,16.0,82.5627957772115,0,good
9000001092-2,2021-02-27,17.0,117.55102040816354,0,good
9000001092-2,2021-02-28,7.0,20.22471910112362,0,bad
9000001092-2,2021-02-28,8.0,60.43795620437961,0,bad
9000001092-2,2021-02-28,9.0,103.1594415870679,0,bad
9000001092-2,2021-02-28,10.0,97.36939607261954,0,bad
9000001092-2,2021-02-28,11.0,70.7166242269916,0,bad
9000001092-2,2021-02-28,12.0,49.454033110249995,0,bad
9000001092-2,2021-02-28,13.0,94.60043196544272,0,bad
9000001092-2,2021-02-28,14.0,97.2972972972972,0,bad
9000001092-2,2021-02-28,16.0,54.9418604651163,0,bad
9000001092-2,2021-02-28,17.0,67.11409395973153,0,bad
9000001092-2,2021-03-01,7.0,198.48648648648592,1,good
9000001092-2,2021-03-01,8.0,203.924472417623,1,good
9000001092-2,2021-03-01,9.0,187.894164552374,1,good
9000001092-2,2021-03-01,10.0,147.3684210526315,1,good
9000001092-2,2021-03-01,11.0,89.80477223427334,1,good
9000001092-2,2021-03-01,12.0,89.71164115343544,1,good
9000001092-2,2021-03-01,13.0,176.25137011326302,1,good
9000001092-2,2021-03-01,14.0,184.8540820096044,1,good
9000001092-2,2021-03-01,16.0,119.645494830133,1,good
9000001092-2,2021-03-01,17.0,171.49390243902437,1,good
9000001092-2,2021-03-02,7.0,189.609458975278,1,good
9000001092-2,2021-03-02,8.0,202.54083484573482,1,good
9000001092-2,2021-03-02,9.0,157.7586206896555,1,good
9000001092-2,2021-03-02,10.0,153.4127843987004,1,good
9000001092-2,2021-03-02,11.0,88.77769835596867,1,good
9000001092-2,2021-03-02,12.0,66.18601297764964,1,good
9000001092-2,2021-03-02,13.0,149.7310864108999,1,good
9000001092-2,2021-03-02,14.0,197.41480611045802,1,good
9000001092-2,2021-03-02,16.0,97.5139146567717,1,good
9000001092-2,2021-03-02,17.0,141.0199556541022,1,good
9000001092-2,2021-03-03,7.0,183.7259100642398,1,good
9000001092-2,2021-03-03,8.0,212.00000000000068,1,good
9000001092-2,2021-03-03,9.0,141.7533432392275,1,good
9000001092-2,2021-03-03,10.0,145.088161209068,1,good
9000001092-2,2021-03-03,11.0,103.11173974540324,1,good
9000001092-2,2021-03-03,12.0,76.32508833922263,1,good
9000001092-2,2021-03-03,13.0,174.3404409107341,1,good
9000001092-2,2021-03-03,14.0,182.514970059881,1,good
9000001092-2,2021-03-03,16.0,60.1113172541744,1,good
9000001092-2,2021-03-03,17.0,227.2693313410533,1,good
9000001092-2,2021-03-04,7.0,192.6760563380285,1,good
9000001092-2,2021-03-04,8.0,193.08855291576631,1,good
9000001092-2,2021-03-04,9.0,202.5080616266579,1,good
9000001092-2,2021-03-04,10.0,123.60515021459199,1,good
9000001092-2,2021-03-04,11.0,70.41564792176045,1,good
9000001092-2,2021-03-04,12.0,89.23512747875357,1,good
9000001092-2,2021-03-04,13.0,178.2307972333455,1,good
9000001092-2,2021-03-04,14.0,162.4664879356575,1,good
9000001092-2,2021-03-04,16.0,129.0942698706099,1,good
9000001092-2,2021-03-04,17.0,159.8507462686574,1,good
9000001092-2,2021-03-05,7.0,186.8602540834839,1,bad
9000001092-2,2021-03-05,8.0,212.69146608315157,1,bad
9000001092-2,2021-03-05,9.0,169.97417926964232,1,bad
9000001092-2,2021-03-05,10.0,204.17124039517026,1,bad
9000001092-2,2021-03-05,11.0,175.085324232082,1,bad
9000001092-2,2021-03-05,12.0,209.85691573926928,1,bad
9000001092-2,2021-03-05,13.0,168.8622754491012,1,bad
9000001092-2,2021-03-05,15.0,236.7083501411858,1,bad
9000001092-2,2021-03-05,16.0,109.903201787044,1,bad
9000001092-2,2021-03-05,17.0,195.8823529411758,1,bad
9000001092-2,2021-03-06,7.0,86.9318181818182,0,bad
9000001092-2,2021-03-06,8.0,138.512275558813,0,bad
9000001092-2,2021-03-06,9.0,179.60670065549868,0,bad
9000001092-2,2021-03-06,10.0,162.6064420584972,0,bad
9000001092-2,2021-03-06,11.0,133.88429752066068,0,bad
9000001092-2,2021-03-06,12.0,91.67862266857973,0,bad
9000001092-2,2021-03-06,13.0,125.00923531584746,0,bad
9000001092-2,2021-03-06,14.0,114.45471349353004,0,bad
9000001092-2,2021-03-06,16.0,79.10614525139658,0,bad
9000001092-2,2021-03-06,17.0,97.43964886613026,0,bad
9000001092-2,2021-03-07,7.0,31.948881789137392,0,bad
9000001092-2,2021-03-07,8.0,50.94339622641509,0,bad
9000001092-2,2021-03-07,9.0,69.48288419519298,0,bad
9000001092-2,2021-03-07,10.0,87.6453488372093,0,bad
9000001092-2,2021-03-07,11.0,70.33285094066571,0,bad
9000001092-2,2021-03-07,12.0,71.64179104477616,0,bad
9000001092-2,2021-03-07,13.0,82.02531645569623,0,bad
9000001092-2,2021-03-07,14.0,95.80209895052478,0,bad
9000001092-2,2021-03-07,16.0,63.319897398314296,0,bad
9000001092-2,2021-03-07,17.0,99.52082565425722,0,bad
9000001092-2,2021-03-08,7.0,211.6110304789546,1,good
9000001092-2,2021-03-08,8.0,241.3994169096202,1,good
9000001092-2,2021-03-08,9.0,182.8073993471159,1,good
9000001092-2,2021-03-08,10.0,148.64179645056183,1,good
9000001092-2,2021-03-08,11.0,95.48387096774205,1,good
9000001092-2,2021-03-08,12.0,116.49665845937362,1,good
9000001092-2,2021-03-08,13.0,176.11510791366868,1,good
9000001092-2,2021-03-08,14.0,192.0382165605102,1,good
9000001092-2,2021-03-08,16.0,64.5444566410538,1,good
9000001092-2,2021-03-08,17.0,152.50836120401368,1,good
9000001092-2,2021-03-09,7.0,185.4466858789619,1,bad
9000001092-2,2021-03-09,8.0,178.0363636363636,1,bad
9000001092-2,2021-03-09,9.0,143.5302645886189,1,bad
9000001092-2,2021-03-09,10.0,142.1558164354324,1,bad
9000001092-2,2021-03-09,11.0,79.48717948717956,1,bad
9000001092-2,2021-03-09,12.0,93.9020091646106,1,bad
9000001092-2,2021-03-09,13.0,170.2005730659021,1,bad
9000001092-2,2021-03-09,14.0,169.1803278688527,1,bad
9000001092-2,2021-03-09,16.0,71.6285924834192,1,bad
9000001092-2,2021-03-09,17.0,133.6799108800592,1,bad
9000001092-2,2021-03-10,7.0,217.83029001074044,1,bad
9000001092-2,2021-03-10,8.0,232.89473684210517,1,bad
9000001092-2,2021-03-10,9.0,167.5324675324673,1,bad
9000001092-2,2021-03-10,10.0,135.19313304721038,1,bad
9000001092-2,2021-03-10,11.0,73.89268995318687,1,bad
9000001092-2,2021-03-10,12.0,125.2173913043477,1,bad
9000001092-2,2021-03-10,13.0,168.46652267818538,1,bad
9000001092-2,2021-03-10,14.0,176.3535911602215,1,bad
9000001092-2,2021-03-10,16.0,73.69219105382861,1,bad
9000001092-2,2021-03-10,17.0,130.2676215604978,1,bad
9000001092-2,2021-03-11,7.0,205.1542649727763,1,bad
9000001092-2,2021-03-11,8.0,216.6301969365427,1,bad
9000001092-2,2021-03-11,9.0,161.5198059822153,1,bad
9000001092-2,2021-03-11,13.0,186.8073878627967,1,bad
9000001092-2,2021-03-11,14.0,208.23136818687402,1,bad
9000001092-2,2021-03-11,15.0,242.1937842778797,1,bad
9000001092-2,2021-03-11,16.0,205.21609538002997,1,bad
9000001092-2,2021-03-11,17.0,210.6613226452906,1,bad
9000001092-2,2021-03-12,7.0,199.92692729265616,1,bad
9000001092-2,2021-03-12,8.0,234.9834983498346,1,bad
9000001092-2,2021-03-12,9.0,202.64450321118198,1,bad
9000001092-2,2021-03-12,10.0,179.28026172301,1,bad
9000001092-2,2021-03-12,11.0,165.0277264325328,1,bad
9000001092-2,2021-03-12,12.0,233.5208098987628,1,bad
9000001092-2,2021-03-12,13.0,200.074101519081,1,bad
9000001092-2,2021-03-12,14.0,237.84994400895852,1,bad
9000001092-2,2021-03-12,15.0,243.8880706921951,1,bad
9000001092-2,2021-03-12,16.0,210.82283172720506,1,bad
9000001092-2,2021-03-12,17.0,206.6590126291629,1,bad
9000001092-2,2021-03-13,7.0,109.8651525904898,0,bad
9000001092-2,2021-03-13,8.0,132.85094066570142,0,bad
9000001092-2,2021-03-13,9.0,179.9352750809062,0,bad
9000001092-2,2021-03-13,10.0,173.2544378698222,0,bad
9000001092-2,2021-03-13,11.0,165.64920273348523,0,bad
9000001092-2,2021-03-13,12.0,170.02724795640333,0,bad
9000001092-2,2021-03-13,13.0,155.0660792951538,0,bad
9000001092-2,2021-03-13,16.0,41.8604651162791,0,bad
9000001092-2,2021-03-13,17.0,88.6764705882353,0,bad
9000001092-2,2021-03-14,7.0,23.3177401943145,0,bad
9000001092-2,2021-03-14,8.0,59.037900874635476,0,bad
9000001092-2,2021-03-14,9.0,67.50811395600428,0,bad
9000001092-2,2021-03-14,10.0,93.35281227173121,0,bad
9000001092-2,2021-03-14,11.0,110.29900332225925,0,bad
9000001092-2,2021-03-14,12.0,89.96643043640428,0,bad
9000001092-2,2021-03-14,13.0,75.3303964757709,0,bad
9000001092-2,2021-03-14,14.0,63.59955833640045,0,bad
9000001092-2,2021-03-14,15.0,83.4704562453253,0,bad
9000001092-2,2021-03-14,16.0,92.03798392987588,0,bad
9000001092-2,2021-03-14,17.0,80.26565464895631,0,bad
9000001092-2,2021-03-15,7.0,204.67794170565,1,good
9000001092-2,2021-03-15,8.0,201.04947526236901,1,good
9000001092-2,2021-03-15,9.0,171.8032786885247,1,good
9000001092-2,2021-03-15,10.0,126.03938730853427,1,good
9000001092-2,2021-03-15,11.0,74.09040793825802,1,good
9000001092-2,2021-03-15,12.0,151.92660550458695,1,good
9000001092-2,2021-03-15,13.0,159.3613933236566,1,good
9000001092-2,2021-03-15,14.0,203.8475499092557,1,good
9000001092-2,2021-03-15,16.0,84.1121495327103,1,good
9000001092-2,2021-03-15,17.0,107.4002324680355,1,good
9000001092-2,2021-03-16,6.0,129.9440772750383,1,good
9000001092-2,2021-03-16,7.0,205.3084648493544,1,good
9000001092-2,2021-03-16,8.0,183.8074398249455,1,good
9000001092-2,2021-03-16,9.0,135.8993338267949,1,good
9000001092-2,2021-03-16,10.0,127.85793562708156,1,good
9000001092-2,2021-03-16,11.0,51.07311749727165,1,good
9000001092-2,2021-03-16,12.0,141.17647058823536,1,good
9000001092-2,2021-03-16,14.0,196.6996699669962,1,good
9000001092-2,2021-03-16,15.0,231.4381270903009,1,good
9000001092-2,2021-03-16,16.0,171.07742728389988,1,good
9000001092-2,2021-03-16,17.0,174.56173069750082,1,good
9000001092-2,2021-03-17,6.0,111.1304347826091,1,bad
9000001092-2,2021-03-17,7.0,187.90496760259202,1,bad
9000001092-2,2021-03-17,8.0,190.0990099009897,1,bad
9000001092-2,2021-03-17,9.0,154.88069414316712,1,bad
9000001092-2,2021-03-17,10.0,116.3422695556374,1,bad
9000001092-2,2021-03-17,11.0,71.31327953044749,1,bad
9000001092-2,2021-03-17,12.0,151.08538350217052,1,bad
9000001092-2,2021-03-17,13.0,157.1544058205335,1,bad
9000001092-2,2021-03-17,14.0,182.3615160349851,1,bad
9000001092-2,2021-03-17,16.0,114.43530291697832,1,bad
9000001092-2,2021-03-17,17.0,92.55564082885641,1,bad
9000001092-2,2021-03-18,6.0,124.8456057007125,1,bad
9000001092-2,2021-03-18,7.0,218.57142857142867,1,bad
9000001092-2,2021-03-18,8.0,232.3452157598507,1,bad
9000001092-2,2021-03-18,9.0,153.6903039073804,1,bad
9000001092-2,2021-03-18,10.0,126.76967301473239,1,bad
9000001092-2,2021-03-18,11.0,97.5824175824176,1,bad
9000001092-2,2021-03-18,12.0,127.433628318584,1,bad
9000001092-2,2021-03-18,13.0,155.7287607170696,1,bad
9000001092-2,2021-03-18,14.0,197.3561430793163,1,bad
9000001092-2,2021-03-18,15.0,267.1015083571133,1,bad
9000001092-2,2021-03-18,16.0,203.1180400890874,1,bad
9000001092-2,2021-03-18,17.0,197.7578475336323,1,bad
9000001092-2,2021-03-19,6.0,125.2577319587632,1,bad
9000001092-2,2021-03-19,7.0,200.8583690987124,1,bad
9000001092-2,2021-03-19,8.0,246.77419354838634,1,bad
9000001092-2,2021-03-19,9.0,160.56026538886883,1,bad
9000001092-2,2021-03-19,10.0,137.8053226394458,1,bad
9000001092-2,2021-03-19,11.0,108.01317233808949,1,bad
9000001092-2,2021-03-19,12.0,190.9600298841987,1,bad
9000001092-2,2021-03-19,13.0,185.3246254321935,1,bad
9000001092-2,2021-03-19,14.0,231.3253012048195,1,bad
9000001092-2,2021-03-19,15.0,283.3948339483392,1,bad
9000001092-2,2021-03-19,16.0,72.7659574468086,1,bad
9000001092-2,2021-03-19,17.0,107.641196013289,1,bad
9000001092-2,2021-03-20,6.0,52.64750378214826,0,bad
9000001092-2,2021-03-20,7.0,82.75862068965519,0,bad
9000001092-2,2021-03-20,8.0,120.08895478131952,0,bad
9000001092-2,2021-03-20,9.0,153.38674435542583,0,bad
9000001092-2,2021-03-20,10.0,123.80588460068793,0,bad
9000001092-2,2021-03-20,11.0,72.7544910179641,0,bad
9000001092-2,2021-03-20,12.0,167.86885245901658,0,bad
9000001092-2,2021-03-20,13.0,117.02992242334696,0,bad
9000001092-2,2021-03-20,14.0,116.38795986622128,0,bad
9000001092-2,2021-03-20,16.0,67.6529388244702,0,bad
9000001092-2,2021-03-20,17.0,104.36746987951808,0,bad
9000001092-2,2021-03-21,6.0,21.843003412969303,0,bad
9000001092-2,2021-03-21,7.0,27.450980392156815,0,bad
9000001092-2,2021-03-21,8.0,57.6536312849162,0,bad
9000001092-2,2021-03-21,9.0,78.65986890021847,0,bad
9000001092-2,2021-03-21,10.0,72.7134146341464,0,bad
9000001092-2,2021-03-21,11.0,42.80936454849494,0,bad
9000001092-2,2021-03-21,12.0,84.93647912885658,0,bad
9000001092-2,2021-03-21,13.0,77.94495412844041,0,bad
9000001092-2,2021-03-21,14.0,88.52459016393433,0,bad
9000001092-2,2021-03-21,16.0,102.16579536967897,0,bad
9000001092-2,2021-03-21,17.0,111.649016641452,0,bad
9000001092-2,2021-03-22,6.0,138.2131324004304,1,good
9000001092-2,2021-03-22,7.0,221.29527991218413,1,good
9000001092-2,2021-03-22,8.0,193.8358707760859,1,good
9000001092-2,2021-03-22,9.0,164.4073939833271,1,good
9000001092-2,2021-03-22,10.0,113.9240506329119,1,good
9000001092-2,2021-03-22,11.0,161.7053673391704,1,good
9000001092-2,2021-03-22,12.0,155.22388059701532,1,good
9000001092-2,2021-03-22,13.0,165.8349328214974,1,good
9000001092-2,2021-03-22,14.0,193.0434782608693,1,good
9000001092-2,2021-03-22,15.0,213.86138613861402,1,good
9000001092-2,2021-03-22,16.0,180.0682076544144,1,good
9000001092-2,2021-03-22,17.0,164.9945867917724,1,good
9000001092-2,2021-03-23,6.0,113.09565831274251,1,good
9000001092-2,2021-03-23,7.0,180.4610318331499,1,good
9000001092-2,2021-03-23,8.0,252.4709302325574,1,good
9000001092-2,2021-03-23,9.0,161.44665461121159,1,good
9000001092-2,2021-03-23,10.0,122.59245697546676,1,good
9000001092-2,2021-03-23,11.0,114.18155304411219,1,good
9000001092-2,2021-03-23,12.0,149.9456718580226,1,good
9000001092-2,2021-03-23,13.0,156.35036496350352,1,good
9000001092-2,2021-03-23,14.0,186.76691729323318,1,good
9000001092-2,2021-03-23,17.0,114.2435424354247,1,good
9000001092-2,2021-03-24,6.0,125.23961661341839,1,good
9000001092-2,2021-03-24,7.0,220.8348457350265,1,good
9000001092-2,2021-03-24,8.0,174.3627093954848,1,good
9000001092-2,2021-03-24,9.0,143.4210526315791,1,good
9000001092-2,2021-03-24,10.0,99.96297667530551,1,good
9000001092-2,2021-03-24,11.0,88.59934853420194,1,good
9000001092-2,2021-03-24,12.0,121.12879884225744,1,good
9000001092-2,2021-03-24,13.0,177.50182615047518,1,good
9000001092-2,2021-03-24,14.0,161.13390525923143,1,good
9000001092-2,2021-03-24,16.0,81.4216478190629,1,good
9000001092-2,2021-03-24,17.0,95.5514018691588,1,good
9000001092-2,2021-03-25,6.0,124.4680851063827,1,good
9000001092-2,2021-03-25,7.0,228.0601288475307,1,good
9000001092-2,2021-03-25,8.0,219.6987253765932,1,good
9000001092-2,2021-03-25,9.0,153.7913848344601,1,good
9000001092-2,2021-03-25,10.0,134.26883308714886,1,good
9000001092-2,2021-03-25,11.0,92.00438116100767,1,good
9000001092-2,2021-03-25,12.0,177.7132486388386,1,good
9000001092-2,2021-03-25,13.0,161.6926503340765,1,good
9000001092-2,2021-03-25,14.0,183.0285296269203,1,good
9000001092-2,2021-03-25,16.0,91.45090376160229,1,good
9000001092-2,2021-03-25,17.0,62.7829313543599,1,good
9000001092-2,2021-03-26,6.0,128.77583465818776,1,good
9000001092-2,2021-03-26,7.0,224.42244224422382,1,good
9000001092-2,2021-03-26,8.0,220.1791975068168,1,good
9000001092-2,2021-03-26,9.0,163.10679611650417,1,good
9000001092-2,2021-03-26,10.0,142.15722120658143,1,good
9000001092-2,2021-03-26,11.0,137.7551020408161,1,good
9000001092-2,2021-03-26,12.0,185.5535390199632,1,good
9000001092-2,2021-03-26,13.0,186.7738399707709,1,good
9000001092-2,2021-03-26,14.0,191.3889928865589,1,good
9000001092-2,2021-03-26,16.0,91.6363636363637,1,good
9000001092-2,2021-03-26,17.0,82.3705926481621,1,good
9000001092-2,2021-03-27,6.0,65.65774155995351,0,bad
9000001092-2,2021-03-27,7.0,98.73691808011549,0,bad
9000001092-2,2021-03-27,8.0,132.4758842443732,0,bad
9000001092-2,2021-03-27,9.0,142.7541456380678,0,bad
9000001092-2,2021-03-27,10.0,189.336235038085,0,bad
9000001092-2,2021-03-27,11.0,193.15808426359416,0,bad
9000001092-2,2021-03-27,12.0,150.05632745024482,0,bad
9000001092-2,2021-03-27,13.0,93.182646737149,0,bad
9000001092-2,2021-03-27,14.0,135.6716417910454,0,bad
9000001092-2,2021-03-27,15.0,105.34016093635697,0,bad
9000001092-2,2021-03-27,16.0,100.97232610321609,0,bad
9000001092-2,2021-03-27,17.0,102.47689463955635,0,bad
9000001092-2,2021-03-28,7.0,22.6415094339623,0,bad
9000001092-2,2021-03-28,8.0,43.341846041590685,0,bad
9000001092-2,2021-03-28,9.0,71.36563876651981,0,bad
9000001092-2,2021-03-28,10.0,77.93952967525198,0,bad
9000001092-2,2021-03-28,11.0,84.99754058042306,0,bad
9000001092-2,2021-03-28,12.0,88.80706921944032,0,bad
9000001092-2,2021-03-28,13.0,72.61860291370934,0,bad
9000001092-2,2021-03-28,14.0,63.6808430560782,0,bad
9000001092-2,2021-03-28,15.0,84.53699601240577,0,bad
9000001092-2,2021-03-28,17.0,109.74783590515592,0,bad
9000001092-2,2021-03-28,18.0,74.1721854304636,0,bad
9000001092-2,2021-03-29,7.0,198.6928104575156,1,good
9000001092-2,2021-03-29,8.0,158.4576209530736,1,good
9000001092-2,2021-03-29,9.0,176.76804690362732,1,good
9000001092-2,2021-03-29,10.0,136.85734974656071,1,good
9000001092-2,2021-03-29,11.0,143.949044585987,1,good
9000001092-2,2021-03-29,12.0,107.17360114777584,1,good
9000001092-2,2021-03-29,13.0,190.3719912472649,1,good
9000001092-2,2021-03-29,14.0,169.7104677060141,1,good
9000001092-2,2021-03-29,15.0,190.03717472119007,1,good
9000001092-2,2021-03-29,16.0,194.1343424787137,1,good
9000001092-2,2021-03-29,18.0,78.28971618134898,1,good
9000001092-2,2021-03-30,7.0,228.042704626334,1,good
9000001092-2,2021-03-30,8.0,184.3902439024394,1,good
9000001092-2,2021-03-30,9.0,190.6420021762784,1,good
9000001092-2,2021-03-30,10.0,148.1216457960646,1,good
9000001092-2,2021-03-30,11.0,92.07492795389044,1,good
9000001092-2,2021-03-30,12.0,128.6624203821651,1,good
9000001092-2,2021-03-30,13.0,175.57803468208098,1,good
9000001092-2,2021-03-30,14.0,215.8111652304239,1,good
9000001092-2,2021-03-30,15.0,245.27472527472452,1,good
9000001092-2,2021-03-30,16.0,232.7586206896552,1,good
9000001092-2,2021-03-30,18.0,31.764705882352942,1,good
9000001092-2,2021-03-30,19.0,130.40614709110824,1,good
9000001092-2,2021-03-31,7.0,196.24778761061998,1,good
9000001092-2,2021-03-31,8.0,185.05286183011322,1,good
9000001092-2,2021-03-31,9.0,171.4909090909095,1,good
9000001092-2,2021-03-31,10.0,120.64171122994651,1,good
9000001092-2,2021-03-31,11.0,93.82363441627982,1,good
9000001092-2,2021-03-31,12.0,130.059628200631,1,good
9000001092-2,2021-03-31,13.0,182.16235893702222,1,good
9000001092-2,2021-03-31,14.0,198.36187639612785,1,good
9000001092-2,2021-03-31,15.0,199.26686217008714,1,good
9000001092-2,2021-03-31,16.0,173.7931034482753,1,good
9000001092-2,2021-03-31,18.0,51.8463810930576,1,good
9000001092-2,2021-03-31,19.0,153.1079607415484,1,good
9000001092-2,2021-04-01,7.0,192.8802588996764,1,good
9000001092-2,2021-04-01,8.0,135.9970940791864,1,good
9000001092-2,2021-04-01,9.0,201.0218978102188,1,good
9000001092-2,2021-04-01,10.0,172.94242317202378,1,good
9000001092-2,2021-04-01,11.0,116.72807663964629,1,good
9000001092-2,2021-04-01,12.0,137.9005524861878,1,good
9000001092-2,2021-04-01,13.0,161.75413371675,1,good
9000001092-2,2021-04-01,14.0,179.4721407624627,1,good
9000001092-2,2021-04-01,15.0,197.0215934475054,1,good
9000001092-2,2021-04-01,16.0,165.0519031141867,1,good
9000001092-2,2021-04-01,18.0,37.527922561429605,1,good
9000001092-2,2021-04-02,7.0,197.59615384615373,1,good
9000001092-2,2021-04-02,8.0,151.1287128712877,1,good
9000001092-2,2021-04-02,9.0,198.2932505818463,1,good
9000001092-2,2021-04-02,10.0,226.4678471575021,1,good
9000001092-2,2021-04-02,12.0,190.29688631426492,1,good
9000001092-2,2021-04-02,13.0,186.0914838229823,1,good
9000001092-2,2021-04-02,14.0,199.50074887668583,1,good
9000001092-2,2021-04-02,15.0,242.08860759493612,1,good
9000001092-2,2021-04-02,16.0,195.617879053462,1,good
9000001092-2,2021-04-02,18.0,46.4259395725865,1,good
9000001092-2,2021-04-02,19.0,109.7107438016529,1,good
9000001092-2,2021-04-03,7.0,52.9601722282023,0,bad
9000001092-2,2021-04-03,8.0,99.88751406074245,0,bad
9000001092-2,2021-04-03,9.0,185.2631578947374,0,bad
9000001092-2,2021-04-03,10.0,166.5137614678902,0,bad
9000001092-2,2021-04-03,11.0,140.445859872612,0,bad
9000001092-2,2021-04-03,12.0,166.51129437074286,0,bad
9000001092-2,2021-04-03,13.0,101.59189580318377,0,bad
9000001092-2,2021-04-03,14.0,116.2995594713658,0,bad
9000001092-2,2021-04-03,15.0,98.83414817600611,0,bad
9000001092-2,2021-04-03,16.0,76.16926503340748,0,bad
9000001092-2,2021-04-03,18.0,31.48288973384033,0,bad
9000001092-2,2021-04-03,19.0,79.25151348376455,0,bad
9000001092-2,2021-04-04,7.0,13.86554621848737,0,good
9000001092-2,2021-04-04,8.0,27.411167512690383,0,good
9000001092-2,2021-04-04,9.0,63.366336633663316,0,good
9000001092-2,2021-04-04,10.0,57.5581395348837,0,good
9000001092-2,2021-04-04,11.0,47.38623542685221,0,good
9000001092-2,2021-04-04,12.0,82.91110087517268,0,good
9000001092-2,2021-04-04,13.0,59.911242603550264,0,good
9000001092-2,2021-04-04,14.0,59.1265397536395,0,good
9000001092-2,2021-04-04,15.0,62.366384076667885,0,good
9000001092-2,2021-04-04,16.0,67.0716889428918,0,good
9000001092-2,2021-04-04,18.0,22.77633048008932,0,good
9000001092-2,2021-04-04,19.0,69.76032636409995,0,good
9000001092-2,2021-04-05,7.0,32.95774647887325,1,bad
9000001092-2,2021-04-05,8.0,44.28364688856729,1,bad
9000001092-2,2021-04-05,9.0,65.19377037305324,1,bad
9000001092-2,2021-04-05,10.0,79.3741109530583,1,bad
9000001092-2,2021-04-05,11.0,84.11214953271033,1,bad
9000001092-2,2021-04-05,12.0,97.60563380281688,1,bad
9000001092-2,2021-04-05,13.0,106.55391120507373,1,bad
9000001092-2,2021-04-05,14.0,90.90909090909089,1,bad
9000001092-2,2021-04-05,15.0,94.36265709156194,1,bad
9000001092-2,2021-04-05,16.0,85.78993821712275,1,bad
9000001092-2,2021-04-05,17.0,82.8856485034535,1,bad
9000001092-2,2021-04-05,18.0,71.9486081370449,1,bad
9000001092-2,2021-04-05,19.0,106.27306273062729,1,bad
9000001092-2,2021-04-06,7.0,187.12871287128675,1,bad
9000001092-2,2021-04-06,8.0,160.3238866396762,1,bad
9000001092-2,2021-04-06,9.0,167.00336700336652,1,bad
9000001092-2,2021-04-06,10.0,153.5608308605336,1,bad
9000001092-2,2021-04-06,11.0,167.87564766839392,1,bad
9000001092-2,2021-04-07,7.0,173.98720682302832,1,bad
9000001092-2,2021-04-07,8.0,111.4707952146376,1,bad
9000001092-2,2021-04-07,9.0,121.43634385201283,1,bad
9000001092-2,2021-04-07,10.0,135.578201151971,1,bad
9000001092-2,2021-04-07,11.0,139.956803455723,1,bad
9000001092-2,2021-04-07,12.0,157.5406871609403,1,bad
9000001092-2,2021-04-07,13.0,148.9361702127659,1,bad
9000001092-2,2021-04-07,14.0,165.7198824681684,1,bad
9000001092-2,2021-04-07,15.0,212.3893805309736,1,bad
9000001092-2,2021-04-07,16.0,150.9933774834441,1,bad
9000001092-2,2021-04-07,17.0,150.7224898110408,1,bad
9000001092-2,2021-04-07,18.0,88.73720136518766,1,bad
9000001092-2,2021-04-07,19.0,94.69387755102028,1,bad
9000001092-2,2021-04-08,7.0,174.1935483870964,1,bad
9000001092-2,2021-04-08,8.0,172.4863883847546,1,bad
9000001092-2,2021-04-08,9.0,155.09309967141252,1,bad
9000001092-2,2021-04-08,10.0,100.78966259870786,1,bad
9000001092-2,2021-04-08,11.0,70.04405286343611,1,bad
9000001092-2,2021-04-08,12.0,143.7433155080212,1,bad
9000001092-2,2021-04-08,13.0,155.56355779618332,1,bad
9000001092-2,2021-04-08,14.0,162.2460288141854,1,bad
9000001092-2,2021-04-08,15.0,220.0294550810016,1,bad
9000001092-2,2021-04-08,16.0,211.20840630472915,1,bad
9000001092-2,2021-04-08,18.0,36.0935759376161,1,bad
9000001092-2,2021-04-08,19.0,125.23051131601049,1,bad
9000001092-2,2021-04-09,7.0,207.7172737107821,1,good
9000001092-2,2021-04-09,8.0,186.2299962783775,1,good
9000001092-2,2021-04-09,9.0,137.56308579668308,1,good
9000001092-2,2021-04-09,10.0,132.4675324675325,1,good
9000001092-2,2021-04-09,11.0,152.8491620111735,1,good
9000001092-2,2021-04-09,12.0,193.5483870967741,1,good
9000001092-2,2021-04-09,13.0,186.9455463397041,1,good
9000001092-2,2021-04-09,14.0,193.80530973451283,1,good
9000001092-2,2021-04-09,15.0,242.8726877040256,1,good
9000001092-2,2021-04-09,16.0,189.3899204244033,1,good
9000001092-2,2021-04-09,17.0,193.2764676367292,1,good
9000001092-2,2021-04-09,18.0,110.81794195250649,1,good
9000001092-2,2021-04-09,19.0,129.4964028776977,1,good
9000001092-2,2021-04-10,7.0,79.17701312522169,0,good
9000001092-2,2021-04-10,8.0,121.405750798722,0,good
9000001092-2,2021-04-10,9.0,163.341735685992,0,good
9000001092-2,2021-04-10,11.0,124.6537396121883,0,good
9000001092-2,2021-04-10,12.0,156.39697090474218,0,good
9000001092-2,2021-04-10,13.0,128.72639614302952,0,good
9000001092-2,2021-04-10,14.0,166.72841793256748,0,good
9000001092-2,2021-04-10,15.0,108.2299887260426,0,good
9000001092-2,2021-04-10,16.0,127.2084805653707,0,good
9000001092-2,2021-04-10,17.0,111.3402061855669,0,good
9000001092-2,2021-04-10,18.0,105.25536639526293,0,good
9000001092-2,2021-04-10,19.0,88.7136520453425,0,good
9000001092-2,2021-04-11,7.0,31.88191881918824,0,bad
9000001092-2,2021-04-11,8.0,41.87568157033809,0,bad
9000001092-2,2021-04-11,9.0,70.74235807860255,0,bad
9000001092-2,2021-04-11,10.0,71.63531114327063,0,bad
9000001092-2,2021-04-11,11.0,70.01834862385324,0,bad
9000001092-2,2021-04-11,12.0,102.89389067524101,0,bad
9000001092-2,2021-04-11,13.0,90.32258064516135,0,bad
9000001092-2,2021-04-11,14.0,84.0215439856373,0,bad
9000001092-2,2021-04-11,15.0,81.87725631768949,0,bad
9000001092-2,2021-04-11,16.0,80.58715596330279,0,bad
9000001092-2,2021-04-11,17.0,95.01466275659817,0,bad
9000001092-2,2021-04-11,18.0,97.1534195933456,0,bad
9000001092-2,2021-04-12,7.0,213.1666053696212,1,bad
9000001092-2,2021-04-12,8.0,206.0917431192663,1,bad
9000001092-2,2021-04-12,9.0,177.8951339117319,1,bad
9000001092-2,2021-04-12,10.0,159.174649963154,1,bad
9000001092-2,2021-04-12,11.0,162.1978021978025,1,bad
9000001092-2,2021-04-12,12.0,163.7593984962411,1,bad
9000001092-2,2021-04-12,13.0,191.2087912087912,1,bad
9000001092-2,2021-04-12,14.0,174.4082840236684,1,bad
9000001092-2,2021-04-12,15.0,241.61073825503468,1,bad
9000001092-2,2021-04-12,16.0,187.9303961495745,1,bad
9000001092-2,2021-04-12,17.0,150.56011949215878,1,bad
9000001092-2,2021-04-12,18.0,128.61830113014918,1,bad
9000001092-2,2021-04-13,7.0,201.4630577907828,1,bad
9000001092-2,2021-04-13,8.0,222.76243093922668,1,bad
9000001092-2,2021-04-13,9.0,170.87794432548208,1,bad
9000001092-2,2021-04-13,10.0,206.5359477124175,1,bad
9000001092-2,2021-04-13,11.0,200.14347202295568,1,bad
9000001092-2,2021-04-13,12.0,159.09422936449968,1,bad
9000001092-2,2021-04-13,13.0,178.3606557377053,1,bad
9000001092-2,2021-04-13,15.0,263.0921777451342,1,bad
9000001092-2,2021-04-13,16.0,217.48592870544098,1,bad
9000001092-2,2021-04-13,17.0,162.11388165240072,1,bad
9000001092-2,2021-04-13,18.0,122.57586972612933,1,bad
9000001092-2,2021-04-13,19.0,110.57481351469941,1,bad
9000001092-2,2021-04-14,7.0,210.0000000000004,1,good
9000001092-2,2021-04-14,8.0,195.75081022686413,1,good
9000001092-2,2021-04-14,9.0,148.4671532846712,1,good
9000001092-2,2021-04-14,10.0,79.91407089151447,1,good
9000001092-2,2021-04-14,11.0,76.62385321100928,1,good
9000001092-2,2021-04-14,12.0,163.2175502742228,1,good
9000001092-2,2021-04-14,13.0,186.2961188308579,1,good
9000001092-2,2021-04-14,15.0,204.63724756918478,1,good
9000001092-2,2021-04-14,16.0,204.711616571892,1,good
9000001092-2,2021-04-14,19.0,112.1107266435992,1,good
9000001092-2,2021-04-15,7.0,210.76978677267908,1,good
9000001092-2,2021-04-15,8.0,250.30942846741817,1,good
9000001092-2,2021-04-15,9.0,159.5020139143175,1,good
9000001092-2,2021-04-15,10.0,88.72779992751,1,good
9000001092-2,2021-04-15,11.0,144.3925233644855,1,good
9000001092-2,2021-04-15,12.0,158.4415584415591,1,good
9000001092-2,2021-04-15,13.0,195.338674435543,1,good
9000001092-2,2021-04-15,14.0,218.1818181818186,1,good
9000001092-2,2021-04-15,15.0,242.59121370066921,1,good
9000001092-2,2021-04-15,16.0,216.02842479273562,1,good
9000001092-2,2021-04-15,18.0,49.6829541215964,1,good
9000001092-2,2021-04-15,19.0,137.1301775147928,1,good
9000001092-2,2021-04-16,7.0,226.72005824535793,1,good
9000001092-2,2021-04-16,8.0,219.24324324324272,1,good
9000001092-2,2021-04-16,9.0,175.5146262188512,1,good
9000001092-2,2021-04-16,10.0,117.54574811625339,1,good
9000001092-2,2021-04-16,11.0,102.3696682464454,1,good
9000001092-2,2021-04-16,12.0,201.2587930396142,1,good
9000001092-2,2021-04-16,13.0,212.93166789125635,1,good
9000001092-2,2021-04-16,14.0,215.89205397301328,1,good
9000001092-2,2021-04-16,15.0,277.3313674898652,1,good
9000001092-2,2021-04-16,16.0,202.2026431718065,1,good
9000001092-2,2021-04-16,18.0,49.45878434637801,1,good
9000001092-2,2021-04-16,19.0,142.7492447129904,1,good
9000001092-2,2021-04-17,6.0,71.56726768377251,0,good
9000001092-2,2021-04-17,7.0,91.80327868852461,0,good
9000001092-2,2021-04-17,8.0,131.07426099495348,0,good
9000001092-2,2021-04-17,9.0,172.11155378486052,0,good
9000001092-2,2021-04-17,10.0,110.98511693834169,0,good
9000001092-2,2021-04-17,11.0,150.92157571376907,0,good
9000001092-2,2021-04-17,12.0,178.1791907514444,0,good
9000001092-2,2021-04-17,13.0,158.61321776814717,0,good
9000001092-2,2021-04-17,14.0,139.42272561198422,0,good
9000001092-2,2021-04-17,15.0,111.16071428571414,0,good
9000001092-2,2021-04-17,16.0,126.3157894736843,0,good
9000001092-2,2021-04-17,19.0,123.12267657992611,0,good
9000001092-2,2021-04-18,6.0,12.3468887800098,0,bad
9000001092-2,2021-04-18,7.0,24.0760295670539,0,bad
9000001092-2,2021-04-18,8.0,38.40682788051211,0,bad
9000001092-2,2021-04-18,9.0,94.32878679109835,0,bad
9000001092-2,2021-04-18,10.0,100.50107372942026,0,bad
9000001092-2,2021-04-18,11.0,127.97127468581701,0,bad
9000001092-2,2021-04-18,12.0,89.86975397973944,0,bad
9000001092-2,2021-04-18,13.0,89.19210053859959,0,bad
9000001092-2,2021-04-18,14.0,78.64798021434456,0,bad
9000001092-2,2021-04-18,16.0,88.8566243194192,0,bad
9000001092-2,2021-04-18,17.0,96.41398093508859,0,bad
9000001092-2,2021-04-18,18.0,106.0382916053019,0,bad
9000001092-2,2021-04-18,19.0,113.8576779026219,0,bad
9000001092-2,2021-04-19,6.0,184.5188284518827,1,bad
9000001092-2,2021-04-19,7.0,240.1730977280915,1,bad
9000001092-2,2021-04-19,8.0,235.8253145817908,1,bad
9000001092-2,2021-04-19,9.0,170.6098457016895,1,bad
9000001092-2,2021-04-19,11.0,179.7304043934103,1,bad
9000001092-2,2021-04-19,12.0,178.05875790256582,1,bad
9000001092-2,2021-04-19,13.0,185.7013574660635,1,bad
9000001092-2,2021-04-19,14.0,177.60910815939312,1,bad
9000001092-2,2021-04-19,15.0,230.0643086816719,1,bad
9000001092-2,2021-04-19,16.0,212.0503597122307,1,bad
9000001092-2,2021-04-19,17.0,205.6379821958457,1,bad
9000001092-2,2021-04-19,18.0,107.74410774410771,1,bad
9000001092-2,2021-04-19,19.0,118.14671814671772,1,bad
9000001092-2,2021-04-20,7.0,234.16726233023604,1,bad
9000001092-2,2021-04-20,8.0,252.0,1,bad
9000001092-2,2021-04-20,9.0,186.43326039387296,1,bad
9000001092-2,2021-04-20,10.0,131.48936170212795,1,bad
9000001092-2,2021-04-20,11.0,133.8526912181301,1,bad
9000001092-2,2021-04-20,12.0,186.20689655172484,1,bad
9000001092-2,2021-04-20,13.0,187.01298701298728,1,bad
9000001092-2,2021-04-20,14.0,204.77064220183428,1,bad
9000001092-2,2021-04-20,16.0,238.70270270270208,1,bad
9000001092-2,2021-04-20,18.0,145.54310764734538,1,bad
9000001092-2,2021-04-20,19.0,115.9999999999997,1,bad
9000001092-2,2021-04-21,6.0,134.8108521207487,1,bad
9000001092-2,2021-04-21,7.0,200.4395604395599,1,bad
9000001092-2,2021-04-21,8.0,186.2738052461369,1,bad
9000001092-2,2021-04-21,9.0,156.52173913043418,1,bad
9000001092-2,2021-04-21,10.0,166.54804270462677,1,bad
9000001092-2,2021-04-21,11.0,161.0474631751228,1,bad
9000001092-2,2021-04-21,12.0,162.8959276018097,1,bad
9000001092-2,2021-04-21,13.0,190.69767441860475,1,bad
9000001092-2,2021-04-21,14.0,150.81081081081132,1,bad
9000001092-2,2021-04-21,15.0,244.7227191413235,1,bad
9000001092-2,2021-04-21,16.0,189.8370086289556,1,bad
9000001092-2,2021-04-21,18.0,110.0552486187846,1,bad
9000001092-2,2021-04-21,19.0,107.8498293515357,1,bad
9000001092-2,2021-04-22,6.0,126.03938730853405,1,good
9000001092-2,2021-04-22,7.0,205.4558506819814,1,good
9000001092-2,2021-04-22,8.0,219.70588235294068,1,good
9000001092-2,2021-04-22,9.0,155.4904831625183,1,good
9000001092-2,2021-04-22,10.0,175.574940523394,1,good
9000001092-2,2021-04-22,11.0,191.34162023146098,1,good
9000001092-2,2021-04-22,13.0,185.49346016646882,1,good
9000001092-2,2021-04-22,14.0,184.14322250639364,1,good
9000001092-2,2021-04-22,15.0,281.5642458100564,1,good
9000001092-2,2021-04-22,16.0,246.7564259485921,1,good
9000001092-2,2021-04-22,17.0,173.4279918864102,1,good
9000001092-2,2021-04-22,19.0,104.13223140495883,1,good
9000001092-2,2021-04-23,6.0,119.72157772621759,1,good
9000001092-2,2021-04-23,7.0,212.9244249726183,1,good
9000001092-2,2021-04-23,8.0,236.9654146522875,1,good
9000001092-2,2021-04-23,9.0,194.84199055575715,1,good
9000001092-2,2021-04-23,10.0,104.55360344209403,1,good
9000001092-2,2021-04-23,11.0,140.69558981713902,1,good
9000001092-2,2021-04-23,12.0,201.54696132596771,1,good
9000001092-2,2021-04-23,13.0,247.86450662739344,1,good
9000001092-2,2021-04-23,15.0,282.6666666666673,1,good
9000001092-2,2021-04-23,16.0,225.72972972972877,1,good
9000001092-2,2021-04-23,17.0,156.6920565832425,1,good
9000001092-2,2021-04-23,19.0,139.84461709212027,1,good
9000001092-2,2021-04-24,6.0,82.88444830582108,0,good
9000001092-2,2021-04-24,7.0,95.24490525563085,0,good
9000001092-2,2021-04-24,8.0,159.0152063721936,0,good
9000001092-2,2021-04-24,9.0,125.43103448275829,0,good
9000001092-2,2021-04-24,10.0,88.6826133523741,0,good
9000001092-2,2021-04-24,11.0,118.15911523367787,0,good
9000001092-2,2021-04-24,12.0,160.3448275862069,0,good
9000001092-2,2021-04-24,13.0,129.3255131964805,0,good
9000001092-2,2021-04-24,14.0,148.8372093023255,0,good
9000001092-2,2021-04-24,15.0,145.9278542208993,0,good
9000001092-2,2021-04-24,16.0,142.2570309718761,0,good
9000001092-2,2021-04-24,17.0,91.40369967355821,0,good
9000001092-2,2021-04-24,19.0,139.96261682242937,0,good
9000001092-2,2021-04-25,6.0,30.791161796151094,0,good
9000001092-2,2021-04-25,7.0,34.8637015781923,0,good
9000001092-2,2021-04-25,8.0,74.63902258422817,0,good
9000001092-2,2021-04-25,9.0,77.66990291262123,0,good
9000001092-2,2021-04-25,10.0,40.923623445825896,0,good
9000001092-2,2021-04-25,11.0,70.46031170714036,0,good
9000001092-2,2021-04-25,12.0,107.75333573746877,0,good
9000001092-2,2021-04-25,13.0,82.08900331004052,0,good
9000001092-2,2021-04-25,14.0,102.40700218818387,0,good
9000001092-2,2021-04-25,15.0,107.64119601328899,0,good
9000001092-2,2021-04-25,16.0,133.2858668565321,0,good
9000001092-2,2021-04-25,17.0,89.7755610972569,0,good
9000001092-2,2021-04-25,19.0,141.46541137945124,0,good
9000001092-2,2021-04-26,6.0,151.12871287128678,1,bad
9000001092-2,2021-04-26,7.0,229.3922651933702,1,bad
9000001092-2,2021-04-26,8.0,204.90011307953273,1,bad
9000001092-2,2021-04-26,9.0,144.93696624644167,1,bad
9000001092-2,2021-04-26,10.0,226.4320479221259,1,bad
9000001092-2,2021-04-26,11.0,192.6199261992619,1,bad
9000001092-2,2021-04-26,12.0,171.9101123595498,1,bad
9000001092-2,2021-04-26,14.0,167.10875331565015,1,bad
9000001092-2,2021-04-26,16.0,200.4484304932738,1,bad
9000001092-2,2021-04-26,17.0,224.17582417582392,1,bad
9000001092-2,2021-04-26,18.0,175.3159851301118,1,bad
9000001092-2,2021-04-26,19.0,134.9304482225662,1,bad
9000001092-2,2021-04-27,7.0,179.4273594909864,1,bad
9000001092-2,2021-04-27,8.0,150.5407354001439,1,bad
9000001092-2,2021-04-27,9.0,171.8625678119352,1,bad
9000001092-2,2021-04-27,10.0,151.8227305218015,1,bad
9000001092-2,2021-04-27,11.0,161.44665461121159,1,bad
9000001092-2,2021-04-27,12.0,150.38140210679222,1,bad
9000001092-2,2021-04-27,14.0,135.647756138865,1,bad
9000001092-2,2021-04-27,15.0,139.72903698279052,1,bad
9000001092-2,2021-04-27,16.0,111.32637853949319,1,bad
9000001092-2,2021-04-27,17.0,122.54758418740835,1,bad
9000001092-2,2021-04-27,18.0,100.297176820208,1,bad
9000001092-2,2021-04-27,19.0,89.3333333333333,1,bad
9000001092-2,2021-04-28,6.0,102.5316455696203,1,good
9000001092-2,2021-04-28,7.0,228.65208186309064,1,good
9000001092-2,2021-04-28,8.0,196.174666185493,1,good
9000001092-2,2021-04-28,9.0,163.4594594594595,1,good
9000001092-2,2021-04-28,10.0,203.2903512672296,1,good
9000001092-2,2021-04-28,11.0,187.17748240813108,1,good
9000001092-2,2021-04-28,12.0,159.28057553956768,1,good
9000001092-2,2021-04-28,13.0,157.872034507548,1,good
9000001092-2,2021-04-28,14.0,204.09448818897638,1,good
9000001092-2,2021-04-28,17.0,220.3812316715534,1,good
9000001092-2,2021-04-28,18.0,181.247719810288,1,good
9000001092-2,2021-04-28,19.0,158.9225589225588,1,good
9000001092-2,2021-04-29,7.0,238.51474335638864,1,good
9000001092-2,2021-04-29,8.0,249.6644295302025,1,good
9000001092-2,2021-04-29,9.0,196.50946899368742,1,good
9000001092-2,2021-04-29,10.0,197.8170869401579,1,good
9000001092-2,2021-04-29,11.0,264.2082429501087,1,good
9000001092-2,2021-04-29,12.0,196.99757869249322,1,good
9000001092-2,2021-04-29,13.0,218.1818181818187,1,good
9000001092-2,2021-04-29,15.0,246.0687475306201,1,good
9000001092-2,2021-04-29,16.0,254.0497193263839,1,good
9000001092-2,2021-04-29,17.0,223.09111029140502,1,good
9000001092-2,2021-04-29,18.0,178.93961708394738,1,good
9000001092-2,2021-04-30,6.0,137.90645879732716,1,bad
9000001092-2,2021-04-30,7.0,215.46134663341613,1,bad
9000001092-2,2021-04-30,8.0,238.5861561119294,1,bad
9000001092-2,2021-04-30,9.0,260.79999999999905,1,bad
9000001092-2,2021-04-30,13.0,248.5488126649078,1,bad
9000001092-2,2021-04-30,16.0,253.5464535464542,1,bad
9000001092-2,2021-04-30,17.0,231.84,1,bad
9000001092-2,2021-04-30,18.0,208.8323353293418,1,bad
9000001092-2,2021-04-30,19.0,158.8042289464088,1,bad
9000001092-2,2021-05-01,6.0,22.352081811541286,0,good
9000001092-2,2021-05-01,7.0,25.659301496792562,0,good
9000001092-2,2021-05-01,8.0,78.68147617341467,0,good
9000001092-2,2021-05-01,9.0,100.592718035563,0,good
9000001092-2,2021-05-01,10.0,126.17568766637115,0,good
9000001092-2,2021-05-01,11.0,133.71428571428615,0,good
9000001092-2,2021-05-01,12.0,130.5767138193685,0,good
9000001092-2,2021-05-01,13.0,126.7241379310343,0,good
9000001092-2,2021-05-01,14.0,117.10526315789443,0,good
9000001092-2,2021-05-01,16.0,88.06789815277091,0,good
9000001092-2,2021-05-01,17.0,114.4720750101916,0,good
9000001092-2,2021-05-01,18.0,118.61849940452531,0,good
9000001092-2,2021-05-01,19.0,120.8311134789563,0,good
9000001092-2,2021-05-02,7.0,19.0677966101695,0,bad
9000001092-2,2021-05-02,8.0,51.57593123209168,0,bad
9000001092-2,2021-05-02,9.0,84.9364791288566,0,bad
9000001092-2,2021-05-02,10.0,105.76713819368908,0,bad
9000001092-2,2021-05-02,11.0,115.03267973856161,0,bad
9000001092-2,2021-05-02,15.0,113.84496721943724,0,bad
9000001092-2,2021-05-02,16.0,112.20779220779205,0,bad
9000001092-2,2021-05-02,17.0,107.03517587939707,0,bad
9000001092-2,2021-05-02,18.0,109.6910706728734,0,bad
9000001092-2,2021-05-02,19.0,96.46445850390762,0,bad
9000001092-2,2021-05-03,6.0,160.0000000000003,1,good
9000001092-2,2021-05-03,7.0,218.70397643593512,1,good
9000001092-2,2021-05-03,8.0,219.8171846435103,1,good
9000001092-2,2021-05-03,9.0,160.0624024961003,1,good
9000001092-2,2021-05-03,10.0,64.88824801730358,1,good
9000001092-2,2021-05-03,11.0,122.33628318584103,1,good
9000001092-2,2021-05-03,12.0,173.1385821161373,1,good
9000001092-2,2021-05-03,13.0,208.86486486486388,1,good
9000001092-2,2021-05-03,14.0,180.00000000000017,1,good
9000001092-2,2021-05-03,15.0,237.5044818931523,1,good
9000001092-2,2021-05-03,16.0,238.10775295663623,1,good
9000001092-2,2021-05-03,17.0,144.4444444444444,1,good
9000001092-2,2021-05-03,19.0,151.1034184335785,1,good
9000001092-2,2021-05-04,6.0,123.1418918918922,1,good
9000001092-2,2021-05-04,7.0,246.0687475306193,1,good
9000001092-2,2021-05-04,8.0,245.9943449575869,1,good
9000001092-2,2021-05-04,9.0,173.77189235369542,1,good
9000001092-2,2021-05-04,10.0,112.15445370776659,1,good
9000001092-2,2021-05-04,11.0,194.55252918287948,1,good
9000001092-2,2021-05-04,12.0,196.63244353182745,1,good
9000001092-2,2021-05-04,13.0,193.41421143847532,1,good
9000001092-2,2021-05-04,14.0,214.32558139534862,1,good
9000001092-2,2021-05-04,15.0,240.5491990846683,1,good
9000001092-2,2021-05-04,16.0,229.5358649789027,1,good
9000001092-2,2021-05-04,19.0,137.32970027247976,1,good
9000001092-2,2021-05-05,6.0,123.92947103274548,1,bad
9000001092-2,2021-05-05,7.0,248.60139860139958,1,bad
9000001092-2,2021-05-05,8.0,229.9954689623924,1,bad
9000001092-2,2021-05-05,10.0,92.2232387923148,1,bad
9000001092-2,2021-05-05,11.0,152.0702634880807,1,bad
9000001092-2,2021-05-05,12.0,171.8073353954926,1,bad
9000001092-2,2021-05-05,14.0,241.98552223371334,1,bad
9000001092-2,2021-05-05,16.0,254.85055060304228,1,bad
9000001092-2,2021-05-05,17.0,184.10041841004139,1,bad
9000001092-2,2021-05-05,18.0,163.86913229018478,1,bad
9000001092-2,2021-05-05,19.0,124.53874538745441,1,bad
9000001092-2,2021-05-06,6.0,140.2390438247015,1,bad
9000001092-2,2021-05-06,7.0,242.97520661156975,1,bad
9000001092-2,2021-05-06,8.0,227.8481012658223,1,bad
9000001092-2,2021-05-06,9.0,211.66347992351828,1,bad
9000001092-2,2021-05-06,10.0,215.28861154446219,1,bad
9000001092-2,2021-05-06,13.0,208.53080568720384,1,bad
9000001092-2,2021-05-06,14.0,208.2334549244405,1,bad
9000001092-2,2021-05-06,15.0,255.10489510489523,1,bad
9000001092-2,2021-05-06,19.0,163.49065004452342,1,bad
9000001092-2,2021-05-07,7.0,253.7653239929947,1,bad
9000001092-2,2021-05-07,8.0,235.5140186915893,1,bad
9000001092-2,2021-05-07,9.0,222.45283018867988,1,bad
9000001092-2,2021-05-07,10.0,213.58695652173895,1,bad
9000001092-2,2021-05-07,11.0,230.8788598574827,1,bad
9000001092-2,2021-05-07,12.0,239.7839783978393,1,bad
9000001092-2,2021-05-07,13.0,210.1167315175096,1,bad
9000001092-2,2021-05-07,14.0,189.80667838312883,1,bad
9000001092-2,2021-05-07,17.0,242.1052631578942,1,bad
9000001092-2,2021-05-07,18.0,144.3280182232348,1,bad
9000001092-2,2021-05-07,19.0,76.10294117647061,1,bad
9000001092-2,2021-05-08,6.0,66.66666666666661,0,good
9000001092-2,2021-05-08,7.0,112.36665349664213,0,good
9000001092-2,2021-05-08,8.0,159.59780621572253,0,good
9000001092-2,2021-05-08,9.0,152.70108043217297,0,good
9000001092-2,2021-05-08,10.0,72.26546497337154,0,good
9000001092-2,2021-05-08,11.0,219.9680511182109,0,good
9000001092-2,2021-05-08,12.0,168.0766161213092,0,good
9000001092-2,2021-05-08,13.0,139.45480631276857,0,good
9000001092-2,2021-05-08,14.0,152.9085872576172,0,good
9000001092-2,2021-05-08,16.0,164.5885286783047,0,good
9000001092-2,2021-05-08,17.0,95.4545454545455,0,good
9000001092-2,2021-05-08,18.0,69.7149004841312,0,good
9000001092-2,2021-05-09,6.0,27.996340347666997,0,good
9000001092-2,2021-05-09,7.0,52.83326538931913,0,good
9000001092-2,2021-05-09,8.0,99.6644295302012,0,good
9000001092-2,2021-05-09,9.0,43.79194630872485,0,good
9000001092-2,2021-05-09,10.0,36.76470588235292,0,good
9000001092-2,2021-05-09,11.0,138.67488443759592,0,good
9000001092-2,2021-05-09,12.0,126.44942869233981,0,good
9000001092-2,2021-05-09,13.0,93.15789473684215,0,good
9000001092-2,2021-05-09,14.0,106.22950819672143,0,good
9000001092-2,2021-05-09,15.0,100.04631773969432,0,good
9000001092-2,2021-05-09,16.0,134.45237096097352,0,good
9000001092-2,2021-05-09,17.0,93.1552587646077,0,good
9000001092-2,2021-05-09,18.0,37.402597402597436,0,good
9000001092-2,2021-05-10,6.0,174.44253859348203,1,good
9000001092-2,2021-05-10,7.0,274.88500459981583,1,good
9000001092-2,2021-05-10,8.0,222.5848003434956,1,good
9000001092-2,2021-05-10,9.0,117.6158940397353,1,good
9000001092-2,2021-05-10,10.0,83.89830508474574,1,good
9000001092-2,2021-05-10,11.0,168.77487837240122,1,good
9000001092-2,2021-05-10,12.0,162.0530079932684,1,good
9000001092-2,2021-05-10,13.0,170.8146821844224,1,good
9000001092-2,2021-05-10,14.0,201.4324082363471,1,good
9000001092-2,2021-05-10,15.0,208.34454912516838,1,good
9000001092-2,2021-05-10,16.0,195.26916802610162,1,good
9000001092-2,2021-05-10,17.0,146.78515420805022,1,good
9000001092-2,2021-05-10,19.0,125.4355400696864,1,good
9000001092-2,2021-05-11,6.0,132.43606998654099,1,good
9000001092-2,2021-05-11,7.0,231.7044100119183,1,good
9000001092-2,2021-05-11,8.0,271.3324360699862,1,good
9000001092-2,2021-05-11,9.0,161.017644645056,1,good
9000001092-2,2021-05-11,10.0,124.6095398902492,1,good
9000001092-2,2021-05-11,11.0,180.0857551214859,1,good
9000001092-2,2021-05-11,12.0,185.8568329718005,1,good
9000001092-2,2021-05-11,13.0,238.706199460916,1,good
9000001092-2,2021-05-11,14.0,212.87779237844987,1,good
9000001092-2,2021-05-11,15.0,288.96860986547057,1,good
9000001092-2,2021-05-11,16.0,263.55748373101926,1,good
9000001092-2,2021-05-11,17.0,242.8301886792459,1,good
9000001092-2,2021-05-11,18.0,184.4522968197881,1,good
9000001092-2,2021-05-12,7.0,206.87853722246462,1,good
9000001092-2,2021-05-12,8.0,208.6476540938368,1,good
9000001092-2,2021-05-12,9.0,170.73825503355647,1,good
9000001092-2,2021-05-12,10.0,162.132352941177,1,good
9000001092-2,2021-05-12,11.0,171.051473823141,1,good
9000001092-2,2021-05-12,12.0,200.5221932114881,1,good
9000001092-2,2021-05-12,13.0,164.69500924214412,1,good
9000001092-2,2021-05-12,14.0,217.10331191300094,1,good
9000001092-2,2021-05-12,15.0,250.4936530324398,1,good
9000001092-2,2021-05-12,17.0,235.89242053789724,1,good
9000001092-2,2021-05-12,18.0,206.98151950718702,1,good
9000001092-2,2021-05-12,19.0,144.5138269402314,1,good
9000001092-2,2021-05-13,6.0,132.9729729729736,1,good
9000001092-2,2021-05-13,7.0,233.922599139991,1,good
9000001092-2,2021-05-13,8.0,257.61467889908374,1,good
9000001092-2,2021-05-13,9.0,211.4819759679578,1,good
9000001092-2,2021-05-13,10.0,190.2879243661367,1,good
9000001092-2,2021-05-13,13.0,183.0762817840768,1,good
9000001092-2,2021-05-13,15.0,251.16279069767398,1,good
9000001092-2,2021-05-13,16.0,254.6572934973642,1,good
9000001092-2,2021-05-13,17.0,244.0931780366055,1,good
9000001092-2,2021-05-13,18.0,179.005524861878,1,good
9000001092-2,2021-05-13,19.0,144.8462929475582,1,good
9000001092-2,2021-05-14,6.0,134.90759753593488,1,bad
9000001092-2,2021-05-14,7.0,247.92926942764132,1,bad
9000001092-2,2021-05-14,8.0,219.94609164420478,1,bad
9000001092-2,2021-05-14,9.0,196.3931469792601,1,bad
9000001092-2,2021-05-14,10.0,199.3645029505219,1,bad
9000001092-2,2021-05-14,11.0,206.07661822985477,1,bad
9000001092-2,2021-05-14,13.0,260.6965174129355,1,bad
9000001092-2,2021-05-14,14.0,250.3100088573954,1,bad
9000001092-2,2021-05-14,15.0,248.9719626168219,1,bad
9000001092-2,2021-05-14,18.0,150.55147058823536,1,bad
9000001092-2,2021-05-14,19.0,173.1397459165153,1,bad
9000001092-2,2021-05-15,6.0,55.52699228791783,0,good
9000001092-2,2021-05-15,7.0,83.8709677419354,0,good
9000001092-2,2021-05-15,8.0,154.30916552667588,0,good
9000001092-2,2021-05-15,9.0,132.0603015075371,0,good
9000001092-2,2021-05-15,13.0,151.59817351598122,0,good
9000001092-2,2021-05-15,14.0,184.7064627528364,0,good
9000001092-2,2021-05-15,15.0,132.4414715719062,0,good
9000001092-2,2021-05-15,16.0,176.91882937603492,0,good
9000001092-2,2021-05-15,18.0,136.3374880153404,0,good
9000001092-2,2021-05-15,19.0,131.97879858657222,0,good
9000001092-2,2021-05-16,6.0,16.356201726488,0,good
9000001092-2,2021-05-16,7.0,33.99280575539575,0,good
9000001092-2,2021-05-16,8.0,85.03937007874009,0,good
9000001092-2,2021-05-16,9.0,118.68131868131832,0,good
9000001092-2,2021-05-16,10.0,140.50303555941002,0,good
9000001092-2,2021-05-16,11.0,133.616118769883,0,good
9000001092-2,2021-05-16,14.0,129.26045016077154,0,good
9000001092-2,2021-05-16,15.0,122.1124946328901,0,good
9000001092-2,2021-05-16,16.0,143.3361274098914,0,good
9000001092-2,2021-05-16,17.0,144.4493981275075,0,good
9000001092-2,2021-05-16,18.0,137.1582250112059,0,good
9000001092-2,2021-05-16,19.0,122.4622030237581,0,good
9000001092-2,2021-05-17,6.0,154.68030690537051,1,good
9000001092-2,2021-05-17,7.0,258.8936170212774,1,good
9000001092-2,2021-05-17,8.0,210.2684879886955,1,good
9000001092-2,2021-05-17,9.0,154.9933422103858,1,good
9000001092-2,2021-05-17,10.0,203.32749562171654,1,good
9000001092-2,2021-05-17,11.0,155.1102204408814,1,good
9000001092-2,2021-05-17,13.0,208.08270676691703,1,good
9000001092-2,2021-05-17,14.0,213.8488576449912,1,good
9000001092-2,2021-05-17,15.0,250.22703457911345,1,good
9000001092-2,2021-05-17,16.0,239.42108890420315,1,good
9000001092-2,2021-05-17,20.0,112.13748657357701,1,good
9000001092-2,2021-05-18,6.0,110.60716898317476,1,good
9000001092-2,2021-05-18,7.0,253.11475409836132,1,good
9000001092-2,2021-05-18,8.0,229.7872340425539,1,good
9000001092-2,2021-05-18,9.0,107.2931276297334,1,good
9000001092-2,2021-05-18,10.0,142.5238600212096,1,good
